1	1	90.168505	83.347560	22.030845	69.844914	89.326450	23.085585	74.400278	15.790752	0.527160	0.293341	0.914656	0.557446	0.593997	0.461999	0.603056	0.592389	88.146254	5.000000	41.188241	10.544499	1.000000	0.399942	1.195371	6.000000	0.015973	13.485650	2.000000	0.022298	0.641272	3.000000	0.012055	0.529798	5.000000	0.016016	0.453034	6.000000	0.023238	1.496607	4.000000	0.027396	1.004012	6.000000	21.785327	13.792560	1.000000	0.018923	1.173229	2.000000	69.003323	22.685884	4.000000	0.053140	3.961123	3.000000	0.014823	0.400881	5.000000	0.010751	42.330099	6.000000	0.034537	0.777768	5.000000	0.052549
2	2	63.005911	31.061226	16.215156	93.437678	42.078856	29.439169	94.861548	33.674807	0.620529	0.469099	0.259116	0.413031	0.180032	0.982824	0.945286	0.512987	71.265235	1.000000	6.745094	2.634252	3.000000	0.082240	0.779226	2.000000	0.029005	8.937491	5.000000	0.015547	0.560899	4.000000	0.011501	1.632565	6.000000	0.130744	1.223971	3.000000	0.106635	0.439251	3.000000	0.011061	0.369015	1.000000	92.207272	3.015818	4.000000	0.130504	1.347251	3.000000	28.741998	17.514020	5.000000	0.017262	5.600133	5.000000	0.243755	0.244277	5.000000	0.130574	29.272819	4.000000	0.018913	58.935452	2.000000	0.094944
3	1	16.638181	57.635162	26.199428	37.724876	5.675124	76.949186	87.577753	76.037383	0.517694	0.968441	0.634359	0.494997	0.467349	0.530224	0.365119	0.164185	85.410825	3.000000	52.177114	4.764569	1.000000	0.099086	1.221641	3.000000	0.033543	2.022975	5.000000	0.016955	0.933120	2.000000	0.011048	0.155883	2.000000	0.020384	0.345578	3.000000	0.014147	0.632283	1.000000	0.382847	0.348390	4.000000	87.992488	9.199865	4.000000	0.014919	1.147346	1.000000	5.538578	41.088629	5.000000	0.023661	1.280986	1.000000	0.016251	1.419303	3.000000	0.010726	49.867687	4.000000	0.360326	31.642146	2.000000	0.012520
4	2	26.625808	17.167508	8.291938	93.560377	32.688311	66.899140	94.079173	62.244808	0.573253	0.277955	0.258692	0.701375	0.706616	0.875138	0.638856	0.113008	141.896989	1.000000	40.866632	9.286874	2.000000	0.013447	0.339084	5.000000	0.044664	7.639179	5.000000	0.024972	0.089813	4.000000	0.060669	0.261800	4.000000	0.030579	0.467210	5.000000	0.011613	0.573015	1.000000	0.011722	0.532381	2.000000	11.746072	7.246810	3.000000	0.014358	1.176160	2.000000	55.370985	56.313808	3.000000	0.014412	2.054446	2.000000	0.054854	0.989215	6.000000	0.161546	23.311129	5.000000	0.087229	54.509537	6.000000	0.026883
5	1	28.153678	57.422353	29.208665	62.872306	1.022297	2.219759	62.909288	9.135674	0.728873	0.708054	0.894700	0.648525	0.115807	0.992018	0.567582	0.429767	31.024570	3.000000	92.826740	1.449113	5.000000	0.035187	0.340380	4.000000	0.020543	13.410510	1.000000	0.011306	0.092732	2.000000	0.048175	0.084931	6.000000	0.017892	1.138985	6.000000	0.035549	0.071117	6.000000	0.032636	0.147854	4.000000	57.252456	1.503935	5.000000	0.020484	1.132395	4.000000	15.167331	4.006091	3.000000	0.012306	11.204640	1.000000	0.013390	0.502673	6.000000	0.013265	48.039903	6.000000	0.040384	38.328092	4.000000	0.022428
6	1	55.999358	6.450567	46.777959	71.661601	53.948674	76.107277	66.089917	31.627984	0.902322	0.967063	0.617503	0.616483	0.914561	0.702381	0.335529	0.175758	146.844621	5.000000	80.742222	3.653324	5.000000	0.012255	0.425897	1.000000	0.118375	4.767421	3.000000	0.027258	0.098097	1.000000	0.090413	0.958455	3.000000	0.031793	0.574919	6.000000	0.016958	0.587198	1.000000	0.013377	0.317295	6.000000	37.195067	10.909988	6.000000	0.026058	0.180703	4.000000	74.991166	44.894142	6.000000	0.116633	7.575350	3.000000	0.148676	0.131277	2.000000	0.026034	15.727180	1.000000	0.045775	33.016065	6.000000	0.012297
7	2	68.926240	73.761399	42.949045	67.688655	44.260609	84.179249	30.819473	93.848019	0.783986	0.982977	0.478374	0.281276	0.591721	0.375015	0.876065	0.152469	170.372030	5.000000	79.998398	1.929235	5.000000	0.033708	0.374274	5.000000	0.077045	13.720126	3.000000	0.027998	0.381523	6.000000	0.019052	1.618880	3.000000	0.019766	0.673455	4.000000	0.028720	0.069321	4.000000	0.011602	0.752891	3.000000	98.513775	10.131044	5.000000	0.012812	0.740843	2.000000	9.725980	22.049401	2.000000	0.062669	1.890256	1.000000	0.015170	1.667432	6.000000	0.012706	19.895413	3.000000	0.034190	21.816092	3.000000	0.016395
8	1	64.381969	1.397479	32.786003	22.425423	23.708440	3.102309	15.163172	65.591121	0.603349	0.260907	0.470362	0.198982	0.557883	0.781272	0.344669	0.641515	143.698364	5.000000	5.108870	11.825069	5.000000	0.013169	0.659364	1.000000	0.048744	3.716437	1.000000	0.050137	0.628882	2.000000	0.016673	1.176048	3.000000	0.013755	0.258981	4.000000	0.012806	1.470618	1.000000	0.012969	0.983040	4.000000	34.114600	0.380022	2.000000	0.143252	0.713212	4.000000	74.843051	51.228698	2.000000	0.294447	7.401383	4.000000	0.012464	1.085823	6.000000	0.083059	10.953410	2.000000	0.029877	50.583832	2.000000	0.017550
9	1	25.915552	74.481124	90.726349	43.982002	70.907317	83.138690	45.618139	78.485046	0.201609	0.546184	0.175181	0.960531	0.243840	0.515905	0.555185	0.643266	85.837392	2.000000	32.015949	2.883440	1.000000	0.035947	0.625280	5.000000	0.035813	11.851370	3.000000	0.042276	0.317951	6.000000	0.017381	0.536076	1.000000	0.015625	1.251007	4.000000	0.010335	1.528433	3.000000	0.010159	1.077957	3.000000	79.381124	10.963569	2.000000	0.127132	1.382735	3.000000	22.562743	37.575867	4.000000	0.040631	11.712114	2.000000	0.016500	0.933674	2.000000	0.309249	53.117844	2.000000	0.010764	16.701453	3.000000	0.023479
10	2	88.929124	58.491277	72.948572	24.483021	22.029197	41.346084	3.884716	54.741332	0.308651	0.349075	0.831442	0.657826	0.139319	0.427188	0.654446	0.391653	54.373013	5.000000	32.688171	10.585097	3.000000	0.010390	0.778186	2.000000	0.015544	7.480769	5.000000	0.024013	0.452556	6.000000	0.079962	1.272738	4.000000	0.014717	0.492185	3.000000	0.010340	0.489740	4.000000	0.063310	0.823982	2.000000	71.588143	11.171207	4.000000	0.020230	0.363073	4.000000	68.099558	9.407288	6.000000	0.036416	9.555773	4.000000	0.014667	1.182125	5.000000	0.023505	21.527672	5.000000	0.027156	34.749103	2.000000	0.058661
11	2	54.572855	73.749910	57.366708	48.933958	66.555660	2.210823	14.664306	24.928732	0.735983	0.889858	0.910097	0.942732	0.167926	0.435611	0.718122	0.332158	52.709209	2.000000	99.676069	8.247714	1.000000	0.013316	0.607844	3.000000	0.017312	7.391503	1.000000	0.062616	0.350765	5.000000	0.014897	0.869553	3.000000	0.021320	1.228778	2.000000	0.025949	1.544003	1.000000	0.085485	0.033525	2.000000	70.299429	2.735240	5.000000	0.010698	0.722488	3.000000	62.220650	22.128567	5.000000	0.054295	12.093726	2.000000	0.024654	1.170507	1.000000	0.010202	33.672732	3.000000	0.045041	25.715683	3.000000	0.017699
12	3	5.748146	62.212455	22.918380	88.310223	68.852563	60.198368	93.155350	15.051931	0.532556	0.377050	0.423896	0.121034	0.613071	0.559480	0.124356	0.411402	3.792285	2.000000	79.540650	6.277327	3.000000	0.030003	0.608672	2.000000	0.024423	1.829444	1.000000	0.020175	1.220089	6.000000	0.020280	1.263438	4.000000	0.015048	0.841588	5.000000	0.037038	0.573613	3.000000	0.012884	1.055363	6.000000	30.729234	13.855201	2.000000	0.120765	0.394409	3.000000	14.464144	37.703649	5.000000	0.011032	3.639518	5.000000	0.010105	0.208419	2.000000	0.021804	18.468902	1.000000	0.016501	3.319588	5.000000	0.031799
13	3	20.790560	62.486024	86.594347	40.653596	53.901150	81.416087	33.888078	25.211005	0.339002	0.831362	0.250090	0.401472	0.533751	0.238176	0.861445	0.805604	150.613914	4.000000	65.954265	12.022215	6.000000	0.010934	0.868276	5.000000	0.117094	10.889629	2.000000	0.016326	0.350483	5.000000	0.010426	1.597056	2.000000	0.016982	0.488908	5.000000	0.012875	1.040866	2.000000	0.016226	0.295795	5.000000	1.806304	6.858501	4.000000	0.014802	0.063799	5.000000	86.835384	12.467156	1.000000	0.014374	12.296982	6.000000	0.034100	1.656865	2.000000	0.010265	55.978630	5.000000	0.014240	21.845851	3.000000	0.039000
14	2	95.100774	5.829331	13.325352	59.341923	32.202621	9.054504	40.725940	70.136070	0.228392	0.805770	0.167529	0.687737	0.434016	0.966627	0.511650	0.289552	95.271984	5.000000	3.505735	6.405420	5.000000	0.010614	0.399741	5.000000	0.017109	1.168712	1.000000	0.018717	0.853027	6.000000	0.024650	1.564480	6.000000	0.015923	0.959921	1.000000	0.025364	0.198984	5.000000	0.020565	0.247899	4.000000	86.966390	3.987293	5.000000	0.015035	1.091670	2.000000	97.446079	42.912006	3.000000	0.010691	7.507516	2.000000	0.012458	0.799435	6.000000	0.023704	43.161611	1.000000	0.032525	40.775209	4.000000	0.012715
15	2	65.110964	70.239331	7.912282	84.174687	23.232171	73.253171	77.572696	15.387947	0.702331	0.262222	0.409120	0.254733	0.567156	0.678896	0.189919	0.856109	76.515047	6.000000	32.505185	7.217396	2.000000	0.051713	1.259573	1.000000	0.032166	10.804546	3.000000	0.015840	0.196337	5.000000	0.010991	0.616107	2.000000	0.089860	0.378575	2.000000	0.012501	0.703999	2.000000	0.039866	0.963848	5.000000	7.432364	1.002188	6.000000	0.024731	1.644053	6.000000	98.702998	39.721291	1.000000	0.058899	3.076309	1.000000	0.515847	0.952602	5.000000	0.059309	17.020072	4.000000	0.014806	46.973455	2.000000	0.032179
16	1	77.825070	48.885503	11.096013	79.764708	28.748114	48.432182	81.801781	60.247035	0.809759	0.933269	0.513590	0.308709	0.861162	0.965258	0.833473	0.507078	126.109334	2.000000	34.964798	12.147240	2.000000	0.033154	1.136183	4.000000	0.438503	8.435258	2.000000	0.072908	0.035209	3.000000	0.028374	0.998715	2.000000	0.383384	0.832726	3.000000	0.089453	1.159745	1.000000	0.128672	1.059434	5.000000	63.640127	1.539510	3.000000	0.015339	1.445025	4.000000	78.852134	34.024419	1.000000	0.036376	9.503043	3.000000	0.060054	1.173118	1.000000	0.012249	55.186353	6.000000	0.012564	19.920753	4.000000	0.019742
17	1	70.433265	24.812327	91.668639	81.578442	38.497709	80.476195	7.131907	24.215156	0.992265	0.384141	0.678864	0.481233	0.539624	0.828467	0.221789	0.133455	49.878969	5.000000	44.308970	11.916042	3.000000	0.024632	0.655898	2.000000	0.020708	6.160883	4.000000	0.416261	1.057494	6.000000	0.170817	1.237722	5.000000	0.013008	0.495268	1.000000	0.011222	1.360903	3.000000	0.071761	0.056086	5.000000	30.010577	1.075949	6.000000	0.014886	1.076571	2.000000	74.720146	23.745640	4.000000	0.011300	1.335900	2.000000	0.535890	0.818712	4.000000	0.010631	39.301164	3.000000	0.011089	54.128300	6.000000	0.014810
18	3	4.964039	82.713474	55.305194	11.490730	52.970642	47.441640	98.322116	51.117362	0.386219	0.947699	0.403088	0.215906	0.986792	0.423865	0.191613	0.707669	164.082027	3.000000	28.248382	5.086270	6.000000	0.021824	1.205773	5.000000	0.094839	6.552193	3.000000	0.010860	0.139412	2.000000	0.010613	0.112914	4.000000	0.010756	0.726206	5.000000	0.052632	1.223459	5.000000	0.015348	0.448930	5.000000	60.461815	6.168501	1.000000	0.017851	0.854844	5.000000	36.350045	49.625886	4.000000	0.012329	4.269474	6.000000	0.012820	1.537577	6.000000	0.013346	30.520618	4.000000	0.066772	29.207633	1.000000	0.015707
19	2	94.415103	33.728606	64.658640	44.052864	74.834644	68.956490	91.909400	47.072737	0.440634	0.807866	0.527358	0.546470	0.177256	0.965784	0.194304	0.318817	116.442828	2.000000	9.927780	5.700979	3.000000	0.022603	0.868259	4.000000	0.024289	2.989402	1.000000	0.121999	0.357637	1.000000	0.057373	0.881781	4.000000	0.021490	0.515496	3.000000	0.020308	0.898592	6.000000	0.012233	0.138742	5.000000	81.956633	2.808438	2.000000	0.010476	0.903301	1.000000	6.518594	2.463808	2.000000	0.035488	5.651169	4.000000	0.042025	0.909474	2.000000	0.030685	35.782325	5.000000	0.011579	12.003158	6.000000	0.677771
20	3	43.796015	47.236449	11.247387	64.185368	10.327868	29.507623	78.963273	86.880710	0.564727	0.332401	0.109221	0.517260	0.199567	0.579962	0.121606	0.697882	60.902205	5.000000	31.396538	0.307958	3.000000	0.035050	0.731848	2.000000	0.010403	7.433723	4.000000	0.020772	0.549647	6.000000	0.012784	1.583520	4.000000	0.013789	0.352594	3.000000	0.021192	1.150377	1.000000	0.014414	0.082152	6.000000	43.347579	11.947013	1.000000	0.014494	0.630023	4.000000	87.562532	41.848809	5.000000	0.024824	7.628971	1.000000	0.014471	0.867161	3.000000	0.037557	25.473872	4.000000	0.011002	52.839613	1.000000	0.015882
21	2	32.859404	67.994337	44.543317	47.287517	34.236738	28.368718	12.028711	75.201851	0.608393	0.187160	0.567021	0.239719	0.914999	0.457113	0.546444	0.525067	38.949622	2.000000	37.107931	10.497715	2.000000	0.017166	1.151318	2.000000	0.017162	12.162399	2.000000	0.022429	1.084391	4.000000	0.017817	1.281131	4.000000	0.046205	0.755257	1.000000	0.020354	0.512049	3.000000	0.053266	1.188340	2.000000	14.910417	8.550274	1.000000	0.011166	1.373521	2.000000	1.462579	13.957682	1.000000	0.148737	6.974206	3.000000	0.010725	1.075931	6.000000	0.031510	20.865441	5.000000	0.010097	45.567085	4.000000	0.018398
22	2	91.591096	80.392875	11.820156	73.507745	59.145678	44.878321	46.961645	79.833940	0.863182	0.442693	0.322967	0.357038	0.581520	0.353737	0.954838	0.546210	17.873978	5.000000	3.123484	9.972160	6.000000	0.013397	0.954077	6.000000	0.043929	12.918626	2.000000	0.304002	0.570566	6.000000	0.014140	0.690825	2.000000	0.015074	1.062864	3.000000	0.014701	0.435531	5.000000	0.039401	0.218381	4.000000	78.000061	3.758366	4.000000	0.013479	1.185042	5.000000	47.702466	31.430841	5.000000	0.018273	9.059683	4.000000	0.063971	0.370050	5.000000	0.023387	7.340599	4.000000	0.010162	56.891610	5.000000	0.084633
23	2	27.095424	7.180765	23.523703	35.869492	20.509783	62.863935	57.092783	8.972940	0.261012	0.173355	0.980668	0.280015	0.926683	0.454352	0.612301	0.934454	43.342532	3.000000	18.501321	6.404020	5.000000	0.024473	1.216379	4.000000	0.032461	0.202883	4.000000	0.012067	0.938528	1.000000	0.014284	0.950088	2.000000	0.089527	1.016919	6.000000	0.016330	0.388551	3.000000	0.010877	0.634604	4.000000	76.183665	4.870042	2.000000	0.025112	1.092480	4.000000	3.780909	53.536360	5.000000	0.107427	6.941003	4.000000	0.014562	0.525506	1.000000	0.012308	52.693658	4.000000	0.039530	5.237178	1.000000	0.094586
24	3	74.909103	88.167970	74.082014	85.774959	6.267330	44.261316	12.917208	78.268366	0.620879	0.946484	0.543168	0.454255	0.117439	0.442114	0.362633	0.695675	129.457549	1.000000	3.915043	7.415364	1.000000	0.066784	1.002508	3.000000	0.207175	12.434809	5.000000	0.100035	1.060044	3.000000	0.011534	1.090471	4.000000	0.095496	0.198861	1.000000	0.025282	0.054018	6.000000	0.013949	1.199963	6.000000	16.884843	7.137314	3.000000	0.011532	1.564984	4.000000	31.506411	17.644082	5.000000	0.012219	10.986376	3.000000	0.015132	1.407335	4.000000	0.081876	15.492188	4.000000	0.040108	15.716612	4.000000	0.012669
25	2	22.345313	99.090920	78.133347	9.384065	47.524564	16.419830	1.152823	20.138717	0.883134	0.814861	0.969590	0.973416	0.342244	0.624064	0.185185	0.806606	120.489129	5.000000	65.263013	12.065713	1.000000	0.010684	0.825894	6.000000	0.185584	2.220612	3.000000	0.012857	0.392551	5.000000	0.029864	1.367844	2.000000	0.024206	0.230275	3.000000	0.042646	1.388210	4.000000	0.234269	0.294813	2.000000	70.827972	1.471500	2.000000	0.010606	1.138805	2.000000	92.782413	15.320151	5.000000	0.013137	8.467333	5.000000	0.012337	1.115841	4.000000	0.019863	24.610612	4.000000	0.013596	9.252799	3.000000	0.112063
26	2	13.093572	42.953159	97.696675	15.832515	10.741964	58.727119	54.733502	58.992737	0.607070	0.126716	0.612877	0.122507	0.674068	0.656736	0.177289	0.769540	154.307589	3.000000	30.950832	8.317163	1.000000	0.011846	0.656668	3.000000	0.015652	4.449791	5.000000	0.011144	0.913209	4.000000	0.016595	1.564358	6.000000	0.010335	0.499353	5.000000	0.015467	1.128920	4.000000	0.010185	0.551651	3.000000	74.462792	10.676886	1.000000	0.010073	1.008513	2.000000	38.811546	9.661516	1.000000	0.060713	4.809829	4.000000	0.051309	0.439453	6.000000	0.040242	7.843361	5.000000	0.119579	8.559682	3.000000	0.011203
27	2	36.414363	11.120972	6.829068	31.747659	2.568230	67.675042	36.075329	12.050470	0.234204	0.650907	0.764247	0.480325	0.788349	0.578529	0.731748	0.993343	33.477974	2.000000	70.944870	11.825332	1.000000	0.037559	1.208385	2.000000	0.011931	6.488130	6.000000	0.014564	0.125131	2.000000	0.063230	1.191579	1.000000	0.018991	0.822257	4.000000	0.023971	0.249507	5.000000	0.203089	0.553148	6.000000	83.989633	10.554647	5.000000	0.020176	1.323178	2.000000	72.500071	18.582111	5.000000	0.074693	10.794551	2.000000	0.054411	0.980558	5.000000	0.210772	41.006860	1.000000	0.010046	12.245553	5.000000	0.017003
28	2	96.650380	91.335355	80.121283	2.269095	76.711892	82.206821	42.461217	57.354493	0.356683	0.963292	0.148266	0.891213	0.933050	0.128501	0.964581	0.507108	6.998885	2.000000	18.711359	6.935521	4.000000	0.023869	0.678015	5.000000	0.012339	6.284446	5.000000	0.212399	1.039894	4.000000	0.048379	0.934776	3.000000	0.015071	0.071698	2.000000	0.031397	1.189795	1.000000	0.036820	0.933411	4.000000	6.451242	6.663949	6.000000	0.061363	1.052873	3.000000	11.661314	12.680108	3.000000	0.029801	4.352505	4.000000	0.021680	0.562124	3.000000	0.121305	53.995510	4.000000	0.018356	32.523419	2.000000	0.013007
29	2	67.351134	47.084336	44.300180	59.273236	69.816409	76.429683	27.892460	43.025216	0.304158	0.302963	0.733559	0.747819	0.432753	0.482497	0.887529	0.279476	36.502551	4.000000	1.903183	12.316176	4.000000	0.036573	0.850464	5.000000	0.014580	10.620006	6.000000	0.010118	0.811838	1.000000	0.010209	0.039155	5.000000	0.012789	0.557387	4.000000	0.012660	0.800968	3.000000	0.010856	0.872415	5.000000	61.725480	9.168600	4.000000	0.046625	0.362773	3.000000	68.975100	49.617307	5.000000	0.011042	7.743723	6.000000	0.024599	0.625853	5.000000	0.011284	19.824053	4.000000	0.020286	40.076267	6.000000	0.010373
30	2	94.623298	75.850090	76.489562	8.433318	4.854990	87.425915	15.945970	51.815465	0.949564	0.123909	0.292808	0.624260	0.800590	0.786345	0.649811	0.615404	165.585418	6.000000	13.534787	3.817658	5.000000	0.031551	0.223759	2.000000	0.021508	9.777902	6.000000	0.028499	0.068123	6.000000	0.195500	0.090308	3.000000	0.019368	0.581656	3.000000	0.026426	0.653803	3.000000	0.022781	1.149226	2.000000	26.917902	7.872459	4.000000	0.010627	0.394250	1.000000	98.237959	46.381688	3.000000	0.012426	1.356367	3.000000	0.019858	0.483569	1.000000	0.020125	17.978799	5.000000	0.010898	54.987717	6.000000	0.013347
31	3	61.484509	58.913501	23.669641	80.691699	82.199044	58.204657	88.092566	70.582724	0.140049	0.837661	0.743393	0.877763	0.421808	0.627000	0.140961	0.508091	65.032426	1.000000	92.189374	1.594814	1.000000	0.011809	1.046301	6.000000	0.045290	3.022220	5.000000	0.010747	0.027581	6.000000	0.044603	1.241005	4.000000	0.031783	0.551494	6.000000	0.010509	0.475974	6.000000	0.010163	1.059640	3.000000	20.159215	2.243732	1.000000	0.023284	0.484042	1.000000	29.850320	32.999698	6.000000	0.011009	3.806292	6.000000	0.129793	0.794630	1.000000	0.012472	39.421409	1.000000	0.029422	40.837917	2.000000	0.021640
32	1	68.606440	55.579849	21.489028	24.199935	37.442336	76.247964	68.220880	96.580960	0.417320	0.761326	0.761754	0.954450	0.503813	0.704284	0.764235	0.955704	88.266968	2.000000	43.072363	11.243044	1.000000	0.022211	0.735413	4.000000	0.010214	14.539163	6.000000	0.017565	1.259322	3.000000	0.042507	1.545372	5.000000	0.069803	1.091149	5.000000	0.016875	1.066154	3.000000	0.015667	0.370568	3.000000	32.542257	3.094507	5.000000	0.021563	0.398625	1.000000	67.362238	31.330562	5.000000	0.018043	5.041010	3.000000	0.023196	0.952760	1.000000	0.032245	39.532415	6.000000	0.085083	19.514875	2.000000	0.010107
33	1	65.014489	31.723138	14.024215	43.734834	36.020997	6.061893	60.650337	68.992466	0.368358	0.246957	0.661111	0.182952	0.797247	0.429297	0.501717	0.645268	68.321110	6.000000	74.350678	8.176765	4.000000	0.011069	1.165831	6.000000	0.021807	11.448635	5.000000	0.016575	0.025859	2.000000	0.010118	0.133218	1.000000	0.471081	0.600148	6.000000	0.017148	0.984178	5.000000	0.015656	0.341637	1.000000	38.546474	3.575629	1.000000	0.019346	0.031513	1.000000	66.118553	34.969681	2.000000	0.020858	8.643635	4.000000	0.017232	0.669868	1.000000	0.045254	36.658152	4.000000	0.114675	35.908634	5.000000	0.019167
34	1	32.610177	82.979199	79.199714	62.017649	87.863375	30.409281	21.827047	30.354020	0.464875	0.122339	0.393270	0.919799	0.286841	0.770942	0.513529	0.961339	106.965192	1.000000	19.707342	0.854190	5.000000	0.082227	0.558138	4.000000	0.019250	7.476791	6.000000	0.028348	0.510545	1.000000	0.057633	1.027538	2.000000	0.090023	0.066493	3.000000	0.100864	1.079561	3.000000	0.020614	0.700671	2.000000	11.012825	3.752579	3.000000	0.019597	0.206194	4.000000	90.665084	36.008258	2.000000	0.011639	10.927466	6.000000	0.021317	1.107855	6.000000	0.011138	14.057280	4.000000	0.075581	51.649491	3.000000	0.023167
35	2	44.743750	80.955213	89.811321	4.584537	32.348594	26.128450	83.250296	43.091412	0.576503	0.758030	0.150532	0.698234	0.480905	0.975109	0.671716	0.935705	81.480205	6.000000	11.554639	2.205916	6.000000	0.011854	0.371412	2.000000	0.034267	12.225110	5.000000	0.010085	1.238019	3.000000	0.012112	0.110726	3.000000	0.024043	1.253467	6.000000	0.013744	0.371787	5.000000	0.030819	1.132870	1.000000	37.223491	9.225356	3.000000	0.020446	0.459983	6.000000	42.848738	28.974553	6.000000	0.064391	13.739960	1.000000	0.010401	0.780890	6.000000	0.016038	27.391315	3.000000	0.031355	56.473482	5.000000	0.098171
36	1	17.795871	65.229471	35.297682	64.715375	67.208205	85.278433	94.574094	66.872654	0.713830	0.427717	0.653885	0.972928	0.979608	0.347979	0.571328	0.768397	9.732562	4.000000	17.418563	4.946333	3.000000	0.012562	0.703047	1.000000	0.011743	5.418192	2.000000	0.013257	0.616569	6.000000	0.097718	0.855558	6.000000	0.013128	0.807650	4.000000	0.016904	0.356514	5.000000	0.025823	0.160320	2.000000	31.687917	4.415192	5.000000	0.030226	0.800141	2.000000	75.399571	8.580618	1.000000	0.031033	3.358334	6.000000	0.044171	1.475203	3.000000	0.016030	6.657510	2.000000	0.036046	40.536931	2.000000	0.035069
37	2	89.356876	87.270775	71.316053	86.205646	41.001630	54.497276	5.804903	80.525863	0.130169	0.955330	0.285566	0.707946	0.848118	0.963972	0.399819	0.348802	121.787947	3.000000	39.102562	3.977381	6.000000	0.054555	0.055578	6.000000	0.017278	9.835488	5.000000	0.010801	0.297531	2.000000	0.154301	1.346560	5.000000	0.010228	0.590830	5.000000	0.428628	0.141750	3.000000	0.026542	1.116662	3.000000	2.289980	11.327231	3.000000	0.116947	0.295821	5.000000	30.320569	29.424258	5.000000	0.011685	8.273627	4.000000	0.016284	0.296740	6.000000	0.014566	37.200369	6.000000	0.090839	58.483404	5.000000	0.038778
38	1	4.200661	94.336089	66.691128	35.718172	43.520318	63.758786	58.920510	51.623084	0.633063	0.507696	0.847482	0.597353	0.326168	0.573556	0.409610	0.197573	50.815555	1.000000	78.603258	2.024842	5.000000	0.013053	0.390341	1.000000	0.231984	6.614278	4.000000	0.047572	0.017066	3.000000	0.021275	0.744144	4.000000	0.010317	0.884212	5.000000	0.012952	0.253647	4.000000	0.014069	0.375603	2.000000	37.649314	8.052440	2.000000	0.014383	1.367599	2.000000	57.691984	35.789092	4.000000	0.121574	3.968470	2.000000	0.017308	0.513227	1.000000	0.010742	2.002144	4.000000	0.026836	24.212763	5.000000	0.011037
39	2	31.150180	55.921623	25.707095	26.564663	90.771530	79.474387	91.405071	93.061171	0.422950	0.597249	0.878914	0.527164	0.774134	0.665486	0.834316	0.360457	167.844570	4.000000	92.399761	2.630084	2.000000	0.276194	0.490743	5.000000	0.251226	6.417421	2.000000	0.010684	1.244974	5.000000	0.015741	0.151372	5.000000	0.023610	1.067282	4.000000	0.039361	1.336938	6.000000	0.021883	0.488832	2.000000	55.768312	4.085735	5.000000	0.011682	1.188549	4.000000	16.664882	30.061062	3.000000	0.084609	6.024408	4.000000	0.033532	1.057539	2.000000	0.030758	3.475062	1.000000	0.015833	1.000757	3.000000	0.014463
40	2	21.548995	62.790159	71.446786	41.825196	20.052001	21.511179	30.565311	26.408051	0.530290	0.140928	0.358232	0.528866	0.986563	0.777831	0.695574	0.402779	119.708530	1.000000	83.528766	3.804324	2.000000	0.011185	0.745077	5.000000	0.014213	7.493810	2.000000	0.054382	0.656432	4.000000	0.019833	1.445051	3.000000	0.017978	1.116644	2.000000	0.021265	0.901820	2.000000	0.027356	1.080738	2.000000	74.665993	9.936086	2.000000	0.026084	1.265035	6.000000	88.243130	53.028461	6.000000	0.016364	6.286424	1.000000	0.024886	0.979746	6.000000	0.019472	8.886605	1.000000	0.017702	59.521254	6.000000	0.016812
41	2	2.768499	72.194086	73.906728	24.355173	42.821715	9.168567	15.351443	47.860606	0.347588	0.658273	0.678926	0.640820	0.233154	0.419135	0.558901	0.138796	129.411699	5.000000	63.651898	4.373790	4.000000	0.014679	0.518367	1.000000	0.020724	11.630504	6.000000	0.052899	0.127744	3.000000	0.038462	0.342658	2.000000	0.025892	0.831659	1.000000	0.113600	1.576913	6.000000	0.020194	1.005012	2.000000	26.008550	5.696265	5.000000	0.023658	1.522016	5.000000	1.253321	8.511994	3.000000	0.010201	9.751248	4.000000	0.069662	0.530234	4.000000	0.034193	29.716971	6.000000	0.025138	51.411705	1.000000	0.022866
42	2	17.142096	40.867272	58.357450	85.784162	3.165310	61.183589	52.219956	51.775577	0.111923	0.701132	0.558679	0.909141	0.190399	0.193201	0.236187	0.830648	168.304497	2.000000	92.047321	1.767130	5.000000	0.013832	0.074618	1.000000	0.022410	10.343784	3.000000	0.014267	0.895190	3.000000	0.087055	1.395542	2.000000	0.013265	0.213841	3.000000	0.014244	0.514905	6.000000	0.023630	0.765144	3.000000	46.382130	2.409400	6.000000	0.014663	1.178110	3.000000	96.602572	38.508198	1.000000	0.024624	7.946679	3.000000	0.017991	0.109450	1.000000	0.016402	20.990466	4.000000	0.030262	51.012435	3.000000	0.018260
43	10	75.345527	67.853975	49.417448	48.929234	70.464338	30.704417	13.905786	87.957728	0.292400	0.626980	0.843683	0.818320	0.104386	0.931887	0.259656	0.559097	128.826861	2.000000	99.620227	9.323270	1.000000	0.018021	0.570806	2.000000	0.012224	10.030441	2.000000	0.012001	1.145988	5.000000	0.027073	1.328154	5.000000	0.018466	0.828994	3.000000	0.012711	1.241855	6.000000	0.018814	1.070288	3.000000	85.462527	12.990931	5.000000	0.015945	0.422602	1.000000	93.177022	41.480086	6.000000	0.027576	10.981416	4.000000	0.019032	0.328552	4.000000	0.027346	29.798781	4.000000	0.047722	47.296055	1.000000	0.035653
44	2	65.874757	70.325186	9.840364	61.059790	37.986491	68.837539	81.575184	26.650058	0.555727	0.177377	0.629303	0.852493	0.444285	0.487343	0.926503	0.448889	72.408266	2.000000	72.307166	5.201994	1.000000	0.019262	0.115643	5.000000	0.012943	4.740345	1.000000	0.050918	0.810650	3.000000	0.011323	0.739369	5.000000	0.020795	0.933024	2.000000	0.065811	1.090740	1.000000	0.026740	0.885030	4.000000	85.756876	5.082759	6.000000	0.010850	0.840962	4.000000	61.651969	3.078370	4.000000	0.029477	4.442340	3.000000	0.167274	0.603220	2.000000	0.015941	6.193198	4.000000	0.022627	33.656122	2.000000	0.030877
45	2	28.741925	37.734186	35.221189	56.248934	30.702926	61.792777	84.886533	3.974155	0.846393	0.721238	0.644614	0.742582	0.682734	0.689809	0.282631	0.634043	101.952672	4.000000	51.123288	1.597630	6.000000	0.104897	0.752576	3.000000	0.014216	12.651957	5.000000	0.050338	0.260118	2.000000	0.039536	0.782243	6.000000	0.028713	0.054124	6.000000	0.028700	0.373429	1.000000	0.011408	0.842697	5.000000	74.871616	13.322746	1.000000	0.014943	0.861831	3.000000	96.239612	29.916349	5.000000	0.025133	8.690996	6.000000	0.027405	1.538434	4.000000	0.011451	30.631692	3.000000	0.019399	57.389043	4.000000	0.124840
46	3	54.247489	43.824872	33.378011	85.656369	42.553130	89.402660	14.615176	1.067353	0.812097	0.364300	0.785086	0.447899	0.342506	0.587183	0.749285	0.612711	156.463007	5.000000	35.408101	10.738871	4.000000	0.011938	1.058661	4.000000	0.016485	0.322296	6.000000	0.010829	0.331202	4.000000	0.022187	1.552561	3.000000	0.018610	0.200974	3.000000	0.051516	1.305581	1.000000	0.020750	1.121121	3.000000	25.259485	7.744794	3.000000	0.031008	0.518729	1.000000	41.218086	6.493713	5.000000	0.014461	11.029951	1.000000	0.013813	1.033486	4.000000	0.299848	26.566773	1.000000	0.022663	36.813628	5.000000	0.046215
47	2	42.660592	55.227065	30.763795	43.862710	30.372668	49.878569	7.828817	19.485784	0.515382	0.974867	0.285637	0.684775	0.775920	0.356027	0.565768	0.464797	8.387938	2.000000	90.974611	9.449238	3.000000	0.011529	0.894464	2.000000	0.198484	4.292103	4.000000	0.023376	1.022005	4.000000	0.024904	0.782354	3.000000	0.017216	1.113480	3.000000	0.013822	1.112926	3.000000	0.050940	0.891020	1.000000	99.087344	3.254451	4.000000	0.011950	1.141252	3.000000	79.943505	42.266216	2.000000	0.024380	4.168832	4.000000	0.017578	1.030014	5.000000	0.011624	28.132850	6.000000	0.021525	8.896352	3.000000	0.010571
48	2	47.623207	36.650281	85.062889	90.271955	13.844268	4.448918	69.268590	76.181194	0.861961	0.164698	0.312063	0.786252	0.147511	0.639737	0.223374	0.160732	105.940769	2.000000	5.685047	9.540245	1.000000	0.028481	0.759186	3.000000	0.016201	5.316281	5.000000	0.014530	0.795847	6.000000	0.016766	0.917252	4.000000	0.060923	0.383721	5.000000	0.019104	1.589962	3.000000	0.010536	0.995083	1.000000	32.430138	10.940636	4.000000	0.021537	0.118576	6.000000	60.293329	53.425150	1.000000	0.208973	0.445155	5.000000	0.013431	1.324284	3.000000	0.011301	34.202877	6.000000	0.250483	15.464069	6.000000	0.013235
49	2	49.844329	96.615628	45.837407	82.266614	80.213436	11.559546	59.621097	51.663285	0.139528	0.800246	0.239821	0.388712	0.151663	0.155715	0.335349	0.288210	43.737770	1.000000	17.890784	5.864508	5.000000	0.037028	0.401524	2.000000	0.011804	7.449952	6.000000	0.012696	1.261803	1.000000	0.024864	0.705744	4.000000	0.017543	0.582830	6.000000	0.017906	0.954041	5.000000	0.128509	0.202438	2.000000	15.835838	9.362926	1.000000	0.027594	0.276207	3.000000	75.905894	42.715907	4.000000	0.015207	13.057314	2.000000	0.022647	1.128367	2.000000	0.029413	51.461592	1.000000	0.012159	55.399709	5.000000	0.026210
50	2	70.959608	2.603607	11.108631	5.669282	94.606303	64.124122	10.430419	63.184777	0.291556	0.822963	0.291900	0.334892	0.862511	0.917632	0.450401	0.107656	82.137844	5.000000	9.610571	7.792849	4.000000	0.025650	1.208973	3.000000	0.012452	11.627704	1.000000	0.117305	0.293968	2.000000	0.021893	1.015496	2.000000	0.035103	1.085108	2.000000	0.011776	0.735480	2.000000	0.012468	0.648901	1.000000	37.917925	13.669487	2.000000	0.023959	1.037592	5.000000	48.088624	42.852845	1.000000	0.172263	3.421437	1.000000	0.055223	0.090068	6.000000	0.043600	15.951373	6.000000	0.876685	29.323374	1.000000	0.019977
51	1	8.483531	48.432548	46.609949	48.562576	12.936006	4.529311	49.998723	49.887636	0.969707	0.204478	0.557170	0.297531	0.611082	0.753632	0.121569	0.988439	90.062204	3.000000	49.894793	11.174356	4.000000	0.044748	0.993329	1.000000	0.018255	2.369126	2.000000	0.011215	0.771072	1.000000	0.013307	1.271542	1.000000	0.044231	1.098247	6.000000	0.021068	0.624634	2.000000	0.024696	0.655803	4.000000	89.374092	4.116597	2.000000	0.029592	0.419928	2.000000	51.276642	39.493222	3.000000	0.010484	6.664938	3.000000	0.643773	0.819691	1.000000	0.028279	46.105456	4.000000	0.021524	6.655621	1.000000	0.012718
52	2	29.487608	25.177645	3.932108	35.502374	45.816909	77.428204	48.521562	24.227612	0.681889	0.102517	0.588532	0.830933	0.795258	0.565701	0.297887	0.280923	158.186730	3.000000	56.809493	10.884692	5.000000	0.027340	0.879338	1.000000	0.013554	11.796294	1.000000	0.013524	0.376726	3.000000	0.010497	0.733991	4.000000	0.762549	0.668438	3.000000	0.035778	0.888546	2.000000	0.012982	0.876221	2.000000	50.878670	0.751508	4.000000	0.014339	1.536183	1.000000	18.639186	46.413478	5.000000	0.032428	6.016755	6.000000	0.011509	0.410218	1.000000	0.070830	15.715027	4.000000	0.021406	18.267462	1.000000	0.031697
53	1	43.733669	95.408839	97.608312	64.921264	50.306004	55.166132	93.466048	12.749987	0.241644	0.363102	0.706599	0.211005	0.503566	0.282022	0.164647	0.277364	71.691712	5.000000	37.793864	12.899395	6.000000	0.010021	0.660135	2.000000	0.154292	11.434167	1.000000	0.040898	0.726075	5.000000	0.010526	1.345093	1.000000	0.012216	0.349252	2.000000	0.010533	1.190237	5.000000	0.286036	1.083412	4.000000	76.074988	5.962028	1.000000	0.011683	1.432086	1.000000	35.644162	53.026505	2.000000	0.021122	11.125471	3.000000	0.080590	0.642395	4.000000	0.013038	55.959992	4.000000	0.015479	49.219068	4.000000	0.056242
54	2	21.196299	75.794756	7.225149	96.419337	46.363775	89.843242	38.482949	19.454919	0.968584	0.451160	0.153745	0.451255	0.175775	0.964011	0.148463	0.554546	22.335592	1.000000	89.605428	10.896344	5.000000	0.026245	0.902474	5.000000	0.020152	12.726599	2.000000	0.012987	1.244993	5.000000	0.010568	1.592271	4.000000	0.057309	0.955152	4.000000	0.010778	0.224362	1.000000	0.018416	0.864092	4.000000	89.864794	1.284277	1.000000	0.121444	0.032737	4.000000	9.282036	30.627728	3.000000	0.018497	9.660236	3.000000	0.048167	0.816656	1.000000	0.142363	25.323167	3.000000	0.019204	11.447901	2.000000	0.016128
55	2	35.118179	36.996754	79.775920	63.933268	95.468724	26.980464	73.915924	36.868129	0.944854	0.563542	0.590270	0.271247	0.123477	0.100990	0.672427	0.482735	63.748990	4.000000	96.425655	5.034274	6.000000	0.010118	0.208486	1.000000	0.010715	5.246289	5.000000	0.139133	0.450981	2.000000	0.027403	0.583573	2.000000	0.240024	0.492689	4.000000	0.038160	1.394177	3.000000	0.017821	0.443488	4.000000	45.776531	12.131595	1.000000	0.116403	1.584911	1.000000	97.290874	24.965171	4.000000	0.144391	9.108061	3.000000	0.013114	0.309662	2.000000	0.014353	22.864770	1.000000	0.011223	36.328658	5.000000	0.043958
56	1	94.451735	9.243612	67.494551	30.112997	33.387805	59.862566	21.779937	5.236247	0.589904	0.120821	0.888071	0.520218	0.621176	0.845776	0.277022	0.354584	134.154315	5.000000	41.371649	7.989418	2.000000	0.010896	1.035716	3.000000	0.048582	6.573041	4.000000	0.060204	0.645120	5.000000	0.022890	1.241885	3.000000	0.014405	0.210590	5.000000	0.038635	1.259103	6.000000	0.083259	0.973688	4.000000	44.142488	6.287718	5.000000	0.017295	1.491945	2.000000	92.499237	39.978456	1.000000	0.145453	6.097851	3.000000	0.031965	0.159248	5.000000	0.021958	1.422004	2.000000	0.026471	17.926540	2.000000	0.037189
57	2	34.599842	14.540008	39.593718	69.992781	63.539455	8.680156	78.658945	96.935287	0.632853	0.973296	0.841252	0.471141	0.308585	0.524136	0.532023	0.840387	162.050887	4.000000	74.870776	9.333278	5.000000	0.033343	0.088083	3.000000	0.014017	0.412902	6.000000	0.011740	0.243830	4.000000	0.012084	0.919634	1.000000	0.013723	0.813293	6.000000	0.090151	0.195178	5.000000	0.047303	1.224678	5.000000	48.257174	13.528137	6.000000	0.022640	1.407356	3.000000	74.547299	26.235367	6.000000	0.182323	13.622747	2.000000	0.012937	0.548638	3.000000	0.023389	37.408644	6.000000	0.025869	9.775637	6.000000	0.023014
58	2	38.837363	58.373557	9.382690	58.927319	60.629087	25.244457	14.891326	62.312889	0.370379	0.397380	0.495138	0.964755	0.641659	0.267188	0.417064	0.278327	127.198568	3.000000	95.515129	9.588338	1.000000	0.051640	0.270614	3.000000	0.025090	3.749252	5.000000	0.025438	1.159781	1.000000	0.011576	0.498588	3.000000	0.018757	0.811285	4.000000	0.243659	1.456439	2.000000	0.103639	0.458775	3.000000	77.556823	11.849312	2.000000	0.017871	1.453085	5.000000	46.004856	9.906238	4.000000	0.019246	2.970910	5.000000	0.011418	0.806012	5.000000	0.027000	26.001562	2.000000	0.039452	57.423112	1.000000	0.014571
59	3	80.134721	56.622081	83.739280	69.646318	9.824423	60.691555	34.018029	11.333500	0.984038	0.102425	0.825078	0.601183	0.499604	0.789808	0.559213	0.278804	79.681141	2.000000	95.042201	8.740361	3.000000	0.011604	0.430488	5.000000	0.014637	10.430356	3.000000	0.049276	1.080037	5.000000	0.010231	0.869306	3.000000	0.500973	0.421127	1.000000	0.019154	0.023833	3.000000	0.011421	0.580041	6.000000	88.489762	9.227784	3.000000	0.012399	0.914573	3.000000	40.788460	52.597782	4.000000	0.122213	5.387229	3.000000	0.023151	0.193341	5.000000	0.020959	50.228784	6.000000	0.011553	42.227782	5.000000	0.088002
60	2	57.047366	41.008301	44.435707	20.741404	73.014186	57.195263	99.082931	97.314721	0.361453	0.287487	0.555166	0.200917	0.423597	0.539375	0.144107	0.674671	74.351830	2.000000	44.194982	6.592324	2.000000	0.010170	1.034493	6.000000	0.016385	4.027565	2.000000	0.012852	0.954762	4.000000	0.013349	0.357521	3.000000	0.023999	1.199640	1.000000	0.013768	0.612975	3.000000	0.019799	0.808044	4.000000	43.232980	8.194587	6.000000	0.018739	0.265239	6.000000	91.741011	40.353231	5.000000	0.060616	9.979853	6.000000	0.021473	0.967343	2.000000	0.065652	56.628608	3.000000	0.022260	46.545435	5.000000	0.028517
61	3	13.973743	98.229669	96.325651	17.019309	2.876716	53.250837	48.089174	61.107096	0.528400	0.805960	0.542907	0.218673	0.542683	0.234630	0.514972	0.142572	61.163449	4.000000	99.105114	9.114127	5.000000	0.012264	0.648733	2.000000	0.024017	2.553107	5.000000	0.010558	0.033630	3.000000	0.034072	1.127773	2.000000	0.017699	0.065376	1.000000	0.017657	1.362405	3.000000	0.014877	1.173018	5.000000	91.173177	5.113881	4.000000	0.013114	0.067960	1.000000	8.948287	36.587477	6.000000	0.030087	6.197612	5.000000	0.041242	1.653067	6.000000	0.054012	7.652970	5.000000	0.012148	19.914202	4.000000	0.059780
62	1	33.573529	6.864841	95.226942	77.376893	97.461724	7.708344	14.713698	4.365709	0.715994	0.846461	0.810228	0.257522	0.906310	0.907662	0.582038	0.564781	66.384228	2.000000	46.385242	8.122034	4.000000	0.015238	0.343620	6.000000	0.031887	14.279895	5.000000	0.045563	1.122659	2.000000	0.022939	0.589959	1.000000	0.013349	1.264967	5.000000	0.064237	0.341640	5.000000	0.034489	1.252330	1.000000	32.437324	3.900992	3.000000	0.013575	0.809889	6.000000	23.071079	12.450275	1.000000	0.040460	10.111584	2.000000	0.010755	0.503569	5.000000	0.349401	37.643249	3.000000	0.068826	59.200889	2.000000	0.452699
63	2	13.980634	23.938855	64.903919	98.807053	46.874763	51.286536	84.420818	62.657124	0.452652	0.820860	0.173467	0.188478	0.126489	0.446113	0.422464	0.142617	170.427304	6.000000	45.519334	9.351163	4.000000	0.030316	0.580154	3.000000	0.022682	8.886926	4.000000	0.212459	0.197953	3.000000	0.019394	0.440238	2.000000	0.011846	0.505563	2.000000	0.153528	0.248710	2.000000	0.012072	1.080683	3.000000	1.878777	13.333774	4.000000	0.052557	0.498403	4.000000	18.260479	46.439239	5.000000	0.032108	7.713049	5.000000	0.015249	0.575383	2.000000	0.010100	30.925511	1.000000	0.016960	40.260343	2.000000	0.012707
64	1	69.658873	33.357161	61.479503	73.725748	98.493725	64.082217	92.849442	17.543834	0.530117	0.174421	0.252862	0.984823	0.156975	0.185511	0.765355	0.720393	130.444852	1.000000	67.612301	5.455643	2.000000	0.263703	1.252343	6.000000	0.021635	12.539908	3.000000	0.035663	0.232766	2.000000	0.016657	0.715388	2.000000	0.013912	0.585143	4.000000	0.019466	0.456786	3.000000	0.031401	1.240085	2.000000	51.209467	6.210831	4.000000	0.010809	0.324568	6.000000	76.229803	15.474061	5.000000	0.025119	12.018635	5.000000	0.202449	1.278548	3.000000	0.021588	51.557265	6.000000	0.010180	54.476694	6.000000	0.026780
65	2	32.321449	28.766470	70.925319	43.313283	27.056381	44.115413	85.535335	60.356563	0.559285	0.604766	0.357158	0.124290	0.728163	0.981367	0.727406	0.826801	116.043141	2.000000	65.884977	4.023782	6.000000	0.011267	0.854432	2.000000	0.101680	0.730048	4.000000	0.093136	0.342604	4.000000	0.060639	0.105541	5.000000	0.019786	0.822349	6.000000	0.010419	1.610186	4.000000	0.016341	0.985253	5.000000	23.219311	8.908636	6.000000	0.015804	0.757777	2.000000	91.048843	19.698447	6.000000	0.015927	5.202614	2.000000	0.020952	0.283428	5.000000	0.124887	5.230880	5.000000	0.034803	14.918906	1.000000	0.016661
66	2	70.891317	58.440614	97.634492	8.108134	61.131581	5.074037	5.136423	94.999026	0.935288	0.559476	0.730630	0.225511	0.338619	0.278293	0.450162	0.636010	73.996901	3.000000	69.032834	4.397197	6.000000	0.014059	1.247929	4.000000	0.024604	6.432804	5.000000	0.025799	1.138307	6.000000	0.012706	0.864616	1.000000	0.021683	0.821311	1.000000	0.015087	0.721609	4.000000	0.019027	0.152127	2.000000	89.449385	1.451502	4.000000	0.013594	1.666990	3.000000	54.491793	25.109200	3.000000	0.019841	9.327685	3.000000	0.012447	0.833992	6.000000	0.032507	51.668151	6.000000	0.115166	1.182915	5.000000	0.086937
67	2	27.047380	31.989114	32.552458	10.525022	14.282230	52.164651	75.756230	14.982273	0.155050	0.344987	0.934393	0.217498	0.778362	0.374673	0.756746	0.423523	111.896441	4.000000	32.600188	3.730238	5.000000	0.018198	0.615995	3.000000	0.011350	5.829821	2.000000	0.019459	1.237078	4.000000	0.010195	1.049359	5.000000	0.011976	0.129165	3.000000	0.010769	0.541454	2.000000	0.014022	1.224856	2.000000	98.267598	1.167878	1.000000	0.033669	0.410412	4.000000	46.496737	53.774161	3.000000	0.013383	0.444110	2.000000	0.131592	0.880699	6.000000	0.034980	9.047666	3.000000	0.063013	41.186334	3.000000	0.030002
68	2	45.438779	76.868356	34.213815	73.219203	17.460215	33.748502	69.857304	27.342624	0.774610	0.550879	0.502989	0.382686	0.166518	0.895428	0.521848	0.580925	33.777926	2.000000	53.764883	8.401113	4.000000	0.013810	1.242858	2.000000	0.011875	11.119565	2.000000	0.023132	0.110581	4.000000	0.022219	0.825234	1.000000	0.017658	0.322746	5.000000	0.039699	1.416707	6.000000	0.011416	1.055665	3.000000	92.785799	6.380403	4.000000	0.010487	0.430371	5.000000	56.482146	39.846176	2.000000	0.028816	3.114307	5.000000	0.085640	0.857790	4.000000	0.045628	12.968736	4.000000	0.027740	37.943959	6.000000	0.010570
69	2	77.059203	57.128470	81.414330	55.381104	87.912258	14.341207	72.648995	12.425019	0.733064	0.621556	0.808227	0.131819	0.143398	0.653078	0.228506	0.992549	48.339766	5.000000	12.503720	9.714556	4.000000	0.015204	1.197059	1.000000	0.046721	14.502778	1.000000	0.022203	0.328203	2.000000	0.043874	1.418024	1.000000	0.209691	0.154537	5.000000	0.072160	0.263206	4.000000	0.011142	0.107879	3.000000	48.782739	2.128606	2.000000	0.012340	0.941294	1.000000	71.325997	36.333280	6.000000	0.032478	7.318837	1.000000	0.023158	1.001817	4.000000	0.033620	8.742145	3.000000	0.132836	26.572759	3.000000	0.047798
70	2	3.706227	63.503847	84.341991	65.440904	45.894796	52.763998	96.066017	66.316426	0.450022	0.702591	0.301012	0.512381	0.279315	0.711046	0.840028	0.833780	162.155219	5.000000	89.245371	2.763470	1.000000	0.010844	0.388897	2.000000	0.012114	4.809597	4.000000	0.011167	0.945758	5.000000	0.013960	1.078168	6.000000	0.015127	0.715697	2.000000	0.025298	1.537618	2.000000	0.011745	0.154490	2.000000	13.269384	3.315110	4.000000	0.076483	1.219675	5.000000	31.298548	41.999884	5.000000	0.010961	12.043779	2.000000	0.010708	1.604507	3.000000	0.014557	51.553722	2.000000	0.055604	13.757958	4.000000	0.026857
71	2	91.849386	62.381112	24.334624	72.911184	38.405387	86.343568	98.203511	24.438877	0.465179	0.398531	0.372527	0.771618	0.313214	0.242389	0.272998	0.753734	145.020664	2.000000	63.928862	1.134599	4.000000	0.010431	1.036413	6.000000	0.036356	3.870324	2.000000	0.010868	1.099738	2.000000	0.019798	0.249898	5.000000	0.012780	0.821775	1.000000	0.014016	0.613128	1.000000	0.015962	0.924874	4.000000	12.487467	7.497783	3.000000	0.020416	0.230845	4.000000	98.727707	50.951579	6.000000	0.186826	0.815737	2.000000	0.039880	1.480436	5.000000	0.010337	11.415585	3.000000	0.010911	6.115132	3.000000	0.043061
72	2	25.888056	69.025484	98.307318	74.941589	22.859291	47.438273	30.864142	10.657298	0.402241	0.301626	0.941524	0.755904	0.377200	0.299138	0.100600	0.675683	36.406685	1.000000	14.860568	13.066111	2.000000	0.147418	0.370946	6.000000	0.059895	9.935968	5.000000	0.048002	0.022068	5.000000	0.011407	0.701216	6.000000	0.097718	0.491854	4.000000	0.024711	0.620691	3.000000	0.020004	0.857367	2.000000	42.465954	7.902010	6.000000	0.013580	1.668718	2.000000	45.517085	35.070337	4.000000	0.015978	7.612546	1.000000	0.011024	0.927929	4.000000	0.011950	28.110389	1.000000	0.015807	55.578946	5.000000	0.014191
73	1	92.962438	11.503789	36.874833	49.955569	41.064920	5.912193	45.186200	95.743174	0.162935	0.497306	0.712573	0.390126	0.279075	0.526791	0.710156	0.267013	39.892057	1.000000	52.501944	8.163655	3.000000	0.014779	0.418673	4.000000	0.043397	6.988395	1.000000	0.015723	0.452438	6.000000	0.012301	0.303149	4.000000	0.010047	0.965301	4.000000	0.071148	0.442705	1.000000	0.012645	1.159635	6.000000	11.765513	1.727363	1.000000	0.015890	1.418497	1.000000	4.241701	24.731277	1.000000	0.020112	1.663001	1.000000	0.018400	0.165003	1.000000	0.053053	50.373302	4.000000	0.013944	28.211465	5.000000	0.010182
74	1	35.747429	37.425584	31.216351	7.683555	35.616349	65.877740	60.286860	18.377772	0.796347	0.443135	0.579032	0.457914	0.834885	0.575631	0.712227	0.558154	171.966451	1.000000	22.644982	10.881203	2.000000	0.012344	1.178981	1.000000	0.014484	9.688033	5.000000	0.035868	1.108524	1.000000	0.020601	0.486731	3.000000	0.234562	0.153907	4.000000	0.365105	1.106996	2.000000	0.023997	0.174160	6.000000	49.247209	2.091607	1.000000	0.011305	0.171008	6.000000	1.605149	48.241467	3.000000	0.027979	5.394154	1.000000	0.167491	0.727827	6.000000	0.366707	1.617310	6.000000	0.020277	6.305330	6.000000	0.012843
75	2	44.608586	50.315933	51.112703	44.369837	17.506059	58.398214	53.839040	81.578614	0.276244	0.422343	0.381152	0.610098	0.307774	0.951593	0.780207	0.193114	145.929194	2.000000	11.210038	5.806680	6.000000	0.011553	0.752912	5.000000	0.026231	5.120169	4.000000	0.012540	0.960678	2.000000	0.010170	0.356178	1.000000	0.051534	0.689159	6.000000	0.011981	1.453609	4.000000	0.011171	0.195295	3.000000	3.642199	13.327624	1.000000	0.070983	1.279967	1.000000	23.587210	21.174323	4.000000	0.012592	12.180090	5.000000	0.010857	1.538385	3.000000	0.012376	28.320832	3.000000	0.041151	43.361741	5.000000	0.140287
76	2	25.855227	62.774000	49.307454	64.187241	23.388397	75.596372	77.660080	87.913849	0.215808	0.777689	0.123669	0.674047	0.506784	0.388262	0.374581	0.391557	48.479768	5.000000	61.490721	10.489861	3.000000	0.021126	1.224871	3.000000	0.012126	6.068216	1.000000	0.091534	0.722138	2.000000	0.011167	0.404764	3.000000	0.011829	0.361811	5.000000	0.012780	0.385961	2.000000	0.019965	0.466623	1.000000	1.815939	13.069002	2.000000	0.011154	1.163452	3.000000	71.891490	35.603780	5.000000	0.018100	13.768452	6.000000	0.010597	1.446869	2.000000	0.777953	50.954893	1.000000	0.014774	21.759992	3.000000	0.011345
77	2	40.181092	48.287589	62.557922	13.257325	44.975214	22.568740	35.728765	35.240298	0.159379	0.951117	0.146653	0.384593	0.918283	0.681359	0.642375	0.413135	142.430502	3.000000	80.319694	0.921668	2.000000	0.032630	0.175198	2.000000	0.013798	13.064825	6.000000	0.044094	1.003742	2.000000	0.030197	1.412280	5.000000	0.013330	1.143103	6.000000	0.014374	0.322726	4.000000	0.020661	0.315813	2.000000	65.322146	6.797125	4.000000	0.017048	0.196158	6.000000	8.201730	46.099683	3.000000	0.071122	4.121292	6.000000	0.563807	1.141641	1.000000	0.010485	8.996891	3.000000	0.011905	31.604305	1.000000	0.019131
78	1	35.853237	97.098717	41.127196	6.027141	29.680770	30.024019	75.572191	17.983723	0.543249	0.765707	0.528242	0.596364	0.843501	0.573613	0.481830	0.685269	14.092713	5.000000	5.290526	4.425700	6.000000	0.072883	0.049918	3.000000	0.014905	7.794275	4.000000	0.012479	0.068582	1.000000	0.013065	1.429343	6.000000	0.012893	0.342974	1.000000	0.047669	0.509697	5.000000	0.011215	0.320556	5.000000	50.335543	1.705781	2.000000	0.010837	1.557793	4.000000	58.677031	46.314406	2.000000	0.012476	13.878583	6.000000	0.011978	0.145383	6.000000	0.018210	21.879759	4.000000	0.011950	26.058716	3.000000	0.910961
79	1	67.676111	51.097098	94.028658	58.675988	63.264886	55.387074	66.134734	61.392631	0.698002	0.186870	0.550290	0.853978	0.502429	0.688715	0.855677	0.372053	104.365411	6.000000	85.023754	2.339421	5.000000	0.015606	1.264420	6.000000	0.011154	8.315114	1.000000	0.014482	0.845358	2.000000	0.015534	0.403392	2.000000	0.135344	0.181845	4.000000	0.021497	0.029800	4.000000	0.018506	0.662810	5.000000	83.250535	9.355584	3.000000	0.042988	1.411779	5.000000	24.015331	41.737988	2.000000	0.010765	13.481019	1.000000	0.013150	0.345995	3.000000	0.029220	14.866639	5.000000	0.010508	42.578329	2.000000	0.015797
80	1	1.996247	48.970993	94.666293	73.487868	14.645438	41.840149	25.876461	85.378239	0.801379	0.961917	0.248985	0.814723	0.483191	0.192416	0.614488	0.639764	146.493080	3.000000	39.491818	3.003963	3.000000	0.034738	0.660174	1.000000	0.015300	11.395534	1.000000	0.078298	0.077837	2.000000	0.036838	0.109118	3.000000	0.011647	1.249425	1.000000	0.023558	1.076782	5.000000	0.015848	0.764988	4.000000	21.990984	7.212006	1.000000	0.016612	1.023978	5.000000	83.855888	26.958117	3.000000	0.012996	5.146244	1.000000	0.019271	1.561833	2.000000	0.021952	44.173644	3.000000	0.013819	57.913380	1.000000	0.010106
81	1	98.956336	35.502221	63.542766	72.594057	30.678199	92.284455	48.332130	33.095507	0.243834	0.401585	0.302473	0.182575	0.582164	0.934182	0.775503	0.640077	25.378834	5.000000	92.823874	4.764027	5.000000	0.022696	1.014166	6.000000	0.037407	1.097055	2.000000	0.012554	0.075590	5.000000	0.022990	1.314248	4.000000	0.026865	0.564284	4.000000	0.013127	0.025086	3.000000	0.012124	0.861894	4.000000	16.375855	4.124318	2.000000	0.010317	0.387474	1.000000	8.472213	23.020853	3.000000	0.042540	5.265552	4.000000	0.010037	0.857553	3.000000	0.018608	25.117301	6.000000	0.015857	7.275268	5.000000	0.010112
82	1	98.598479	51.549812	73.383713	60.165405	5.296410	78.078198	50.340345	69.779774	0.252038	0.238237	0.163258	0.375539	0.390805	0.840726	0.514034	0.223549	169.983682	3.000000	24.118695	12.022473	5.000000	0.012293	0.806650	6.000000	0.061569	2.354466	4.000000	0.010936	0.855151	3.000000	0.038222	0.987823	4.000000	0.020944	0.282135	6.000000	0.100023	0.880772	1.000000	0.010496	1.227166	4.000000	39.511259	12.446457	2.000000	0.015582	1.058204	6.000000	5.733286	26.052992	4.000000	0.013500	0.807844	5.000000	0.051510	1.261614	1.000000	0.012234	51.130628	6.000000	0.019206	5.351799	6.000000	0.012697
83	3	92.069320	39.651443	38.566488	74.894634	43.927161	24.308121	40.800828	11.632572	0.487212	0.389197	0.443678	0.268554	0.523484	0.133267	0.615003	0.414944	13.281674	4.000000	67.504623	11.697988	6.000000	0.027774	0.170555	4.000000	0.022814	5.396490	1.000000	0.012736	0.661624	3.000000	0.012401	1.139686	4.000000	0.018392	0.400843	2.000000	0.022370	0.123014	3.000000	0.024291	0.468212	6.000000	25.037774	6.492513	5.000000	0.066228	0.543260	4.000000	94.092053	1.751113	4.000000	0.020352	5.898014	1.000000	0.073262	0.840922	5.000000	0.010935	51.598184	5.000000	0.011050	7.561482	5.000000	0.010070
84	2	85.294212	73.895415	5.276580	48.661006	95.976021	44.456063	90.441181	76.666768	0.837530	0.109436	0.184182	0.259077	0.301334	0.101597	0.627295	0.318127	176.937829	4.000000	59.918642	5.539877	4.000000	0.011044	0.393193	6.000000	0.016653	4.357851	1.000000	0.011865	0.820960	4.000000	0.018990	0.030270	2.000000	0.018271	0.157622	5.000000	0.031788	0.228698	5.000000	0.020082	0.538005	2.000000	65.548716	3.108898	6.000000	0.022857	0.463796	1.000000	54.880165	5.724304	3.000000	0.017695	6.917928	2.000000	0.012053	0.268936	1.000000	0.021244	19.107462	1.000000	0.044085	6.136845	1.000000	0.066913
85	2	94.675553	95.405370	33.324360	55.154250	90.875653	81.860862	55.336286	44.557423	0.256500	0.337797	0.521911	0.977761	0.234526	0.572277	0.320414	0.456436	9.394588	3.000000	76.781625	5.439450	2.000000	0.012273	0.023927	5.000000	0.010524	9.163454	1.000000	0.020630	0.517932	1.000000	0.015173	0.694863	5.000000	0.016715	0.603029	3.000000	0.032719	1.270451	4.000000	0.077698	0.683807	5.000000	48.506689	2.681273	3.000000	0.213754	1.382309	4.000000	86.529553	39.231700	6.000000	0.021209	12.237432	3.000000	0.010837	0.715237	1.000000	0.010212	53.943872	5.000000	0.218130	48.868156	2.000000	0.010353
86	2	52.592973	92.846422	5.111187	27.668051	91.430884	24.956743	63.631388	96.246873	0.760789	0.212410	0.427878	0.138081	0.650665	0.206814	0.350759	0.913144	33.870142	6.000000	35.097947	9.377972	2.000000	0.048483	0.390356	5.000000	0.011165	9.238029	6.000000	0.091768	0.749011	6.000000	0.013426	1.315701	6.000000	0.014227	0.046101	2.000000	0.012756	0.372287	5.000000	0.013733	0.063687	2.000000	83.803940	1.284480	3.000000	0.073854	0.786326	5.000000	69.749695	2.651417	4.000000	0.029874	8.209810	2.000000	0.019809	0.170572	4.000000	0.029644	5.664867	5.000000	0.015019	45.453188	5.000000	0.099171
87	1	94.262568	17.798540	39.663380	99.950473	64.057401	23.752118	94.840821	58.167639	0.363811	0.814292	0.153524	0.257379	0.424302	0.798579	0.305947	0.235709	179.933505	6.000000	90.986433	7.638196	5.000000	0.010992	0.522688	4.000000	0.110242	13.244987	1.000000	0.026996	0.092742	5.000000	0.100191	1.517778	5.000000	0.010272	0.692425	5.000000	0.014445	0.367126	6.000000	0.019279	0.201765	2.000000	73.164271	2.617566	2.000000	0.019774	0.900611	6.000000	34.720259	2.908756	3.000000	0.012326	5.153462	4.000000	0.112774	1.027031	1.000000	0.014535	29.688851	4.000000	0.150890	43.183179	6.000000	0.110704
88	2	14.585671	36.056981	98.186196	47.335914	72.449146	2.907842	59.472356	62.623099	0.513775	0.345956	0.273701	0.388013	0.193462	0.874624	0.894369	0.734037	20.750886	1.000000	18.714151	3.052373	5.000000	0.039717	0.130952	6.000000	0.053387	12.191533	2.000000	0.028591	0.478619	1.000000	0.259242	0.742228	3.000000	0.032547	0.419972	5.000000	0.017756	1.583915	1.000000	0.038412	0.300305	4.000000	44.533602	12.406250	1.000000	0.011133	0.609276	4.000000	78.428480	20.443975	6.000000	0.016108	10.949615	3.000000	0.422607	0.799183	3.000000	0.043910	45.791799	5.000000	0.062345	4.940972	2.000000	0.012513
89	2	8.889963	48.350508	21.257790	89.924508	33.294461	47.231055	85.006651	94.030900	0.971175	0.350815	0.118681	0.245139	0.406677	0.756969	0.189128	0.177951	29.340883	2.000000	89.332900	9.625573	2.000000	0.010982	1.195306	2.000000	0.090027	6.943969	2.000000	0.012086	0.319751	1.000000	0.041683	0.050234	2.000000	0.012572	1.105243	2.000000	0.101620	1.208421	3.000000	0.012286	0.259745	1.000000	57.648449	13.121968	5.000000	0.012941	1.623331	4.000000	43.555297	18.200494	6.000000	0.019046	1.631845	3.000000	0.012231	1.366170	4.000000	0.014557	54.073411	4.000000	0.033754	30.986402	5.000000	0.010808
90	1	62.832678	7.955391	73.440343	3.693623	38.694071	3.060239	97.770529	90.380211	0.643268	0.651721	0.766591	0.811765	0.394889	0.685311	0.882998	0.345977	66.701678	5.000000	60.180663	9.751711	4.000000	0.016927	0.124284	5.000000	0.034824	3.599692	4.000000	0.023644	0.935057	4.000000	0.015909	0.387502	2.000000	0.049115	1.052487	6.000000	0.012934	0.054270	1.000000	0.011071	0.324231	6.000000	48.561480	2.229829	4.000000	0.029210	1.527870	2.000000	72.370461	31.700606	4.000000	0.012588	5.637888	1.000000	0.015972	1.398068	3.000000	0.037287	42.018397	2.000000	0.031049	21.052103	1.000000	0.011670
91	2	81.462940	24.508386	10.914663	74.323017	6.434743	98.001197	91.249357	57.753023	0.481240	0.239822	0.474457	0.533991	0.225651	0.336534	0.247636	0.488710	136.697351	3.000000	9.295625	6.828726	3.000000	0.012154	0.928290	5.000000	0.020267	8.836595	1.000000	0.016470	0.203482	3.000000	0.011495	0.892394	6.000000	0.051693	1.198615	6.000000	0.013252	0.480067	5.000000	0.010964	0.494234	6.000000	21.929097	2.819925	3.000000	0.025940	0.377313	1.000000	51.422908	22.968960	3.000000	0.023291	10.484360	6.000000	0.011209	0.494581	3.000000	0.011002	44.254501	4.000000	0.066205	40.087876	2.000000	0.026934
92	1	46.907945	97.301526	66.884340	50.407736	44.777437	40.139823	91.088550	80.558778	0.620714	0.192500	0.397145	0.362094	0.905953	0.410039	0.505097	0.839481	132.598666	2.000000	8.421492	6.209129	1.000000	0.010886	1.216163	2.000000	0.030560	5.268754	3.000000	0.015496	0.294628	4.000000	0.013127	1.113782	1.000000	0.030406	0.264031	5.000000	0.012452	0.299922	3.000000	0.076067	0.685396	6.000000	50.938303	0.294587	4.000000	0.010257	1.643733	1.000000	8.425512	13.683838	4.000000	0.016468	4.150783	2.000000	0.010215	0.374041	1.000000	0.152430	29.505262	4.000000	0.037421	48.106298	1.000000	0.019147
93	1	42.544799	33.630359	52.160137	18.021862	32.434403	47.665393	61.651261	75.368485	0.851037	0.926379	0.950992	0.675204	0.565008	0.717571	0.262377	0.185692	102.324767	5.000000	96.962961	0.852674	3.000000	0.012400	0.053416	4.000000	0.015067	1.753368	3.000000	0.016794	0.185158	3.000000	0.026083	1.108851	3.000000	0.329724	1.180648	1.000000	0.015567	1.439652	2.000000	0.011195	0.048429	5.000000	60.361255	8.663372	5.000000	0.010552	0.220773	3.000000	25.355453	44.610084	5.000000	0.043173	1.522908	6.000000	0.047056	0.322283	3.000000	0.011924	32.316916	1.000000	0.046383	15.488853	4.000000	0.025466
94	10	7.199925	68.858643	90.796349	25.447671	6.474476	17.046325	93.819626	89.562026	0.916988	0.926341	0.494471	0.982097	0.204922	0.510041	0.792553	0.271048	51.117644	3.000000	55.332113	6.619115	2.000000	0.075468	0.927617	1.000000	0.029038	14.029368	4.000000	0.019940	0.988438	2.000000	0.011298	1.562970	1.000000	0.012924	0.605896	4.000000	0.093028	0.982977	5.000000	0.014175	0.670756	1.000000	21.296611	3.864946	3.000000	0.014040	0.428108	6.000000	1.724598	55.729473	2.000000	0.011301	4.072518	5.000000	0.010901	1.017222	4.000000	0.010885	10.531189	5.000000	0.022979	22.709824	4.000000	0.024102
95	2	40.445629	67.103192	90.492518	11.140749	86.729275	76.385148	62.602934	59.751471	0.623686	0.300122	0.588223	0.951963	0.408857	0.650242	0.878991	0.540964	131.494222	6.000000	75.536834	7.322911	6.000000	0.010566	1.115701	4.000000	0.012962	11.181446	4.000000	0.039671	1.161624	3.000000	0.397799	1.181620	5.000000	0.014033	0.314060	3.000000	0.027219	0.790863	6.000000	0.010226	1.040196	5.000000	33.411220	8.912120	4.000000	0.029334	0.931001	1.000000	24.991340	6.025675	3.000000	0.047008	10.389648	4.000000	0.012440	1.188433	6.000000	0.018520	19.531902	5.000000	0.011763	5.497980	5.000000	0.040447
96	2	46.261011	19.844500	46.301267	51.840897	84.937703	41.659584	33.379543	93.119918	0.471448	0.540341	0.620392	0.962675	0.234119	0.361767	0.915547	0.243897	58.140424	2.000000	10.248085	9.485206	4.000000	0.026336	0.572532	1.000000	0.013909	1.669298	5.000000	0.010771	1.177531	6.000000	0.012333	1.553612	1.000000	0.021557	0.373566	1.000000	0.024502	0.136735	4.000000	0.017210	1.107253	4.000000	89.547697	10.681358	1.000000	0.018521	0.865924	6.000000	74.761778	1.803959	4.000000	0.243916	7.106483	6.000000	0.025550	1.393698	5.000000	0.018536	52.267404	2.000000	0.011983	49.700567	3.000000	0.014220
97	2	52.823864	77.015383	72.170366	13.777704	79.925147	92.539385	88.562930	68.116007	0.919506	0.495676	0.489147	0.215761	0.656701	0.914618	0.180919	0.767297	26.773188	5.000000	21.600901	4.422764	5.000000	0.075956	0.446543	1.000000	0.047245	12.339111	2.000000	0.015965	0.528058	4.000000	0.032711	0.924565	2.000000	0.046777	0.162802	1.000000	0.013898	0.396261	4.000000	0.014766	1.146651	3.000000	14.510322	3.500341	5.000000	0.110691	1.641180	5.000000	56.931529	14.505324	3.000000	0.035098	2.345953	4.000000	0.010021	1.589835	3.000000	0.063061	21.552847	3.000000	0.022846	15.304298	4.000000	0.018267
98	2	31.497256	91.288716	80.279366	54.004659	23.449891	35.723543	95.591332	33.969848	0.296860	0.234067	0.570595	0.399968	0.846750	0.890558	0.522270	0.376315	162.478558	1.000000	20.225235	0.155161	3.000000	0.027877	1.161660	1.000000	0.427145	12.389662	1.000000	0.015995	0.711295	3.000000	0.047543	0.335111	5.000000	0.021338	0.555943	3.000000	0.010178	0.497705	3.000000	0.015999	0.756340	2.000000	90.217187	10.947746	1.000000	0.016695	1.308955	6.000000	24.725728	25.842465	3.000000	0.049729	4.256419	6.000000	0.080239	0.316085	3.000000	0.060430	33.846103	4.000000	0.027960	20.715716	6.000000	0.127352
99	1	78.862991	81.494207	88.379582	54.516392	49.458601	34.748310	45.931232	60.784133	0.609446	0.774296	0.632088	0.619361	0.489907	0.155078	0.128948	0.555205	124.015651	3.000000	33.086295	4.470128	6.000000	0.125340	1.148897	5.000000	0.011449	4.149715	4.000000	0.016649	1.132423	2.000000	0.036593	1.370856	1.000000	0.020884	0.527211	3.000000	0.012476	1.437107	5.000000	0.017457	0.130606	6.000000	22.894194	9.649405	2.000000	0.016543	0.017986	1.000000	68.364326	23.589612	5.000000	0.024036	5.574657	2.000000	0.036952	0.713195	4.000000	0.010674	10.046436	1.000000	0.024008	2.294377	1.000000	0.011681
100	2	92.429677	71.570660	62.397904	81.073479	31.061732	9.351961	15.845011	69.524171	0.604151	0.575396	0.757740	0.862698	0.372703	0.538492	0.448350	0.348216	49.698275	3.000000	11.796032	3.198790	2.000000	0.016059	0.234785	3.000000	0.155615	9.784089	6.000000	0.016256	0.064187	2.000000	0.026148	0.991038	5.000000	0.014328	0.961269	3.000000	0.127153	0.661377	3.000000	0.023215	0.416723	3.000000	82.178074	9.864748	4.000000	0.010617	0.089997	2.000000	22.682345	8.979865	4.000000	0.044781	1.260914	1.000000	0.022138	0.866259	4.000000	0.014497	36.980921	4.000000	0.010184	31.078133	2.000000	0.015492
