2	2	6.665844	1.736377	-0.378221	5.073242	-5.906362	2.868734	6.648926	0.749419	6.665844	-3.740849	3.031973	1.323751	4.603149	4.885407	3.711871	5.691284
4	2	5.537509	-1.825214	1.170203	6.948781	-12.076505	2.074929	7.202241	5.587842	5.537509	-4.688555	4.956150	7.059381	-13.748185	2.073957	7.202241	5.587843
7	2	6.458082	-8.127767	6.488342	7.910785	-11.577918	2.358408	5.136660	6.790379	6.458082	-1.111940	-1.058149	1.200374	3.873569	6.688971	-1.161435	3.978294
10	2	8.170538	0.360961	-3.244428	-2.750270	6.815781	6.596735	-2.841406	4.537436	8.170538	-4.363247	6.455118	5.216559	-9.856968	0.874841	2.569463	7.120900
11	2	6.212367	0.208197	-5.415703	1.368899	7.833067	2.280751	-1.682494	6.220266	6.212367	0.193968	0.146301	4.790892	-4.445350	-0.122675	4.297020	5.980821
14	2	8.701804	-2.567762	0.341001	0.600305	3.765693	3.170675	0.915907	7.857131	8.701804	-8.702812	6.313622	6.427540	-15.679950	-2.422518	6.314646	6.496223
15	2	6.534605	4.246072	-2.234037	2.091104	-9.409626	6.277308	8.674018	-3.686011	6.534605	4.246540	-5.702248	-2.533052	4.720166	6.715927	4.598417	-0.470019
19	2	7.743292	0.245718	-0.460415	-3.420514	4.626771	6.157842	3.919828	6.625730	7.743292	-1.038156	5.806674	5.475461	-4.608701	1.593777	8.882915	0.773903
21	2	5.755159	1.762713	-3.300764	1.062174	4.698634	5.917811	-0.527768	5.207015	5.755159	-1.208037	6.259775	6.942902	-2.607653	-0.563206	4.460248	5.975150
22	2	6.729398	2.275671	-6.997533	-2.301179	6.668282	6.987199	0.201916	3.882052	6.729398	2.995731	-1.010823	1.804157	-2.795269	6.957729	5.607543	-2.642973
23	2	6.697788	-6.116610	4.562538	7.001112	-11.582682	1.011474	6.542039	-0.113625	6.697788	-1.047345	0.903613	0.511526	2.420382	7.109751	3.229625	0.292418
25	2	4.661196	-1.664392	0.589888	-0.511029	5.936976	4.717596	-3.015599	1.896037	4.661196	-7.791486	6.332419	3.269074	-10.472326	3.208753	2.638126	3.790750
26	2	4.430851	0.429370	-1.669836	-4.990231	2.781198	6.482568	3.635030	-2.435264	4.430851	-4.474688	7.316560	7.013872	-14.478897	2.197977	8.270180	2.992245
27	2	7.280599	1.445124	-0.783662	1.081645	-8.089702	6.818684	5.623523	-3.397820	7.280599	1.461807	-2.287244	-1.234448	1.214244	6.867977	3.447406	-2.612814
28	2	8.081989	0.867388	0.181664	-7.833076	6.180263	9.321330	2.416819	0.814538	8.081989	-0.363499	8.698831	-3.497716	-2.544707	9.321330	5.424733	0.339303
29	2	7.790736	1.443960	-2.445645	-6.334909	7.329075	7.307469	-1.495608	0.710986	7.790736	-3.185854	5.735097	6.306397	-9.275021	1.962257	4.973937	4.569171
30	2	6.638786	-2.833506	5.749250	3.736315	-11.461474	1.215686	4.615991	3.952020	6.638786	1.150881	-0.015137	-6.034495	2.150450	6.796752	1.513822	1.215336
35	2	6.278214	-1.560940	9.184830	2.714437	-5.730543	4.187725	6.953460	0.936872	6.278214	-7.164971	3.849815	-2.298885	1.142131	4.722954	1.154767	5.495709
37	2	9.423050	-4.519656	7.938380	6.659568	-3.566243	-0.115489	3.859100	7.846289	9.423050	-3.562173	1.258717	1.692406	4.371533	5.788389	-2.241400	7.082019
39	2	6.202608	-0.784597	4.839345	5.539026	-7.636501	2.013270	6.775506	-1.522495	6.202608	0.056174	-1.016769	-0.735129	6.589114	6.899800	1.758134	0.942213
40	2	5.344696	-1.270812	7.431654	6.123370	-9.811907	1.545400	5.457548	3.584276	5.344696	0.133642	-0.882592	0.516768	3.356454	4.501802	-0.224844	5.900367
41	2	2.993653	-3.800559	1.366620	-0.482836	2.990289	4.451171	-0.089707	7.932256	2.993653	-9.549119	6.765983	5.246115	-7.590197	0.688993	4.779638	7.709521
42	2	7.258895	-2.880791	6.702167	6.236563	-16.403666	2.599533	7.788381	0.916898	7.258895	0.761189	-0.976088	-4.789228	3.746268	8.306895	2.429159	0.472027
44	2	6.889205	0.948274	-5.272295	-0.521043	6.296062	7.137486	0.494354	2.301608	6.889205	1.590914	-1.081376	3.400802	-10.066148	4.989741	6.460187	-0.452842
45	2	5.085686	-0.350026	-2.242937	-3.905597	4.230239	6.485097	1.787703	0.651788	5.085686	-2.549605	5.279059	1.168353	-12.822985	6.484678	8.230474	-4.958031
47	2	6.371117	-5.959613	6.750907	6.001216	-12.737124	1.301677	3.790512	5.339782	6.371117	3.511553	-4.432079	-4.377321	5.183267	7.130289	-2.636264	-1.139969
48	2	5.787898	-3.841120	8.090546	6.842861	-9.919548	-3.420393	8.276594	6.891424	5.787898	-1.364561	4.034692	-0.712972	4.756470	0.344155	1.823906	8.888628
49	2	8.480727	-0.945911	1.263005	4.194062	7.368736	4.708803	2.388815	7.315299	8.480727	-4.314530	7.523502	7.725460	-9.907830	0.968158	7.474015	5.389886
50	2	7.927083	-1.006399	-1.428298	-2.489915	5.594147	6.057771	0.013932	7.550976	7.927083	-6.312992	5.246283	4.078870	-5.068697	3.904500	4.531637	8.446148
52	2	5.434427	0.844213	-3.327171	-4.397513	5.498893	7.096675	3.689062	3.125713	5.434427	1.293959	-3.410805	1.230631	-8.714210	7.091663	7.339960	-1.884987
54	2	4.451792	1.239285	-2.911698	-2.591290	6.289162	6.542210	5.292757	-2.026663	4.451792	-0.018909	5.115084	4.690587	-0.505247	3.154156	7.287692	-0.955353
55	2	5.215983	-4.164320	5.010396	2.210554	3.503992	7.886138	0.729749	1.650097	5.215983	-6.585146	7.077594	7.880817	-7.534827	1.815021	6.779933	3.793199
57	2	5.772750	-12.671049	5.556224	7.214904	-12.046862	-1.512267	7.207978	1.591359	5.772750	-8.717032	3.216442	2.812991	2.005771	3.714265	1.935552	4.254461
58	2	6.712298	-1.841134	3.937015	5.917477	-10.850864	0.109466	5.158059	6.354772	6.712298	-1.398700	-1.894610	2.646352	4.776611	1.710728	-0.052841	7.725922
60	2	7.302210	0.992841	-3.046984	-0.346892	6.065291	6.728464	5.500621	2.089804	7.302210	0.820553	2.864540	5.412939	-8.928693	1.197929	9.425346	1.717872
63	2	4.948882	-2.915443	1.778335	2.581272	7.571873	6.493664	1.014350	6.191225	4.948882	-7.916703	8.544944	9.026038	-5.748327	0.809839	7.641134	6.028172
65	2	5.852764	-6.453776	7.633592	8.444956	-17.784254	-0.071485	6.877616	1.257507	5.852764	0.633589	-2.017348	-2.460235	4.854529	5.488624	3.876306	-0.375905
66	2	6.244055	0.412931	0.033659	-1.902999	7.475964	4.188426	-1.430860	3.698851	6.244055	-5.651753	7.060235	5.134106	-9.767946	-0.841251	3.512247	7.192146
67	2	7.446610	1.174521	-4.701408	-6.929951	3.819446	7.120868	1.808089	0.871033	7.446610	-0.618748	5.016971	-0.165577	-7.032147	5.404525	6.645411	0.156604
68	2	5.874310	1.656014	-4.681035	-3.527196	6.627070	5.236102	2.610708	4.532696	5.874310	2.530445	0.483821	2.925188	-3.880084	1.856981	7.064584	0.389196
69	2	6.715884	3.382819	-0.066196	-1.565874	9.221314	4.393216	3.418046	1.913895	6.715884	3.451116	2.165919	4.922025	-7.069366	2.226521	8.312565	0.726402
70	2	3.041885	-11.442116	8.130286	6.996831	-10.880800	0.527692	6.837445	4.096531	3.041885	-1.908735	2.081086	0.421760	6.942954	6.195921	0.735490	1.156912
71	2	7.625340	-0.250132	5.382042	5.560116	-8.609593	3.838760	8.490741	-4.648801	7.625340	1.764868	-3.409686	-1.298622	6.930530	8.170824	1.894727	0.433338
72	2	6.008081	3.183811	-3.103000	-4.350277	5.907563	7.299940	1.874270	-1.871746	6.008081	3.173737	0.252225	1.293154	-5.543059	6.911575	8.261159	-4.225449
75	2	7.335233	-6.594763	7.054782	6.184395	-8.288991	-0.568600	6.108652	5.445398	7.335233	-4.601464	3.331482	-0.284579	3.798765	5.939433	-0.080116	6.828343
76	2	6.904564	0.021717	7.097168	0.810158	-6.661202	7.605138	7.695737	-0.743105	6.904564	-1.623636	8.377054	5.923605	-11.045304	1.063110	7.695752	5.552036
77	2	7.977908	-3.053513	2.527156	-0.489290	2.772743	5.049749	3.080850	4.549833	7.977908	-1.609299	8.595109	5.106475	-5.347902	4.223043	5.767151	-0.174612
84	2	6.670162	-0.480560	-1.578742	-3.037693	7.434649	8.772934	1.714547	4.048002	6.670162	-1.511512	4.792912	3.208462	-10.202313	7.326211	7.167243	1.931244
85	2	8.527888	-4.236577	5.858193	5.816897	-11.212464	1.576776	7.431303	4.422353	8.527888	0.457270	-1.717393	-1.075312	8.549093	7.160233	1.063119	3.473615
86	2	6.111230	2.267755	-2.638889	1.364034	-6.559267	6.782480	7.503094	-2.523673	6.111230	2.134254	-8.772816	-4.819902	3.560836	6.914923	2.426999	2.673263
88	2	4.827271	-2.468713	8.159460	6.908977	-9.780160	0.492090	6.055206	3.893179	4.827271	-3.262513	3.830297	5.470996	1.630097	0.519525	1.998412	6.299619
89	2	3.194374	-5.186791	7.371067	8.518170	-14.243551	-0.389928	8.812072	4.165321	3.194374	-2.640577	0.614784	2.151456	4.996430	1.876985	2.710258	9.045182
91	2	7.403244	0.962678	-6.058261	-3.358052	4.806610	8.185902	2.020069	2.411748	7.403244	1.150537	-1.826508	2.368694	-8.406456	8.165663	8.525448	-1.484752
95	2	6.019021	0.572874	0.354158	-7.847082	7.491401	6.876172	0.399498	2.159485	6.019021	-3.958139	7.265143	3.536783	-8.076860	5.549357	6.154238	-4.072831
96	2	6.616554	-6.129693	4.604651	-0.162281	1.782232	6.847439	0.087346	5.062744	6.616554	-6.975967	6.219522	5.721292	-8.685296	1.557268	5.188187	8.012785
97	2	5.844187	2.812826	2.265016	1.208840	-3.891907	5.716355	8.935113	-4.281296	5.844187	3.616779	-2.036404	-5.305626	3.883626	6.660755	4.974609	-1.200897
98	2	6.729300	1.427256	3.189501	1.346428	-4.494552	5.267138	7.512199	-1.362640	6.729300	4.438681	-2.807635	-5.504180	4.683626	5.326022	3.467382	3.680369
100	2	7.257302	-1.061292	-4.290460	0.979615	5.661045	2.809037	-0.964814	7.570965	7.257302	-4.781784	5.974328	6.554162	-15.307380	-0.714714	5.143260	6.778011
