1	1	100	2.327691	1.414248	5.914320	-0.649178	1.061291	-2.736808	4.319392	2.180403	-0.426283	8.291856	6.350599	2.551889	6.309895	0.026707	0.632695	6.030873	2.392817	-0.087902	0.205992	8.304963	6.778857	2.968509
2	1	100	6.333718	8.228300	0.834884	-4.224392	-1.071469	3.411604	-1.067793	6.557101	4.508960	8.562526	4.699607	2.117641	5.717710	-5.709792	-5.495782	8.607127	6.602866	-5.490753	5.562588	8.186339	6.940460	2.152380
3	1	100	3.145418	1.212938	7.351830	2.886251	5.376721	-4.001947	5.962004	4.396831	2.570323	8.223677	6.604501	7.092972	6.480150	3.721611	5.587154	7.000903	4.283837	3.850807	0.642779	7.682048	5.303057	3.754439
4	1	100	0.128048	-4.746319	7.675887	1.386352	8.002246	5.189917	-1.305167	-0.326457	-3.477268	6.116260	2.961732	6.736670	6.914300	5.179819	6.949971	-3.136561	6.783993	5.814436	1.315329	6.522151	6.320915	6.128345
5	2	76	8.547056	7.484104	4.433128	2.235146	5.537388	0.131718	6.520767	6.039949	5.841697	7.778917	6.822427	5.856909	6.501612	4.923198	4.491473	7.274915	1.342675	5.859421	4.761895	7.140445	6.699726	6.898103
5	2	24	8.547056	1.786773	4.433128	-2.719093	5.537388	5.595894	1.081149	2.560241	5.841697	7.778917	3.952023	2.616614	6.501612	-0.592842	3.072164	7.274915	4.813676	0.886133	-1.288838	7.140445	6.699726	6.898103
6	1	100	6.646241	6.063663	4.985460	-1.388734	3.869287	2.814595	-3.762528	3.934036	6.680397	6.093895	0.707926	6.837626	6.155254	1.914939	1.004462	7.123929	6.818915	5.469615	2.321649	6.892205	5.049854	7.000806
7	1	100	6.541620	1.305097	6.318166	-6.786417	5.677411	4.376615	-4.945595	4.054548	8.405505	3.857505	1.965278	4.346601	5.073159	-6.720625	-2.710517	3.842470	5.496596	-2.021978	2.553920	5.344586	5.438328	5.878080
8	1	100	6.543436	6.985893	2.691929	2.481579	0.564416	-0.547696	-1.330677	7.388928	6.842763	4.476809	-2.570073	6.645301	2.835253	-0.752095	0.190873	5.439741	8.301141	5.498003	5.454092	5.364369	6.473918	7.065264
9	10	9	6.447039	4.167432	5.664887	3.004628	5.827209	2.753245	3.792702	6.667633	5.853735	8.556664	7.397002	6.971451	7.264126	0.343561	3.419727	6.072399	-1.414670	4.791445	1.178402	8.072859	5.533711	6.872465
9	10	10	6.447039	4.097681	5.664887	2.627110	5.827209	2.758939	3.393157	6.662534	5.853735	8.556664	7.397001	6.924193	7.264126	0.390566	3.334814	6.072399	-1.414671	4.786265	1.178402	8.072859	5.533711	6.872465
9	10	1	6.447039	4.026738	5.664887	1.950079	5.827209	2.570052	2.644990	6.642635	5.853735	8.556664	7.396971	6.492151	7.264126	1.220491	3.467740	6.072399	-1.414663	4.714279	1.178401	8.072859	5.533711	6.872465
9	10	7	6.447039	4.074784	5.664887	2.492615	5.827209	2.750954	3.251992	6.660014	5.853735	8.556664	7.397001	6.892057	7.264126	0.428699	3.313002	6.072399	-1.414671	4.782341	1.178402	8.072859	5.533711	6.872465
9	10	2	6.447039	4.035163	5.664887	2.215020	5.827209	2.704763	2.959532	6.653404	5.853735	8.556664	7.396996	6.777067	7.264126	0.594132	3.293662	6.072399	-1.414670	4.766545	1.178402	8.072859	5.533711	6.872465
9	10	3	6.447039	4.021640	5.664887	2.044284	5.827209	2.642866	2.772456	6.647921	5.853735	8.556664	7.396988	6.646517	7.264126	0.838607	3.329464	6.072399	-1.414668	4.745297	1.178401	8.072859	5.533711	6.872465
9	10	2	6.447039	4.039797	5.664887	2.254089	5.827209	2.714495	3.001055	6.654469	5.853735	8.556664	7.396997	6.798690	7.264126	0.559603	3.293049	6.072399	-1.414670	4.769716	1.178402	8.072859	5.533711	6.872465
9	10	2	6.447039	4.043807	5.664887	2.285507	5.827209	2.721417	3.034301	6.655289	5.853735	8.556664	7.396998	6.814523	7.264126	0.535338	3.293628	6.072399	-1.414670	4.771979	1.178402	8.072859	5.533711	6.872465
9	10	1	6.447039	4.029143	5.664887	1.948149	5.827209	2.559254	2.635071	6.641892	5.853735	8.556664	7.396968	6.468955	7.264126	1.289246	3.503981	6.072399	-1.414661	4.708785	1.178401	8.072859	5.533711	6.872465
9	10	1	6.447039	4.145731	5.664887	3.550481	5.827209	2.396847	4.432476	6.632135	5.853735	8.556664	7.396964	6.583508	7.264126	2.127093	5.057068	6.072399	-1.414634	4.630379	1.178400	8.072859	5.533711	6.872465
10	10	1	5.987833	0.498469	4.158539	0.914651	3.311329	4.138468	-1.975955	0.812045	5.633854	2.424048	0.386148	7.125911	7.977467	2.151827	4.537475	5.971999	6.987936	2.619541	1.497276	0.597732	5.852377	6.785595
10	10	2	5.987833	0.323226	4.158539	-2.420671	3.311329	4.356189	-4.706932	0.681064	5.633854	2.424048	0.232413	3.250070	7.977467	3.317282	3.840105	5.971999	6.989238	1.781180	1.424989	0.597732	5.852377	6.785595
10	10	1	5.987833	0.354524	4.158539	-0.803548	3.311329	3.616543	-3.635620	0.689893	5.633854	2.424048	0.232508	4.017470	7.977467	3.455261	4.262927	5.971999	6.989257	1.541069	1.412591	0.597732	5.852377	6.785595
10	10	1	5.987833	0.494809	4.158539	0.913535	3.311329	4.263661	-2.118173	0.815989	5.633854	2.424048	0.374933	7.160288	7.977467	2.078669	4.514525	5.971999	6.987801	2.650456	1.507937	0.597732	5.852377	6.785595
10	10	3	5.987833	0.377492	4.158539	-0.349417	3.311329	5.573251	-4.410756	0.760156	5.633854	2.424048	0.237136	7.462014	7.977467	0.456229	3.228482	5.971999	6.988287	2.973575	1.631765	0.597732	5.852377	6.785595
10	10	1	5.987833	0.379253	4.158539	-0.313374	3.311329	3.357586	-2.892751	0.698614	5.633854	2.424048	0.233028	5.249801	7.977467	3.335952	4.377837	5.971999	6.989262	1.645851	1.411033	0.597732	5.852377	6.785595
10	10	1	5.987833	0.340509	4.158539	-1.619249	3.311329	5.660651	-4.670575	0.716236	5.633854	2.424048	0.232916	6.615625	7.977467	-0.111356	2.293888	5.971999	6.988843	2.953199	1.574562	0.597732	5.852377	6.785595
10	10	2	5.987833	0.368465	4.158539	-0.576868	3.311329	5.602318	-4.471004	0.750043	5.633854	2.424048	0.235480	7.430981	7.977467	0.313208	3.049384	5.971999	6.988423	2.982640	1.624896	0.597732	5.852377	6.785595
10	10	2	5.987833	0.437635	4.158539	0.550964	3.311329	5.198639	-3.578990	0.811965	5.633854	2.424048	0.269202	7.388990	7.977467	1.302794	4.056656	5.971999	6.987543	2.868629	1.607453	0.597732	5.852377	6.785595
10	10	3	5.987833	0.404919	4.158539	0.161352	3.311329	5.446799	-4.127563	0.787620	5.633854	2.424048	0.246168	7.450742	7.977467	0.863077	3.667467	5.971999	6.987897	2.934621	1.633435	0.597732	5.852377	6.785595
11	1	100	0.639184	-1.868528	2.651178	-1.703681	3.102426	3.822114	0.693439	2.414514	0.049936	7.017856	4.092395	6.132797	5.981335	0.531311	-2.038146	6.933997	2.373803	0.374881	1.412041	8.305426	7.871286	5.281834
12	1	100	2.140271	1.254286	5.888547	5.119449	6.240895	3.385663	4.400461	5.899144	-0.809552	8.461500	6.562974	6.074645	6.651313	-1.481944	4.649752	2.751086	1.462597	6.418504	4.381473	5.990468	5.710734	3.519074
13	10	1	3.079937	-2.533182	7.930615	2.902093	6.685031	4.500769	3.468051	4.190579	2.100157	7.683616	7.399690	5.345128	5.163943	1.596469	5.460742	4.767439	2.255526	8.662889	3.798925	6.829939	5.371650	7.423534
13	10	2	3.079937	-2.553813	7.930615	1.671994	6.685031	4.584201	3.273730	4.190579	2.100157	7.683616	7.394274	2.873590	5.163943	2.064358	5.464145	4.767439	2.256530	8.645098	3.798925	6.829939	5.371650	7.423534
13	10	3	3.079937	-2.553316	7.930615	1.735348	6.685031	4.751455	3.281201	4.190579	2.100157	7.683616	7.397493	4.121433	5.163943	1.808126	5.441493	4.767439	2.253377	8.745399	3.798925	6.829939	5.371650	7.423534
13	10	2	3.079937	-2.554554	7.930615	1.622432	6.685031	4.691313	3.269459	4.190579	2.100157	7.683616	7.396074	3.538774	5.163943	1.947482	5.452601	4.767439	2.254494	8.720066	3.798925	6.829939	5.371650	7.423534
13	10	1	3.079937	-2.528705	7.930615	3.094363	6.685031	4.232598	3.520604	4.190579	2.100157	7.683616	7.395461	5.124342	5.163943	2.033457	5.479314	4.767439	2.260830	8.534157	3.798925	6.829939	5.371650	7.423534
13	10	2	3.079937	-2.554599	7.930615	1.617028	6.685031	4.681578	3.268877	4.190579	2.100157	7.683616	7.395885	3.464081	5.163943	1.962086	5.453943	4.767439	2.254673	8.714639	3.798925	6.829939	5.371650	7.423534
13	10	1	3.079937	-2.548387	7.930615	2.097863	6.685031	4.756581	3.324398	4.190579	2.100157	7.683616	7.399297	4.903361	5.163943	1.548545	5.431242	4.767439	2.252742	8.739451	3.798925	6.829939	5.371650	7.423534
13	10	2	3.079937	-2.554115	7.930615	1.648171	6.685031	4.602916	3.271460	4.190579	2.100157	7.683616	7.394551	2.964624	5.163943	2.048977	5.462532	4.767439	2.256163	8.660344	3.798925	6.829939	5.371650	7.423534
13	10	2	3.079937	-2.546118	7.930615	2.241501	6.685031	4.730278	3.344570	4.190579	2.100157	7.683616	7.399692	5.076311	5.163943	1.502234	5.433314	4.767439	2.252864	8.730179	3.798925	6.829939	5.371650	7.423534
13	10	2	3.079937	-2.554601	7.930615	1.613309	6.685031	4.658454	3.268380	4.190579	2.100157	7.683616	7.395462	3.298811	5.163943	1.992511	5.456838	4.767439	2.255102	8.700515	3.798925	6.829939	5.371650	7.423534
14	1	100	8.685844	1.941974	2.124703	-10.219029	5.341573	4.524688	-3.624255	0.290747	5.137504	5.391565	2.591194	-0.242330	5.212018	-3.959011	0.673820	6.031084	6.962843	1.820614	1.183847	2.668980	6.171620	7.405809
15	1	100	3.595858	7.142738	5.464332	0.492308	6.990191	0.232768	4.155207	5.010116	2.365569	8.165449	5.153934	4.559071	7.030026	2.514270	5.847547	7.886028	2.362525	2.043913	1.324791	7.228041	6.004248	2.385523
16	1	100	1.100546	-0.477612	6.641765	6.549648	6.063096	1.029898	3.212001	4.604961	-1.093704	6.843104	6.978305	6.523639	7.672430	4.671575	5.047165	3.454574	4.224923	7.201120	4.387430	5.546722	8.361436	5.365963
17	1	100	6.561980	8.442562	2.920142	-5.597811	3.558862	-0.064982	4.138927	6.388837	5.127451	7.018386	6.816440	2.354998	8.259074	0.910000	2.138138	7.396905	1.564277	-0.250108	5.355461	7.091803	9.530077	6.947930
18	1	100	5.585792	7.514368	2.488270	7.046733	2.374516	0.006252	3.292719	6.107371	5.646146	3.326319	9.528513	5.413925	4.931929	0.985921	1.582346	5.709689	-0.318105	5.792486	4.652924	7.003039	7.949348	5.507681
19	1	100	5.127202	3.457148	3.105002	-2.289886	2.427181	4.992120	-1.711654	4.195656	1.621622	7.305307	5.941809	-5.029214	5.032844	-3.881584	-3.351901	1.036194	3.639506	-0.171580	1.640857	6.108981	3.307507	8.027898
20	2	43	4.486223	5.021413	6.398421	0.763875	6.789770	2.367560	5.855003	3.116463	0.361831	6.680030	6.101805	5.402744	6.403583	5.464115	3.941298	1.003677	2.554318	5.426326	-4.842414	5.515124	4.640637	6.426369
20	2	57	4.486223	1.237034	6.398421	-8.827552	6.789770	8.444014	0.569539	-2.597594	0.361831	6.680030	1.097626	-0.783102	6.403583	0.193595	-0.656623	1.003677	5.473033	-1.107847	-4.988763	5.515124	4.640637	6.426369
21	2	36	4.776155	4.925075	5.499424	2.813618	6.494526	3.584593	0.660819	6.673799	3.115638	2.387243	7.920707	5.261737	5.080447	2.821182	5.039468	4.881633	3.468146	-0.225128	4.410125	5.741495	5.107200	4.677914
21	2	64	4.776155	3.539704	5.499424	-3.217997	6.494526	5.969372	-6.120432	4.796227	3.115638	2.387243	1.950981	0.368746	5.080447	-0.859253	-0.969255	4.881633	9.034819	-2.093445	-0.938143	5.741495	5.107200	4.677914
22	1	100	-1.408745	-1.036717	6.835329	3.664379	7.344186	4.125458	4.316946	-0.196295	-6.360651	9.415740	3.807198	6.008525	7.169112	-6.281297	1.199418	4.795495	4.577258	-1.976340	0.374966	5.766613	4.094913	4.575113
23	1	100	6.563456	5.572601	4.869412	-4.775063	4.141245	-0.801276	3.596045	4.866011	3.282183	7.364313	6.980441	-2.831274	5.699515	-3.999986	-0.070304	7.099488	2.128102	-6.430336	3.416379	7.504257	7.687290	4.326591
24	1	100	4.738513	-2.280000	3.942422	-3.863302	2.420173	4.224313	-6.642335	3.280588	2.307707	7.957653	2.934778	5.191675	6.143683	1.931669	-0.414863	6.475248	7.274001	1.341335	0.526674	7.204432	3.376062	3.800271
25	1	100	4.000825	6.274065	6.814025	-1.137190	2.428999	0.860312	4.566997	6.943116	1.826720	5.977821	5.685794	-4.540295	3.989401	1.621555	-2.175631	-1.924701	3.810552	1.738820	4.447031	5.452785	6.637922	7.837393
26	1	100	6.756286	0.629987	1.492046	-11.934350	-0.329528	4.378925	-5.254382	2.063023	5.387565	2.938989	-2.349798	1.894260	5.165593	-2.587915	-4.829062	6.348599	9.141243	-2.386496	3.012487	6.423819	7.345113	6.169025
27	1	100	5.716326	2.929250	7.939324	-1.233866	7.603583	5.357354	0.172036	1.748182	3.155372	8.223675	1.802938	5.752638	6.519095	-0.145167	-0.542211	7.297832	6.963096	3.411889	-0.292754	6.708959	6.767969	7.525079
28	1	100	6.797159	2.206751	6.605845	-1.158977	4.133199	3.838268	-1.514488	5.690596	6.223317	5.211399	-2.192003	2.407783	6.384380	-0.830904	0.275805	6.540597	5.019015	-0.018219	5.956380	7.351737	6.816666	6.799366
29	1	100	6.857736	5.477055	6.171173	-4.559618	5.101822	3.300219	-0.500521	5.734342	3.101327	7.009589	5.235784	3.896895	3.690960	-1.242895	0.913179	6.915100	5.646294	4.764448	8.243931	7.126615	7.735227	8.357685
30	1	100	1.465880	3.421205	5.879629	0.102111	5.288211	1.379643	5.045094	4.772691	-0.642142	8.042238	7.414547	0.899076	6.727296	-1.566047	3.148895	7.540161	5.917680	0.746962	2.084015	6.920002	9.235754	6.384195
31	1	100	6.606183	5.447981	4.720652	0.297410	1.946087	-1.500636	-5.729298	5.293881	6.409010	4.343204	0.057292	3.999556	8.227916	-8.469530	-4.203830	6.623659	6.929111	0.808095	3.152382	6.684219	7.648139	6.007017
32	1	100	6.869204	8.367988	1.308100	1.648618	1.880710	0.390396	-0.964801	7.117832	4.659175	5.286369	4.207357	8.683384	6.108964	0.940859	1.605215	0.705911	6.802793	6.413581	6.715729	5.143296	7.211750	7.394294
33	1	100	8.636680	4.568184	3.945059	-6.443987	0.867481	3.263168	-0.740452	5.760318	4.620741	8.357200	2.361341	1.984731	6.619155	0.330983	-7.505624	5.918484	5.627645	-2.256086	5.662241	8.646086	7.126429	2.744916
34	1	100	7.814697	7.873824	1.867805	-5.752521	1.772663	-1.955903	-3.645116	6.610839	6.078994	5.462900	4.369488	4.523753	7.094258	5.976249	1.670889	6.716324	6.021115	3.950643	6.106970	8.541005	6.226421	6.383067
35	1	100	6.765021	6.182184	2.160040	-7.132850	1.528845	-0.159444	1.349558	7.261274	4.278671	7.379756	3.098789	1.432843	6.482713	-0.186304	-3.609224	7.891355	5.847101	0.999619	0.287066	7.411837	4.838787	7.166906
36	1	100	8.296796	4.664468	0.897619	2.969596	6.001689	0.341512	4.159734	2.475126	6.532863	3.839470	7.369785	6.755084	5.380313	4.408228	7.385900	5.974711	4.472865	6.680815	5.782786	5.033256	8.868806	7.772887
37	1	100	-0.554606	-2.498191	2.232407	4.548458	4.580244	2.117320	4.732852	2.311173	-2.593932	8.139728	9.591489	6.909545	6.063177	3.311722	5.495433	0.566296	3.284745	7.850320	-1.364857	3.957546	5.029011	6.422431
38	1	100	-0.637216	-1.169381	5.062724	0.312445	6.874251	3.097148	-0.616989	0.627583	-5.729469	8.271493	2.315039	0.484136	3.721253	-3.478279	4.597080	2.207694	7.292267	1.499071	5.222084	4.520462	7.629301	7.753904
39	1	100	7.295567	2.486134	1.160413	-9.460250	5.485673	7.692222	-6.589642	3.798271	5.766601	6.648038	1.344756	0.903140	6.558555	-2.612444	1.482433	6.544898	7.114834	-6.460376	-1.720147	8.642234	6.747753	5.476707
40	2	38	4.052587	-1.420683	7.307683	-5.495911	6.875953	6.494089	-6.026100	-1.166056	3.496852	7.715736	3.115931	2.297714	7.750635	-0.580415	-0.397352	8.181766	8.145041	-0.193879	2.787838	6.560201	6.209877	8.811584
40	2	62	4.052587	0.107026	7.307683	2.326319	6.875953	3.004088	4.048260	-1.164247	3.496852	7.715736	7.168131	6.140504	7.750635	3.274181	5.890896	8.181766	4.210543	4.616286	2.787839	6.560201	6.209877	8.811584
41	10	1	3.385413	-3.108395	6.432331	2.247709	7.054283	4.411446	1.779311	0.212758	1.394753	4.023237	-2.270858	7.647200	7.567100	1.264503	5.926931	-2.559190	7.105359	6.821194	-2.900916	4.892716	6.835130	9.466838
41	10	6	3.385413	-3.142277	6.432331	1.648392	7.054283	4.680821	0.428383	0.197586	1.394753	4.023237	-4.505400	7.041658	7.567100	2.008007	6.011051	-2.559190	7.105359	6.821190	-2.900968	4.892716	6.835130	9.466838
41	10	3	3.385413	-3.152729	6.432331	1.228829	7.054283	5.072477	-0.274903	0.194257	1.394753	4.023237	-4.685419	6.948502	7.567100	1.841023	5.923993	-2.559190	7.105359	6.821192	-2.900974	4.892716	6.835130	9.466838
41	10	4	3.385413	-3.137369	6.432331	1.772196	7.054283	4.600078	0.698292	0.199307	1.394753	4.023237	-4.291577	7.145716	7.567100	1.928444	6.012381	-2.559190	7.105359	6.821191	-2.900963	4.892716	6.835130	9.466838
41	10	3	3.385413	-3.125454	6.432331	1.995512	7.054283	4.477336	1.205448	0.203864	1.394753	4.023237	-3.595405	7.365514	7.567100	1.688727	5.993771	-2.559190	7.105359	6.821192	-2.900949	4.892716	6.835130	9.466838
41	10	3	3.385413	-3.122898	6.432331	2.035159	7.054283	4.459483	1.296383	0.204937	1.394753	4.023237	-3.424639	7.407070	7.567100	1.634308	5.987302	-2.559190	7.105359	6.821193	-2.900946	4.892716	6.835130	9.466838
41	10	3	3.385413	-3.128912	6.432331	1.938312	7.054283	4.505576	1.074368	0.202476	1.394753	4.023237	-3.816407	7.306671	7.567100	1.760990	6.001283	-2.559190	7.105359	6.821192	-2.900953	4.892716	6.835130	9.466838
41	10	1	3.385413	-3.111606	6.432331	2.197547	7.054283	4.410973	1.666571	0.210526	1.394753	4.023237	-2.580935	7.585921	7.567100	1.368016	5.946673	-2.559190	7.105359	6.821194	-2.900925	4.892716	6.835130	9.466838
41	10	1	3.385413	-3.109445	6.432331	2.344192	7.054283	4.529849	1.996349	0.218435	1.394753	4.023237	-1.429658	7.831963	7.567100	0.911502	5.840929	-2.559190	7.105359	6.821194	-2.900879	4.892716	6.835130	9.466838
41	10	2	3.385413	-3.138295	6.432331	1.750819	7.054283	4.613396	0.650831	0.198976	1.394753	4.023237	-4.336097	7.126516	7.567100	1.945132	6.012730	-2.559190	7.105359	6.821191	-2.900964	4.892716	6.835130	9.466838
42	1	100	7.774420	6.653294	3.607176	-3.620212	5.367953	0.664264	-0.425817	8.637887	4.127154	6.454093	6.121170	-1.017459	5.014101	-1.374113	0.026623	4.947193	-3.057429	-4.514019	1.763640	8.551634	4.624354	5.821284
43	1	100	-1.320847	3.314546	7.316339	8.320070	7.276925	0.327377	0.588337	8.033744	0.694472	4.976340	3.465225	4.867758	5.323551	4.568775	7.926162	-0.470013	1.019442	7.031224	6.027475	7.118493	5.929807	6.812302
44	1	100	6.954631	4.332700	2.597201	0.353616	1.064597	-0.538973	2.520672	5.859473	7.181841	6.649568	5.490895	6.087261	4.798509	-0.067028	-1.458169	4.217446	4.184597	7.923249	7.035431	6.618998	7.599336	8.144778
45	1	100	8.159816	5.913285	3.522062	-0.007878	1.196117	-1.387466	3.800309	7.262727	3.506560	8.514188	6.545003	7.440680	5.067182	-1.391050	0.279394	7.197358	3.526046	6.713098	4.642298	6.975868	8.157176	6.252430
46	1	100	6.007105	-1.003091	3.252637	-3.892870	6.461428	3.037274	-0.454687	-0.145201	1.282169	7.883672	5.538783	-0.391494	5.526720	-1.250959	-3.719092	-0.029415	2.073502	-1.370469	-2.306562	5.187290	8.997026	3.487323
47	1	100	2.097180	-2.172282	8.205542	0.362847	7.085842	2.070647	2.548062	1.022744	2.993848	6.157125	6.714163	8.118512	5.646027	-3.948536	-0.743916	4.711330	2.938568	6.450729	0.242751	5.556759	6.827814	8.887332
48	10	1	2.032204	2.609273	7.303736	4.096340	6.497555	-0.515741	2.706676	3.740689	2.985317	7.140230	6.446906	5.020171	5.795382	0.670487	3.672545	7.881408	1.648146	1.769527	-2.729773	6.858757	5.897987	5.416536
48	10	2	2.032204	2.624515	7.303736	4.146543	6.497555	0.436550	2.587199	3.821861	2.985317	7.140230	6.547269	5.493155	5.795382	-0.585358	3.554410	7.881408	1.647863	2.605783	-2.718001	6.858757	5.897987	5.416536
48	10	2	2.032204	2.625843	7.303736	3.600936	6.497555	1.019412	2.518688	3.831799	2.985317	7.140230	6.546780	5.479871	5.795382	-0.764444	3.543313	7.881408	1.647821	2.636242	-2.715133	6.858757	5.897987	5.416536
48	10	3	2.032204	2.548142	7.303736	-0.694119	6.497555	2.365150	1.679695	3.724975	2.985317	7.140230	6.355397	2.686720	5.795382	0.237394	3.500427	7.881408	1.647825	1.879515	-2.706797	6.858757	5.897987	5.416536
48	10	1	2.032204	2.604015	7.303736	3.552451	6.497555	-0.346344	2.583805	3.723070	2.985317	7.140230	6.407784	4.505022	5.795382	0.915206	3.681805	7.881408	1.648166	1.307323	-2.729550	6.858757	5.897987	5.416536
48	10	2	2.032204	2.627107	7.303736	2.907187	6.497555	1.766312	2.417640	3.842094	2.985317	7.140230	6.541170	5.415193	5.795382	-0.956549	3.532799	7.881408	1.647779	2.653848	-2.711770	6.858757	5.897987	5.416536
48	10	5	2.032204	2.626768	7.303736	3.111307	6.497555	1.543892	2.450339	3.839195	2.985317	7.140230	6.543408	5.441721	5.795382	-0.902062	3.535662	7.881408	1.647791	2.650768	-2.712760	6.858757	5.897987	5.416536
48	10	2	2.032204	2.612669	7.303736	4.327228	6.497555	-0.586266	2.748880	3.754526	2.985317	7.140230	6.474666	5.219268	5.795382	0.471619	3.652641	7.881408	1.648115	2.032524	-2.729173	6.858757	5.897987	5.416536
48	10	1	2.032204	2.626610	7.303736	1.779817	6.497555	2.935499	2.175044	3.856220	2.985317	7.140230	6.517436	5.083017	5.795382	-1.210116	3.519484	7.881408	1.647728	2.626028	-2.706208	6.858757	5.897987	5.416536
48	10	1	2.032204	2.558567	7.303736	0.373823	6.497555	3.579274	1.753762	3.831082	2.985317	7.140230	6.446085	4.047738	5.795382	-0.994454	3.507151	7.881408	1.647719	2.385581	-2.700500	6.858757	5.897987	5.416536
49	1	100	2.113052	0.910716	6.745813	-1.311272	2.633639	1.481043	4.054950	5.027470	-2.466632	7.913623	7.162925	1.171123	2.457317	-2.200464	-0.785335	0.637873	1.379109	-4.193358	4.606622	2.283279	7.863783	6.245258
50	1	100	6.165592	1.450735	6.680789	-7.954402	1.791014	6.425615	-5.757007	0.555354	5.918354	6.808985	0.917372	-1.267548	4.716361	-1.165994	-1.897531	6.202262	5.084878	-1.245402	-2.651408	7.228198	5.614273	5.774529
51	1	100	7.369513	8.167172	2.156020	-5.411543	3.710254	0.576209	-1.888272	6.058941	4.845512	6.077526	-0.292718	1.418985	8.191722	-0.565316	-3.360225	5.205101	7.195253	1.235861	7.824374	6.971037	8.247549	7.963669
52	1	100	7.991195	7.052844	0.784820	-5.149230	2.128700	1.862279	-1.439761	5.200237	4.723850	7.203488	2.146328	3.245148	4.937865	-1.051867	-4.949400	4.392381	3.088920	4.195777	6.258180	4.339030	8.808389	5.260312
53	1	100	1.139722	3.369994	6.193534	6.255538	6.740617	3.582742	1.242712	4.051927	-3.948514	8.035343	3.897119	6.738883	7.442802	4.200599	6.850529	-0.344824	6.755942	6.739254	6.086324	4.985877	7.248809	6.176323
54	10	3	2.822582	0.563304	4.565617	2.553111	5.346629	0.944515	5.550531	0.980241	-3.479802	7.805492	4.662920	4.674664	6.980080	2.058055	6.492394	6.922822	3.366635	3.320854	-1.659397	9.465538	7.330674	8.008387
54	10	2	2.822582	0.563041	4.565617	2.505737	5.346629	0.915630	5.494197	0.980238	-3.479802	7.805492	4.661597	4.631127	6.980080	2.127593	6.492398	6.922822	3.367328	3.299017	-1.659397	9.465538	7.330674	8.008387
54	10	3	2.822582	0.082955	4.565617	-1.366683	5.346629	3.303939	3.023225	0.979739	-3.479802	7.805492	4.632393	3.820978	6.980080	2.289394	6.492300	6.922822	3.314845	3.417051	-1.659397	9.465538	7.330674	8.008387
54	10	4	2.822582	-1.152081	4.565617	-1.352320	5.346629	4.289488	4.010230	0.979769	-3.479802	7.805492	4.672817	4.478412	6.980080	1.619534	6.491895	6.922822	3.318906	4.199237	-1.659397	9.465538	7.330674	8.008387
54	10	2	2.822582	-0.243984	4.565617	-1.369187	5.346629	3.620285	3.210584	0.979725	-3.479802	7.805492	4.647767	3.946614	6.980080	2.079393	6.492242	6.922822	3.312420	3.521039	-1.659397	9.465538	7.330674	8.008387
54	10	1	2.822582	0.561331	4.565617	2.066672	5.346629	0.930153	5.124430	0.980222	-3.479802	7.805492	4.652527	4.375595	6.980080	2.487677	6.492409	6.922822	3.370655	3.230903	-1.659397	9.465538	7.330674	8.008387
54	10	1	2.822582	0.562706	4.565617	2.431035	5.346629	0.898376	5.421204	0.980235	-3.479802	7.805492	4.659883	4.577457	6.980080	2.209843	6.492402	6.922822	3.368127	3.277362	-1.659397	9.465538	7.330674	8.008387
54	10	3	2.822582	-0.408629	4.565617	-1.123980	5.346629	4.332731	4.651582	0.979942	-3.479802	7.805492	4.676670	4.898110	6.980080	1.328604	6.491338	6.922822	3.331752	4.732323	-1.659397	9.465538	7.330674	8.008387
54	10	2	2.822582	0.329926	4.565617	-1.353740	5.346629	2.883626	2.826198	0.979797	-3.479802	7.805492	4.607467	3.686512	6.980080	2.559791	6.492350	6.922822	3.321495	3.331727	-1.659397	9.465538	7.330674	8.008387
54	10	4	2.822582	0.486612	4.565617	0.200053	5.346629	3.687936	5.259578	0.980258	-3.479802	7.805492	4.676162	5.186487	6.980080	0.991122	6.491399	6.922822	3.347299	4.549740	-1.659397	9.465538	7.330674	8.008387
55	1	100	5.736125	1.749644	3.628049	-2.832595	3.064210	3.634188	6.503660	3.922740	5.743626	6.365829	7.076911	1.344817	7.715440	1.077134	0.065458	5.301598	0.611999	-5.638531	-2.826398	6.686122	5.933986	5.833234
56	1	100	5.677534	3.657685	5.093316	0.482944	7.234794	5.245234	2.837774	6.609970	3.468624	6.162544	6.634618	6.177505	6.749530	2.636933	6.353052	3.140010	2.880486	4.361980	5.089805	4.951099	4.864546	5.607076
57	1	100	5.356848	2.196697	6.430991	-4.077578	4.307860	4.347436	-4.291133	2.898924	3.690751	5.927508	2.860651	4.795135	6.577505	-0.791782	2.886654	5.497709	4.285155	2.804587	4.545573	5.672354	5.756589	5.619602
58	1	100	3.532069	-3.318397	6.897771	0.261102	6.457747	6.675316	-4.559712	0.910720	1.323505	8.610322	0.250319	8.156724	3.276803	-2.707128	1.968468	6.195504	4.547402	0.481152	2.420813	8.353290	9.296039	5.258984
59	1	100	1.705434	0.990205	6.347578	5.581884	6.841429	4.053300	2.892704	5.587998	1.623253	5.718471	8.692637	7.574827	5.694379	3.020619	8.108767	2.544768	0.622138	7.532570	3.558995	6.455678	5.382407	8.195043
60	1	100	2.515904	0.549013	4.967676	1.893124	7.040816	4.779927	-0.065976	4.662803	0.503816	6.604697	9.330881	6.270304	6.207686	0.913978	6.189219	3.744490	2.059284	6.885830	8.200924	3.458625	9.136107	8.601641
61	10	3	7.016248	5.451391	3.838095	-3.711443	3.307354	3.550260	-0.869791	5.677232	4.793425	6.837002	1.110366	6.097200	9.631317	1.227889	2.750295	8.702579	6.146428	4.787681	3.278913	9.023241	6.707952	6.798209
61	10	5	7.016248	5.517238	3.838095	-0.763996	3.307354	3.536557	-0.073212	5.681928	4.793425	6.837002	3.752203	6.958578	9.631317	0.849488	2.849261	8.702579	6.124424	5.230594	3.279786	9.023241	6.707952	6.798209
61	10	2	7.016248	5.449662	3.838095	-1.941330	3.307354	3.573520	-0.338441	5.679422	4.793425	6.837002	3.766162	7.231620	9.631317	0.237760	0.750418	8.702579	5.932162	5.644312	3.279648	9.023241	6.707952	6.798209
61	10	2	7.016248	5.427629	3.838095	-3.705376	3.307354	3.575554	-1.166704	5.676437	4.793425	6.837002	1.198334	6.510536	9.631317	0.712062	1.039750	8.702579	6.141764	5.471918	3.278849	9.023241	6.707952	6.798209
61	10	4	7.016248	5.436333	3.838095	-2.386932	3.307354	3.577159	-0.538779	5.678179	4.793425	6.837002	3.280763	7.153599	9.631317	0.188424	0.277246	8.702579	6.020182	5.667521	3.279394	9.023241	6.707952	6.798209
61	10	1	7.016248	5.519673	3.838095	-1.027222	3.307354	3.504144	-0.278237	5.680218	4.793425	6.837002	2.570894	6.274958	9.631317	1.291697	3.492158	8.702579	6.147027	4.261034	3.279334	9.023241	6.707952	6.798209
61	10	1	7.016248	5.497293	3.838095	-1.782047	3.307354	3.510583	-0.448497	5.679035	4.793425	6.837002	1.956011	6.032689	9.631317	1.384016	3.436434	8.702579	6.147012	4.188303	3.279149	9.023241	6.707952	6.798209
61	10	3	7.016248	5.460905	3.838095	-3.358608	3.307354	3.540685	-0.759993	5.677583	4.793425	6.837002	1.249097	6.039911	9.631317	1.299334	2.991122	8.702579	6.146656	4.615046	3.278956	9.023241	6.707952	6.798209
61	10	2	7.016248	5.431119	3.838095	-3.840249	3.307354	3.571670	-1.153191	5.676519	4.793425	6.837002	1.041135	6.372886	9.631317	0.879467	1.571786	8.702579	6.144266	5.323121	3.278842	9.023241	6.707952	6.798209
61	10	2	7.016248	5.433422	3.838095	-2.529325	3.307354	3.577823	-0.608436	5.677838	4.793425	6.837002	3.087292	7.115192	9.631317	0.193260	0.187932	8.702579	6.046942	5.669628	3.279311	9.023241	6.707952	6.798209
62	1	100	5.538278	3.966575	6.444755	0.373117	8.559114	5.419169	-8.428446	1.863752	0.950660	1.836395	0.473342	0.055513	6.558716	0.619827	5.525514	4.443505	7.181621	-0.303485	0.066513	6.679739	8.739792	9.080778
63	1	100	3.917082	7.738529	3.475677	5.475785	-2.215744	-1.337873	6.528230	6.510928	4.990813	6.363980	6.449924	6.802823	7.135703	2.848532	1.576460	4.221847	4.566141	5.187135	5.391953	6.762119	6.827622	9.620142
64	2	99	3.033283	5.086946	5.121872	6.561562	4.503570	0.941980	3.419128	5.024730	5.907120	5.875727	6.460582	6.734985	6.816045	4.813256	6.869818	6.544868	0.217164	7.811896	4.071113	6.551141	5.699150	7.294687
64	2	1	3.033283	2.031601	5.121872	0.083683	4.503570	7.336789	-0.284122	4.003718	5.907120	5.875727	6.049941	1.318751	6.816045	1.490892	6.692636	6.544868	0.705572	1.290034	3.551392	6.551141	5.699150	7.294687
65	1	100	0.753531	0.518387	7.554605	8.532589	4.557237	1.658305	0.146616	1.281899	-0.717039	6.113290	2.154263	4.231369	6.936104	5.264821	7.642748	0.303999	6.029155	2.066782	-1.879879	4.212268	4.085388	5.946030
66	10	9	5.647525	2.150817	4.907791	1.469328	4.141082	7.838795	-1.232454	5.756214	7.097613	6.161156	3.065188	3.524763	4.565977	-0.188799	4.089285	5.880148	7.217940	-0.581097	0.783791	7.241663	2.123483	3.856213
66	10	3	5.647525	2.150817	4.907791	1.115894	4.141082	7.877015	-1.238660	5.756214	7.097613	6.161156	3.068198	3.655298	4.565977	-1.506361	3.604810	5.880148	7.217939	-0.363172	0.783791	7.241663	2.123483	3.856213
66	10	1	5.647525	2.150817	4.907791	0.008776	4.141082	7.968360	-1.439151	5.756214	7.097613	6.161156	3.068981	3.688382	4.565977	-2.314283	3.095057	5.880148	7.217939	-0.304501	0.783792	7.241663	2.123483	3.856213
66	10	2	5.647525	2.150816	4.907791	0.769770	4.141082	7.929119	-1.566499	5.756213	7.097613	6.161156	3.063530	3.129353	4.565977	0.983464	4.082682	5.880148	7.217940	-1.094496	0.783791	7.241663	2.123483	3.856213
66	10	9	5.647525	2.150817	4.907791	1.407813	4.141082	7.849937	-1.281200	5.756214	7.097613	6.161156	3.064566	3.466937	4.565977	0.113568	4.141372	5.880148	7.217940	-0.670767	0.783791	7.241663	2.123483	3.856213
66	10	4	5.647525	2.150816	4.907791	-3.223121	4.141082	8.129384	-2.212433	5.756213	7.097613	6.161156	3.064821	2.072458	4.565977	0.417238	2.746704	5.880148	7.217939	-0.853799	0.783791	7.241663	2.123483	3.856213
66	10	1	5.647525	2.150816	4.907791	-2.421546	4.141082	8.125536	-1.954414	5.756214	7.097613	6.161156	3.067046	3.457512	4.565977	-2.912307	2.297788	5.880148	7.217938	-0.300009	0.783791	7.241663	2.123483	3.856213
66	10	1	5.647525	2.150817	4.907791	0.846813	4.141082	7.902518	-1.286664	5.756214	7.097613	6.161156	3.068646	3.669171	4.565977	-1.786216	3.451027	5.880148	7.217939	-0.338769	0.783791	7.241663	2.123483	3.856213
66	10	2	5.647525	2.150816	4.907791	-0.694688	4.141082	8.019149	-1.891527	5.756213	7.097613	6.161156	3.063735	2.476946	4.565977	1.273741	3.704286	5.880148	7.217939	-1.391540	0.783791	7.241663	2.123483	3.856213
66	10	4	5.647525	2.150816	4.907791	0.833893	4.141082	7.923067	-1.544857	5.756213	7.097613	6.161156	3.063547	3.158675	4.565977	0.940440	4.097616	5.880148	7.217940	-1.065117	0.783791	7.241663	2.123483	3.856213
67	1	100	7.766591	-0.232103	5.022329	-9.300615	5.382483	5.098387	-5.939840	2.581735	4.668856	6.995640	4.446907	-0.890865	6.192021	-3.352312	-1.184178	-0.465538	1.111396	0.249754	-0.995750	4.537830	5.429973	9.005695
68	1	100	3.132648	-1.005106	6.252301	-0.217919	8.042159	8.144495	-6.390942	0.572642	-0.383259	7.551622	-0.343031	6.466356	7.006041	-0.184868	2.498201	0.078453	3.554859	4.559059	0.623317	3.815711	7.071649	6.634690
69	1	100	4.056458	2.407094	7.305838	3.375362	7.333382	4.558232	-3.571152	4.838216	6.060812	7.013458	2.429827	8.363079	5.435780	-2.256056	1.233454	7.274712	6.196157	3.961474	1.722771	5.461009	5.361619	7.279194
70	1	100	5.206462	7.287648	-0.524329	-3.420517	0.383476	-0.973341	5.892442	8.389883	4.203018	6.566903	6.723552	2.327419	3.750428	-5.365467	-2.157659	6.276503	-1.262372	-3.631230	3.713580	3.671174	6.036304	2.321826
71	1	100	8.031023	6.507636	-0.036497	-0.320292	4.525129	2.233905	0.438283	5.198552	8.291564	4.648421	-1.743896	1.148799	6.094222	-1.017601	-2.784045	8.147995	5.871684	2.185648	1.878114	6.532974	5.947276	6.964153
72	10	10	5.790890	4.660640	7.989132	0.092828	7.102937	6.894989	-3.091654	5.331004	4.426043	4.283025	-0.076833	4.587990	5.422279	1.153613	3.480265	0.816679	6.486458	9.422499	2.341063	6.498629	6.990959	9.182378
72	10	7	5.790890	4.660639	7.989132	-1.199390	7.102937	6.902789	-3.621756	5.331004	4.426043	4.283025	-0.081143	4.180100	5.422279	1.130877	2.904085	0.816679	6.486458	9.426254	2.341063	6.498629	6.990959	9.182378
72	10	8	5.790890	4.660640	7.989132	-1.026465	7.102937	6.902282	-3.507966	5.331004	4.426043	4.283025	-0.078325	4.323535	5.422279	1.070893	2.858832	0.816679	6.486458	9.426390	2.341063	6.498629	6.990959	9.182378
72	10	10	5.790890	4.660640	7.989132	-0.568883	7.102937	6.900297	-3.290510	5.331004	4.426043	4.283025	-0.074419	4.526056	5.422279	1.023000	2.956164	0.816679	6.486458	9.425628	2.341063	6.498629	6.990959	9.182378
72	10	7	5.790890	4.660640	7.989132	-0.124520	7.102937	6.897418	-3.127245	5.331004	4.426043	4.283025	-0.073700	4.625303	5.422279	1.059648	3.213236	0.816679	6.486458	9.424130	2.341063	6.498629	6.990959	9.182378
72	10	11	5.790890	4.660640	7.989132	0.114933	7.102937	6.894180	-3.126087	5.331004	4.426043	4.283025	-0.079810	4.504805	5.422279	1.222009	3.607447	0.816679	6.486458	9.421528	2.341063	6.498629	6.990959	9.182378
72	10	7	5.790890	4.660639	7.989132	-0.130399	7.102937	6.895710	-3.322196	5.331004	4.426043	4.283025	-0.085447	4.210274	5.422279	1.329310	3.654639	0.816679	6.486458	9.420398	2.341063	6.498629	6.990959	9.182378
72	10	10	5.790890	4.660640	7.989132	-0.740557	7.102937	6.901129	-3.365861	5.331004	4.426043	4.283025	-0.075569	4.463348	5.422279	1.030982	2.899741	0.816679	6.486458	9.426002	2.341063	6.498629	6.990959	9.182378
72	10	8	5.790890	4.660639	7.989132	-0.356587	7.102937	6.897508	-3.439134	5.331004	4.426043	4.283025	-0.086565	4.081918	5.422279	1.338131	3.566050	0.816679	6.486458	9.420803	2.341063	6.498629	6.990959	9.182378
72	10	9	5.790890	4.660640	7.989132	0.087413	7.102937	6.894122	-3.165348	5.331004	4.426043	4.283025	-0.081643	4.435130	5.422279	1.260619	3.656335	0.816679	6.486458	9.421024	2.341063	6.498629	6.990959	9.182378
73	1	100	2.524026	-0.094982	7.704259	3.798868	6.448883	1.726361	-0.481564	-1.218326	3.079887	9.335088	3.926468	5.648615	7.788407	5.371440	3.303891	5.989053	5.174326	5.254391	-0.798556	7.284650	6.676952	6.952669
74	1	100	5.157147	2.478709	4.243675	3.525829	-0.225138	0.092261	3.931738	5.390132	3.210530	6.616997	5.727782	1.589668	6.317463	-0.289006	-1.101235	5.273086	5.869859	0.890263	3.362179	6.871878	6.953011	7.480511
75	2	92	2.157059	-3.228427	7.519065	0.653614	7.934741	5.779884	2.456614	4.445840	1.899831	7.179134	-0.440634	5.237648	5.669450	0.930695	4.940564	4.349955	8.332618	3.796936	2.633581	6.068143	3.645103	9.189205
75	2	8	2.157059	-3.232612	7.519065	-4.324938	7.934741	6.488312	-0.906173	4.445826	1.899831	7.179134	-2.747051	0.539328	5.669450	-0.305292	1.799023	4.349955	8.332618	0.507899	2.633547	6.068143	3.645103	9.189205
76	10	2	-1.799987	0.726370	6.586516	0.349212	5.524125	2.472571	-4.883445	0.496083	1.490929	5.683581	6.549526	5.684747	8.817031	1.651561	4.735541	4.298991	0.616736	0.795931	1.088972	6.120906	8.751191	6.388843
76	10	2	-1.799987	1.457884	6.586516	1.455600	5.524125	1.749002	-2.401167	1.975544	1.490929	5.683581	6.657077	6.162140	8.817031	1.520068	6.252405	4.298991	0.600358	0.825910	1.088970	6.120906	8.751191	6.388843
76	10	2	-1.799987	1.281506	6.586516	1.255975	5.524125	1.723259	-2.900004	1.432780	1.490929	5.683581	6.563736	5.992472	8.817031	1.751412	6.198227	4.298991	0.707177	0.807611	1.088970	6.120906	8.751191	6.388843
76	10	2	-1.799987	1.357310	6.586516	1.344892	5.524125	1.694546	-2.631133	1.645023	1.490929	5.683581	6.590216	6.058636	8.817031	1.681303	6.262412	4.298991	0.688441	0.814704	1.088970	6.120906	8.751191	6.388843
76	10	1	-1.799987	1.543659	6.586516	1.538749	5.524125	2.097082	-2.669604	2.399844	1.490929	5.683581	6.766907	6.304966	8.817031	1.154606	5.878377	4.298991	0.303885	0.840478	1.088979	6.120906	8.751191	6.388843
76	10	3	-1.799987	1.340225	6.586516	1.467091	5.524125	3.038666	-4.071577	2.473149	1.490929	5.683581	6.770459	6.440758	8.817031	0.369825	4.383218	4.298991	-0.097622	0.852994	1.089029	6.120906	8.751191	6.388843
76	10	1	-1.799987	0.504482	6.586516	-0.311970	5.524125	2.904055	-5.700082	0.376389	1.490929	5.683581	6.565135	5.714086	8.817031	1.316762	3.305237	4.298991	0.545796	0.816276	1.088974	6.120906	8.751191	6.388843
76	10	1	-1.799987	1.514773	6.586516	1.511474	5.524125	1.887568	-2.439897	2.211701	1.490929	5.683581	6.718889	6.238778	8.817031	1.350637	6.122699	4.298991	0.469614	0.833915	1.088973	6.120906	8.751191	6.388843
76	10	2	-1.799987	0.358306	6.586516	-0.295040	5.524125	3.420332	-5.840504	0.509664	1.490929	5.683581	6.595978	5.950039	8.817031	0.625723	2.045159	4.298991	0.415252	0.841491	1.088978	6.120906	8.751191	6.388843
76	10	2	-1.799987	1.480949	6.586516	1.479012	5.524125	1.788936	-2.391173	2.063894	1.490929	5.683581	6.679455	6.190373	8.817031	1.463436	6.219609	4.298991	0.559554	0.828902	1.088971	6.120906	8.751191	6.388843
77	2	94	5.476059	2.211132	5.865358	-0.903077	9.031742	1.663107	6.608879	1.117348	2.364700	6.529958	3.902424	6.762828	5.793891	2.013189	5.203504	8.531237	6.210601	7.464394	4.510383	8.712054	7.535436	8.342231
77	2	6	5.476059	-3.129573	5.865358	-8.292957	9.031742	7.665986	2.153443	0.367160	2.364700	6.529958	3.813524	3.077539	5.793891	-2.007920	3.210007	8.531237	6.215849	2.810038	4.509747	8.712054	7.535436	8.342231
78	1	100	-1.656873	-0.853979	3.404040	6.752375	3.957369	1.974150	4.210727	2.291845	0.517546	7.148451	7.994330	6.830838	5.546475	2.517850	4.936905	0.127775	3.760346	7.734860	2.565451	3.940018	6.913250	7.518860
79	1	100	5.218003	0.403253	6.105732	-4.568033	3.829478	5.607371	-11.378625	4.900410	6.465853	4.783802	0.284008	1.082067	6.753513	-2.829554	1.584523	4.117405	6.783365	-2.101381	3.236635	4.800679	6.244058	5.895169
80	1	100	5.988983	5.995911	2.543357	0.130862	-0.271774	-1.727646	1.467041	6.147056	2.506289	5.337292	7.634898	4.532134	7.513482	7.800826	2.867579	7.916894	-0.409360	0.427008	7.565598	6.812655	7.272628	6.057024
81	1	100	0.219893	-5.444528	6.633564	1.101992	6.208511	5.880993	2.986807	-2.292844	-0.364947	7.450052	9.343773	3.708436	5.237314	-0.652804	0.583993	2.160117	8.552713	0.566880	-1.584440	6.302793	5.982298	3.325736
82	10	1	6.756009	6.902808	4.128204	-1.249103	3.108735	2.684153	2.571967	6.161548	7.331252	5.643397	6.655236	7.874769	5.468762	0.291596	3.402768	8.494988	5.764079	5.567123	-0.858905	6.768228	5.402488	6.369212
82	10	1	6.756009	6.904937	4.128204	-1.046011	3.108735	2.649882	2.647058	6.161685	7.331252	5.643397	6.671451	7.980357	5.468762	0.330465	3.418979	8.494988	5.752215	5.567149	-0.858899	6.768228	5.402488	6.369212
82	10	1	6.756009	6.913199	4.128204	-0.308577	3.108735	1.046132	3.792818	6.161884	7.331252	5.643397	6.674135	7.345394	5.468762	4.327599	5.006896	8.494988	5.963512	5.554488	-0.858913	6.768228	5.402488	6.369212
82	10	2	6.756009	6.904059	4.128204	-1.129561	3.108735	2.664837	2.614423	6.161629	7.331252	5.643397	6.665102	7.944605	5.468762	0.312331	3.411499	8.494988	5.756321	5.567141	-0.858902	6.768228	5.402488	6.369212
82	10	4	6.756009	6.909252	4.128204	-0.624112	3.108735	2.550728	2.852680	6.161937	7.331252	5.643397	6.695858	8.057570	5.468762	0.474761	3.482127	8.494988	5.746224	5.567162	-0.858889	6.768228	5.402488	6.369212
82	10	2	6.756009	6.895355	4.128204	-2.530869	3.108735	2.348242	2.865819	6.160686	7.331252	5.643397	6.543158	5.230162	5.468762	4.474301	4.766716	8.494988	6.058483	5.531426	-0.858960	6.768228	5.402488	6.369212
82	10	2	6.756009	6.908219	4.128204	-0.728599	3.108735	2.579611	2.795169	6.161880	7.331252	5.643397	6.691041	8.049207	5.468762	0.429694	3.461495	8.494988	5.745618	5.567162	-0.858891	6.768228	5.402488	6.369212
82	10	2	6.756009	6.906155	4.128204	-0.929672	3.108735	2.626801	2.696795	6.161760	7.331252	5.643397	6.679487	8.015776	5.468762	0.360933	3.431655	8.494988	5.748211	5.567156	-0.858896	6.768228	5.402488	6.369212
82	10	1	6.756009	6.896751	4.128204	-1.865278	3.108735	2.754552	2.419767	6.161124	7.331252	5.643397	6.594019	7.114313	5.468762	0.363978	3.389663	8.494988	5.841574	5.566582	-0.858927	6.768228	5.402488	6.369212
82	10	1	6.756009	6.893105	4.128204	-2.563447	3.108735	2.510134	2.670265	6.160657	7.331252	5.643397	6.531679	5.492158	5.468762	3.944364	4.557062	8.494988	6.033876	5.546825	-0.858957	6.768228	5.402488	6.369212
83	1	100	6.020466	5.350611	0.846356	-1.509383	-0.762016	-0.501040	-1.115483	4.051211	-2.316031	6.307107	1.368939	5.509737	3.698520	2.305138	-1.600485	5.303331	7.324254	5.015374	-2.802880	7.212415	4.500804	8.270393
84	1	100	2.448658	-7.033767	6.025441	-0.285822	6.867901	6.862325	2.181979	1.289974	-0.019494	7.146270	7.100165	0.066958	6.489281	-2.779364	1.941347	4.635279	3.121567	-3.487233	4.232711	6.589639	4.728434	5.270691
85	1	100	4.813113	1.532405	5.063190	-3.884120	6.070138	6.965435	-10.956038	6.906136	6.443521	0.919230	2.879075	-3.756755	5.847631	-1.524159	-0.821165	6.780937	2.965119	2.052713	5.748677	7.291365	7.085887	9.348170
86	1	100	4.077908	-5.523714	7.446257	4.644074	6.523250	5.075854	1.567208	0.038035	2.195221	6.340201	8.876958	7.492078	6.629041	0.022587	9.224504	6.148641	1.777233	0.964580	-1.003774	5.460723	7.808914	7.524947
87	1	100	5.352213	6.878188	3.252937	2.673315	4.117152	-0.667644	5.098469	6.979297	3.494352	6.394132	6.441598	2.254568	6.641168	1.016268	5.687493	6.229049	4.799100	-0.010552	6.796324	7.939216	9.109171	4.745316
88	1	100	4.950883	3.738250	4.104477	-2.774588	0.456088	3.980341	-4.631711	4.262424	5.222734	6.758431	-1.240041	1.112012	8.963524	1.221585	-0.328294	7.274846	7.090402	-1.414639	5.433629	3.426764	8.564422	7.431920
89	2	95	0.444015	1.655506	5.609826	6.901972	2.227057	1.344710	0.552627	2.259103	2.678200	7.467452	0.948104	6.942457	7.075482	2.418394	2.441737	6.426285	8.061173	3.605039	1.112144	6.638408	8.775832	9.239035
89	2	5	0.444015	-2.502807	5.609826	1.011153	2.227057	4.157935	-0.891050	1.973956	2.678200	7.467452	0.883025	2.211587	7.075482	-1.105845	0.755550	6.426285	8.061173	-1.671325	0.931845	6.638408	8.775832	9.239035
90	1	100	4.767827	-3.191070	6.227258	-2.857431	5.812187	6.626475	0.668618	2.872394	4.052506	7.511512	3.392688	2.680892	1.876391	-0.817123	4.691401	6.213522	7.569362	-4.529746	5.060910	7.698559	8.229495	4.892460
91	2	63	5.714800	0.487002	4.015286	4.061225	4.202662	4.529737	-1.435751	5.204594	4.919283	5.813672	-0.147723	2.340244	7.134587	3.100766	3.913517	2.579805	5.361804	4.318184	3.682180	2.834554	5.343205	8.514101
91	2	37	5.714800	-0.031944	4.015286	0.291612	4.202662	5.806782	-3.746378	4.813719	4.919283	5.813672	-0.148015	0.843674	7.134587	-0.833708	0.506954	2.579805	5.361804	3.372842	3.645351	2.834554	5.343205	8.514101
92	10	1	0.059554	-6.146160	8.992747	-0.733141	6.867759	6.589542	-3.522951	0.483174	-1.042816	6.218335	1.480478	5.979227	6.424771	-1.649074	-0.370128	1.312910	8.679760	4.607079	5.240192	6.045135	6.827807	6.090760
92	10	13	0.059554	-6.193839	8.992747	-4.312010	6.867759	6.813799	-5.184772	0.483174	-1.042816	6.218335	1.480460	1.695588	6.424771	-4.293558	-0.807202	1.312910	8.679760	2.067624	5.240192	6.045135	6.827807	6.090760
92	10	1	0.059554	-6.143573	8.992747	1.390426	6.867759	6.328452	-3.143647	0.483174	-1.042816	6.218335	1.480474	5.954165	6.424771	0.424343	5.258329	1.312910	8.679760	4.345960	5.240192	6.045135	6.827807	6.090760
92	10	9	0.059554	-6.127287	8.992747	1.685851	6.867759	6.463726	-3.030234	0.483174	-1.042816	6.218335	1.480478	6.709613	6.424771	-1.651313	1.903689	1.312910	8.679760	4.631259	5.240192	6.045135	6.827807	6.090760
92	10	12	0.059554	-6.131080	8.992747	1.121851	6.867759	6.509931	-3.032642	0.483174	-1.042816	6.218335	1.480479	6.731781	6.424771	-1.777118	1.053598	1.312910	8.679760	4.649229	5.240192	6.045135	6.827807	6.090760
92	10	2	0.059554	-6.135221	8.992747	0.598242	6.867759	6.542060	-3.061830	0.483174	-1.042816	6.218335	1.480480	6.702776	6.424771	-1.834280	0.445814	1.312910	8.679760	4.657343	5.240192	6.045135	6.827807	6.090760
92	10	5	0.059554	-6.138114	8.992747	0.251624	6.867759	6.559176	-3.119767	0.483174	-1.042816	6.218335	1.480480	6.626630	6.424771	-1.850405	0.132138	1.312910	8.679760	4.657607	5.240192	6.045135	6.827807	6.090760
92	10	3	0.059554	-6.151544	8.992747	-1.051890	6.867759	6.517783	-3.438589	0.483174	-1.042816	6.218335	1.480475	4.888979	6.424771	0.297056	3.114012	1.312910	8.679760	4.398101	5.240192	6.045135	6.827807	6.090760
92	10	4	0.059554	-6.133900	8.992747	0.760018	6.867759	6.532981	-3.047445	0.483174	-1.042816	6.218335	1.480480	6.719722	6.424771	-1.820920	0.616763	1.312910	8.679760	4.655665	5.240192	6.045135	6.827807	6.090760
92	10	3	0.059554	-6.136336	8.992747	0.463795	6.867759	6.549068	-3.079323	0.483174	-1.042816	6.218335	1.480480	6.680696	6.424771	-1.842639	0.315575	1.312910	8.679760	4.658056	5.240192	6.045135	6.827807	6.090760
93	1	100	6.185821	6.997567	6.083140	-11.263494	0.981289	2.362742	0.934833	5.608361	3.687131	6.053039	2.880415	0.890331	5.405426	-4.545198	-3.122612	2.138450	3.367737	1.627916	3.561341	4.594565	8.638409	6.252007
94	1	100	6.405346	-0.172708	2.792611	-11.302708	4.851434	6.870161	-3.006374	1.185471	2.952113	6.638752	-1.409202	4.033615	6.994325	-1.271591	0.422099	4.808451	6.015683	-1.095938	-3.786694	6.591399	4.527955	6.500618
95	1	100	7.790767	1.690808	2.718703	-3.259797	-0.808337	-3.567854	-7.226767	0.001502	5.201780	4.765852	1.081676	2.471803	5.876483	6.773113	-0.637865	5.446727	6.256736	4.757500	-0.023665	6.538756	7.133797	6.753789
96	1	100	-3.449944	-1.120573	5.239186	-0.932832	7.692370	6.541601	-1.005288	1.649806	-3.845360	7.129143	0.430511	2.252431	5.702624	-6.744366	3.672105	1.116623	7.942274	-4.828476	-0.642713	3.406601	8.714231	6.305434
97	1	100	1.503897	-0.773492	7.691661	1.450871	6.432597	8.906314	1.140168	1.209013	1.837922	3.731355	4.783157	7.140659	0.711122	-10.731325	2.881615	5.042946	3.926009	3.485713	-2.236342	7.616002	5.018104	6.086303
98	10	1	1.588156	-1.544109	7.008757	2.648669	7.118896	5.998972	-3.433528	2.735510	0.771056	6.389996	-0.643402	5.276660	5.248777	2.542352	4.565240	0.567635	6.909054	7.355766	-5.452945	5.723137	4.767139	6.117210
98	10	3	1.588156	-1.998444	7.008757	0.465955	7.118896	7.210554	-4.119030	2.614131	0.771056	6.389996	-0.643355	5.208118	5.248777	0.151531	2.875065	0.567635	6.909051	7.770426	-5.469624	5.723137	4.767139	6.117210
98	10	3	1.588156	-1.979463	7.008757	1.530170	7.118896	7.165336	-4.025321	2.651841	0.771056	6.389996	-0.643305	5.803445	5.248777	0.136085	3.222599	0.567635	6.909049	7.794075	-5.400840	5.723137	4.767139	6.117210
98	10	2	1.588156	-1.970279	7.008757	-0.971292	7.118896	6.892434	-4.089996	2.604124	0.771056	6.389996	-0.643397	3.242810	5.248777	1.983073	2.710284	0.567635	6.909054	7.494714	-5.493628	5.723137	4.767139	6.117210
98	10	2	1.588156	-1.955563	7.008757	-0.931863	7.118896	6.804210	-4.057778	2.606752	0.771056	6.389996	-0.643399	3.145583	5.248777	2.244505	2.921410	0.567635	6.909054	7.465520	-5.493274	5.723137	4.767139	6.117210
98	10	2	1.588156	-2.002777	7.008757	-0.197990	7.118896	7.208596	-4.149173	2.604077	0.771056	6.389996	-0.643376	4.519512	5.248777	0.334854	2.660080	0.567635	6.909053	7.709274	-5.485581	5.723137	4.767139	6.117210
98	10	4	1.588156	-2.002037	7.008757	-0.487087	7.118896	7.184516	-4.154428	2.601595	0.771056	6.389996	-0.643384	4.135939	5.248777	0.586993	2.567060	0.567635	6.909053	7.661189	-5.489755	5.723137	4.767139	6.117210
98	10	1	1.588156	-1.934816	7.008757	2.459713	7.118896	7.073762	-3.853377	2.747244	0.771056	6.389996	-0.643229	5.988760	5.248777	0.205404	3.562011	0.567635	6.909045	7.779496	-5.185461	5.723137	4.767139	6.117210
98	10	3	1.588156	-0.871317	7.008757	3.746951	7.118896	5.751046	-2.670825	3.515042	0.771056	6.389996	-0.643259	5.969560	5.248777	1.712673	4.818647	0.567635	6.909053	7.500918	-4.650876	5.723137	4.767139	6.117210
98	10	1	1.588156	-2.002743	7.008757	-0.346646	7.118896	7.199725	-4.152811	2.602653	0.771056	6.389996	-0.643380	4.328764	5.248777	0.441090	2.611734	0.567635	6.909053	7.686714	-5.487890	5.723137	4.767139	6.117210
99	10	2	3.439058	3.752372	6.241594	1.161828	7.319254	3.010334	3.465052	5.019176	1.742787	8.445822	6.543845	6.887487	6.084971	1.745760	6.383134	6.893640	4.556016	5.013563	3.258839	8.597927	6.601797	6.117011
99	10	2	3.439058	2.982808	6.241594	0.190183	7.319254	4.166538	2.342193	5.133980	1.742787	8.445822	6.211754	6.941139	6.084971	0.940717	5.339459	6.893640	3.988110	5.041681	3.812807	8.597927	6.601797	6.117011
99	10	2	3.439058	3.351923	6.241594	0.690900	7.319254	3.923497	2.752295	5.243816	1.742787	8.445822	6.504553	6.933680	6.084971	1.249842	5.899756	6.893640	4.210298	5.038212	3.767273	8.597927	6.601797	6.117011
99	10	5	3.439058	3.772568	6.241594	1.186164	7.319254	2.470713	3.485450	4.803122	1.742787	8.445822	6.468516	6.845177	6.084971	1.937702	6.455300	6.893640	4.687057	4.986279	2.940562	8.597927	6.601797	6.117011
99	10	1	3.439058	3.022549	6.241594	0.246143	7.319254	4.148620	2.379436	5.154108	1.742787	8.445822	6.254619	6.940893	6.084971	0.973830	5.409266	6.893640	4.012128	5.041472	3.818115	8.597927	6.601797	6.117011
99	10	5	3.439058	2.864692	6.241594	0.016487	7.319254	4.211942	2.237796	5.062130	1.742787	8.445822	6.067645	6.940767	6.084971	0.840269	5.113944	6.893640	3.914846	5.042169	3.781980	8.597927	6.601797	6.117011
99	10	1	3.439058	2.280338	6.241594	-2.718606	7.319254	4.322613	0.946326	4.123437	1.742787	8.445822	4.100156	4.956365	6.084971	0.149368	3.095175	6.893640	3.687479	4.963235	2.856316	8.597927	6.601797	6.117011
99	10	1	3.439058	2.601446	6.241594	-0.498890	7.319254	4.280571	2.004899	4.819772	1.742787	8.445822	5.638146	6.919016	6.084971	0.592259	4.475793	6.893640	3.734851	5.042745	3.606992	8.597927	6.601797	6.117011
99	10	2	3.439058	2.804914	6.241594	-0.078646	7.319254	4.231046	2.187291	5.018267	1.742787	8.445822	5.984748	6.939621	6.084971	0.787661	4.987853	6.893640	3.876343	5.042354	3.756844	8.597927	6.601797	6.117011
99	10	1	3.439058	2.346710	6.241594	-1.848644	7.319254	4.316890	1.435381	4.358749	1.742787	8.445822	4.727801	6.024851	6.084971	0.260202	3.493012	6.893640	3.559314	5.038757	3.133602	8.597927	6.601797	6.117011
100	1	100	5.593090	7.505912	3.283406	1.355640	4.037699	2.447027	-0.787046	6.787285	0.589510	7.247924	2.489284	7.328760	4.037865	-11.054501	-5.476287	6.916557	5.827935	1.034097	7.764915	6.742944	8.407895	6.028955
