1	2	93	-1.769523	-26.133739	4.141223	7.836195	6.872400	-33.323319	-18.733587	5.330616	-12.521223	7.486417	6.798323	4.826437	0.216720	5.825416	-24.662921	7.701821	-9.759247	8.272611	-19.171891	-12.073852	6.946357	0.732067	2.732468	4.306976	0.516187	6.410322
1	2	7	6.732042	18.901510	8.663893	-26.563388	-2.966043	12.576972	5.024600	-0.106962	10.525416	-2.793422	-8.063642	-6.334578	0.215631	5.825416	8.548121	-0.340554	3.283766	8.272611	10.136699	1.678891	8.387653	5.665246	-1.683284	-3.036741	-0.414460	-0.106825
2	5	20	1.831339	14.389670	6.671351	-8.142108	-1.739498	-2.484058	1.164020	1.389281	3.820587	1.357803	-3.319058	0.493372	3.580005	7.558809	-9.942176	-3.916194	0.686634	6.131162	-5.019806	0.800940	0.495997	7.694595	-2.305754	-7.701613	1.842471	0.146439
2	5	15	1.831347	14.629243	6.671351	-14.028449	-1.739517	2.567222	1.165115	1.389281	3.826860	-2.208185	-7.417969	-2.272000	3.580005	7.558809	-9.941856	-3.919435	0.686663	6.131162	-0.679642	0.801077	0.496177	7.694596	-2.305754	-7.701613	1.842471	0.145111
2	5	17	-4.707810	-45.683339	1.690930	18.800945	4.711498	-34.828167	-12.774010	6.952721	-17.731586	7.881823	2.819882	6.726808	7.911061	7.558809	-37.804248	5.402592	-3.729975	6.131162	-24.741510	-9.327786	-0.356537	2.341690	3.084810	4.084618	5.463949	6.344656
2	5	37	-4.707810	-36.096704	1.690930	18.394472	4.711498	-29.687162	-12.770452	6.952721	-17.731586	7.881823	2.819882	6.726808	3.548212	7.558809	-41.121067	5.402592	-3.729975	6.131162	-19.677250	-9.327785	-0.356537	2.341690	1.194305	-2.285721	1.258517	6.344656
2	5	11	6.847148	21.784664	6.671351	-27.610051	-6.244981	15.679306	7.344002	1.389281	3.826860	-5.017619	-15.073110	-2.922456	3.580005	7.558809	6.041500	-6.051544	7.156850	6.131162	9.778636	3.287132	4.738698	7.694596	-2.305754	-7.701613	1.842471	0.137788
3	2	73	-7.218905	-35.255211	-1.697532	18.404703	6.839448	-25.088654	-22.440672	5.763565	-12.030400	4.131927	6.916560	7.738713	0.023530	7.391917	-30.406410	5.566304	-6.243816	4.008534	-22.953918	-1.315362	-1.154603	4.663768	1.673645	1.753365	-1.025319	8.089102
3	2	27	4.029973	26.506964	4.647868	-20.682946	-4.846999	20.575776	2.799289	0.849705	8.021002	-2.995046	-7.778024	-4.072436	0.031672	7.391917	8.705281	-3.548329	5.457371	4.008534	7.252849	5.832710	4.314351	8.984292	-3.913189	-2.562052	-0.269752	2.173604
4	2	73	7.533556	21.885223	7.909615	-37.018729	-4.985043	8.957704	5.973239	2.593050	8.931847	-3.531260	-9.937487	-5.050351	7.859801	7.025075	15.128381	-3.171462	6.977566	7.455331	11.109118	8.667953	8.134215	8.730579	-1.950338	-1.048142	3.889637	0.182754
4	2	27	-10.634889	-37.844706	2.206214	14.857840	6.348955	-34.825324	-20.824244	7.315413	-13.967098	7.109740	7.347174	7.450260	8.007857	7.025075	-26.608410	7.363157	0.219299	7.455331	-16.875771	-7.154969	2.782521	2.509580	2.961916	4.602220	6.844651	5.146174
5	3	59	-7.859996	-35.766108	2.063870	11.640745	6.827823	-27.042571	-19.693670	0.466054	-5.603149	7.529741	7.571942	6.772483	1.992060	6.022294	-34.444888	5.758132	-4.054930	7.309579	-17.431651	-10.865077	3.032889	-0.089081	1.079884	1.350057	-2.302633	4.756427
5	3	10	4.494122	16.793555	8.177677	-32.469767	-0.079319	15.786502	3.425237	-5.857174	9.859719	-1.811634	-11.167765	-5.570717	7.994200	6.022294	15.157068	-6.513042	3.328170	7.309579	8.125019	5.123849	6.517211	5.282294	-4.984987	2.477193	5.277569	-1.663032
5	3	31	4.494122	17.983826	8.177677	-32.469770	-0.079319	18.024943	3.425237	-5.857174	9.859722	-1.812126	-11.167765	-5.570717	1.992105	6.022294	11.050883	-6.513042	3.328170	7.309579	8.125019	5.123849	6.517211	5.282294	-5.047928	-3.011241	0.641927	-1.663032
6	4	70	-12.808767	-39.363293	5.201049	19.692835	7.416760	-38.347955	-11.575778	7.838723	-16.923975	7.425925	7.528674	6.479397	6.460604	5.636872	-35.567073	6.947593	-6.231765	6.202451	-19.596660	-3.818418	0.217441	0.836372	2.763787	3.509820	0.297848	5.413183
6	4	12	1.108540	5.123986	8.087002	0.959046	3.645061	-6.488695	4.028149	1.223267	6.634039	1.953696	4.248943	1.827599	6.482849	5.636872	-13.974177	1.280072	-1.750512	6.202451	-4.121115	1.825721	4.407570	7.207605	0.043647	-2.784884	0.535103	0.817936
6	4	11	1.108592	11.827714	8.087018	-0.093808	3.645037	3.113550	4.028779	1.223267	11.779627	-0.079554	-0.242299	-1.956648	6.482850	5.636872	-13.450665	1.279643	-1.749048	6.202451	1.437417	1.825781	4.407703	7.208424	0.039694	-2.791367	0.535123	-0.111766
6	4	7	1.479788	15.385698	9.589171	-4.725041	-1.697581	10.796572	8.233660	1.223267	11.783299	-2.840832	-8.914247	-3.977356	6.482850	5.636872	7.429534	1.266507	4.231308	6.202451	10.509461	7.890910	6.570491	7.208424	0.039694	-2.791363	0.535123	-0.123626
7	3	78	-11.546056	-35.116207	-0.089431	14.133819	8.788752	-24.639317	-21.679096	7.683614	-15.417627	8.586546	5.783330	8.552523	2.856001	5.523954	-19.544883	5.136988	-1.475952	6.840417	-21.368448	-12.899340	1.532022	-0.373061	2.344061	7.840450	3.314142	6.783786
7	3	13	-6.908652	18.723648	5.366340	-14.340922	2.161315	5.922663	-1.361899	1.116797	5.956919	-3.183120	-9.904517	1.483193	-0.021939	5.523954	12.877793	-1.460086	6.927089	6.840417	9.316519	0.378536	1.563843	4.346477	-4.962271	-0.082901	1.274403	4.547159
7	3	9	-6.932264	15.344236	5.352401	-11.685618	2.214719	-1.007419	-1.622094	1.116797	2.129872	2.447501	-6.227607	5.492781	-0.021939	5.523954	12.088525	-1.441989	6.926012	6.840417	6.933482	0.377558	1.563737	4.345213	-4.962271	-0.082242	1.274404	4.547159
8	3	58	-7.508191	-43.000190	1.496613	13.621701	7.669201	-36.473435	-16.071169	6.023993	-8.858339	5.336353	7.695464	6.165484	1.473675	9.352806	-35.372857	7.265606	-6.069774	6.793365	-12.171345	-9.583766	1.052228	0.376370	-1.222931	1.677765	1.375425	6.678931
8	3	36	-7.508191	-51.620824	1.496613	13.674748	7.669201	-42.056563	-16.071201	6.023993	-14.015707	5.336353	7.695464	6.165484	6.295764	9.352806	-33.211973	7.265606	-6.069774	6.793365	-15.276854	-9.583765	1.052228	0.376370	2.309319	5.411668	5.921592	6.678931
8	3	6	7.603932	21.026159	6.146412	-29.087774	-0.270507	17.197028	2.903069	-0.216735	12.536728	-5.527811	-5.062620	-1.055544	1.471565	9.352806	4.880916	-2.305545	5.853884	6.793365	10.086753	8.074539	7.123864	6.319655	-6.917888	-4.940288	1.345661	1.153990
9	5	22	6.048326	-12.146682	8.056870	-13.240579	-3.579187	-17.890632	3.183362	6.865079	-6.139794	6.102441	1.198003	7.167330	9.766890	3.882845	4.456766	2.664753	7.010446	8.383303	-1.059979	2.172207	5.602086	1.129784	1.426480	2.644372	1.643466	6.450590
9	5	40	7.510603	19.717060	8.056870	-41.405834	-7.217155	7.346749	7.428185	1.244383	11.822920	-4.181090	-11.709928	-3.884641	8.291078	3.882845	12.474469	0.337674	7.920696	8.383303	9.993041	6.554979	6.371287	6.480014	-5.506038	-2.063213	-1.426721	1.724999
9	5	12	-0.584998	-37.242598	1.924653	16.479029	5.394922	-37.273691	-12.792027	6.865079	-12.131509	6.102441	7.430368	7.167516	9.766890	3.882845	-26.499726	7.731259	0.670963	8.383303	-17.572869	-9.389106	2.044849	1.129784	1.426480	2.644373	1.643466	6.450590
9	5	25	6.048322	-16.139209	8.056870	-13.252554	-3.779629	-17.890803	2.760832	6.865079	-7.310125	6.102441	1.198003	7.167504	9.772970	3.882845	5.363182	2.664859	7.010396	8.383303	-2.665210	2.172207	5.602086	1.129784	1.994260	4.252888	3.206525	6.450590
9	5	1	-0.584998	-41.207269	1.924653	16.480421	5.394922	-37.273341	-12.827476	6.865079	-13.301840	6.102441	7.430368	7.167516	9.772970	3.882845	-25.593125	7.731259	0.670963	8.383303	-19.220358	-9.389106	2.044849	1.129784	1.994260	4.252888	3.206525	6.450590
10	2	60	-13.439568	-37.634488	2.433200	15.613320	6.021188	-27.974910	-24.646273	7.053881	-11.494639	6.384856	7.932819	3.933590	0.436460	5.155403	-33.583723	6.012291	-1.139385	6.870406	-25.564940	-8.665116	4.812321	-0.094171	3.989057	4.915786	-1.847203	7.234744
10	2	40	1.039461	24.861228	6.556934	-33.611376	-6.728947	22.072196	1.640737	1.139499	9.018651	-3.702045	-9.234031	-8.404918	1.625838	5.155403	14.237758	-4.937401	6.939014	6.870406	10.250799	5.301176	8.229159	6.118096	-1.688054	-1.264672	0.827360	0.992804
11	2	47	4.988180	18.831998	2.577293	-28.706087	-4.890862	15.610014	5.412118	0.651564	5.671105	-1.040506	-13.727305	-8.719690	4.880952	7.882054	12.344022	-2.208510	7.068930	8.478974	11.725133	4.943650	6.008417	5.890229	-6.340749	-0.304399	5.312774	2.326880
11	2	53	-10.481829	-49.551952	-3.314800	13.246748	4.667660	-28.914295	-16.558777	6.694056	-12.356455	6.873272	4.913514	4.136823	4.745216	7.882054	-31.370158	5.413104	-3.378489	8.478974	-17.112976	-3.865110	2.273899	0.664479	3.332207	6.035631	4.869168	7.130798
12	2	39	-8.382130	-32.772932	3.557628	17.272822	7.755332	-19.485230	-18.043543	6.544366	-13.740148	4.882203	7.181776	7.130239	4.604204	6.318826	-15.831359	6.016901	-5.010288	4.904962	-16.638547	-3.686644	1.685892	0.549152	1.277661	7.812778	7.852627	5.692260
12	2	61	9.056362	23.124431	4.977102	-22.769633	2.568583	22.352817	5.656070	0.948096	7.996178	-3.722195	-8.855048	-3.153554	4.604205	6.318826	17.351423	-5.695711	4.687628	4.904962	10.932095	8.000345	7.416163	7.076024	-2.012821	2.114690	8.529080	-0.572367
13	2	38	-12.010934	-27.236225	0.823737	16.232437	5.629989	-31.806526	-16.589855	5.375047	-3.741667	6.590547	6.724951	5.977997	0.430319	3.537679	-28.606512	6.948263	-6.104360	6.898351	-19.663309	-9.019892	1.632505	2.017664	1.681624	0.342552	-2.157459	4.103755
13	2	62	5.684668	25.279161	7.239628	-30.489518	-6.587589	21.871088	7.232074	0.761860	9.964209	-0.037046	-10.783576	-4.335588	0.546795	3.537679	11.654249	-2.969765	5.142373	6.898351	6.532782	6.383231	7.035946	7.040005	-0.914814	-4.590218	1.606563	-0.965290
14	2	99	-11.638791	-28.603967	0.434384	17.161111	6.715574	-17.110778	-31.449759	5.003139	-7.928248	4.999396	6.689355	2.159946	-1.808436	9.187370	-34.895478	6.620787	-0.803976	8.470689	-21.838058	-12.871981	-0.602956	-0.678778	3.000648	1.221097	-3.906701	7.638239
14	2	1	6.134237	23.355475	6.829087	-25.203050	-3.371881	16.722252	0.832945	0.598955	8.435173	-3.095686	-5.225586	-8.946427	-1.534369	9.187370	7.953736	-3.509579	7.048768	8.470689	11.207339	4.427619	5.831525	5.768980	-4.503242	-4.251242	1.242853	1.642468
15	2	74	-9.749336	-49.560711	-0.964000	13.859220	6.984358	-34.081175	-11.343928	6.878745	-14.126430	6.486603	7.143305	6.813125	7.583341	5.942720	-22.499826	7.523660	-1.673977	6.583615	-15.595727	-3.466821	6.003676	4.001902	3.334660	7.402071	3.625616	7.198302
15	2	26	6.359159	16.206501	5.355219	-23.991176	-3.870575	17.082591	5.243981	0.502036	10.347061	-3.680681	-9.730516	-4.649744	7.608330	5.942720	15.499963	-1.075274	5.643843	6.583615	10.679181	6.209716	8.810838	8.687474	-0.781344	2.561591	6.215971	3.244341
16	3	83	-8.517866	-34.906146	4.248380	10.192063	6.219352	-20.742437	-11.355958	6.566105	-8.772426	7.531378	5.778468	7.237519	4.478653	5.888957	-29.630556	8.709156	-3.328144	6.350468	-16.853787	-12.621757	0.520581	-1.038204	0.929735	-1.969859	-3.038173	1.412988
16	3	15	5.559431	27.143451	5.916250	-28.457964	-4.847167	17.455844	5.393223	0.422050	7.912710	-1.378938	-7.887108	-2.924185	4.478665	5.888957	10.253078	0.090139	7.527866	6.350468	9.914600	4.949356	6.094324	5.062381	-1.640556	-5.447200	0.410044	-3.404779
16	3	2	3.048933	12.733829	4.249625	-8.726404	5.629421	3.173180	-1.078932	0.422050	7.890910	-1.376903	-1.495334	-2.924178	4.478665	5.888957	-5.326244	1.096803	2.369668	6.350468	-1.015442	-3.355418	0.520581	5.062381	-1.640556	-5.428615	0.410044	-3.404779
17	10	27	-9.375578	-31.325334	-1.757069	9.394294	8.971877	-36.872917	-20.334296	6.683824	-8.291135	6.002734	7.194568	8.244578	3.852288	3.993841	-29.516471	6.247348	-0.758180	7.266898	-17.265129	-7.318891	-0.302654	-1.213756	-1.467975	-0.608389	2.494661	5.102441
17	10	1	-9.375590	-36.405522	-1.757069	11.259787	8.971877	-43.465516	-20.334296	6.683824	-9.776008	6.002734	7.194568	8.244578	8.275950	3.993841	-26.634021	6.247348	-0.758180	7.266898	-18.059634	-7.319062	-0.302673	-1.213978	0.830718	2.360476	3.287137	5.102441
17	10	10	6.135083	12.220675	1.104590	-21.478890	3.995334	-1.060117	0.028540	1.294073	9.871744	3.080349	-2.297652	1.885800	9.211402	3.993841	16.412597	-1.744933	7.358748	7.266898	11.154019	8.185028	5.453715	4.732459	-7.880909	1.594881	7.354189	-1.406013
17	10	1	-9.375589	-36.120809	-1.757069	11.274487	8.971877	-43.467388	-20.334296	6.683824	-9.368373	6.002734	7.194568	8.244578	8.561777	3.993841	-25.286391	6.247348	-0.758180	7.266898	-17.755005	-7.319059	-0.302673	-1.213951	1.906012	4.703008	4.361175	5.102441
17	10	19	6.135085	14.640441	1.104590	-23.766186	3.995334	12.563343	0.028542	1.294069	11.537752	-3.169469	-4.652568	-2.979798	3.808084	3.993841	11.966368	-1.747414	7.358748	7.266898	11.190634	8.185030	5.453715	4.732465	-7.901545	-4.910237	2.477432	-1.431779
17	10	2	-9.375589	-38.500896	-1.757069	11.683540	8.971877	-43.483469	-20.334296	6.683824	-9.670487	6.002734	7.194568	8.244578	8.768914	3.993841	-25.357207	6.247348	-0.758180	7.266898	-18.299376	-7.319054	-0.302673	-1.213962	2.275290	4.641797	3.894090	5.102441
17	10	1	-9.375590	-39.181782	-1.757069	11.632042	8.971877	-43.480888	-20.334296	6.683824	-9.962640	6.002734	7.194568	8.244578	8.541554	3.993841	-26.149217	6.247348	-0.758180	7.266898	-18.482933	-7.319059	-0.302673	-1.213978	1.840873	3.164796	3.338225	5.102441
17	10	1	-9.375590	-38.380683	-1.757069	11.567147	8.971877	-43.478450	-20.334296	6.683824	-9.949859	6.002734	7.194568	8.244578	8.475631	3.993841	-26.303575	6.247348	-0.758180	7.266898	-18.403209	-7.319060	-0.302673	-1.213979	1.605600	2.948796	3.285114	5.102441
17	10	1	-9.375590	-37.363101	-1.757069	11.446457	8.971877	-43.473774	-20.334296	6.683824	-9.894237	6.002734	7.194568	8.244578	8.382747	3.993841	-26.498787	6.247348	-0.758180	7.266898	-18.256456	-7.319061	-0.302673	-1.213979	1.256920	2.667445	3.241756	5.102441
17	10	1	-9.375590	-40.096749	-1.757069	11.703036	8.971877	-43.484061	-20.334296	6.683824	-9.920403	6.002734	7.194568	8.244578	8.668382	3.993841	-25.825936	6.247348	-0.758180	7.266898	-18.540736	-7.319057	-0.302673	-1.213975	2.191707	3.657436	3.486121	5.102441
18	2	87	-3.333043	-41.837547	5.382657	9.455811	3.251078	-31.078142	-26.312245	4.823435	-9.330131	4.098212	7.826547	6.569841	7.077684	8.268182	-28.929280	5.524832	-0.960872	9.050380	-16.143241	-9.818011	0.056029	-1.100038	2.703175	7.040926	6.196286	3.577358
18	2	13	6.549555	21.377308	6.832474	-30.003118	-5.735826	11.092213	1.951343	-1.257463	6.968182	-4.427654	-11.340663	-2.360181	5.144293	8.268182	11.312517	-4.820275	6.258295	9.050380	10.929966	4.371121	5.515411	4.655584	-6.840481	-4.430152	2.054383	-2.860264
19	3	14	0.406457	-10.223234	5.470394	-9.217273	-1.738096	-4.669670	2.369366	7.871575	-3.879351	4.636372	2.000189	5.140004	3.279809	5.081339	3.961562	0.999832	4.899297	7.340452	-2.962259	7.930563	6.057138	4.297584	2.295495	6.765769	3.724614	7.649458
19	3	71	2.009364	24.466265	5.470394	-32.248097	-4.836588	23.241297	8.244399	2.191654	11.801045	-0.842780	-8.126969	-5.266643	3.101645	5.081339	10.029231	-5.177223	4.899373	7.340452	11.020087	7.930637	6.057138	6.379924	-2.124420	-0.620818	-0.519044	1.716510
19	3	15	-10.596047	-39.664923	5.197526	12.038680	6.050318	-20.881845	-15.109790	7.871575	-4.482579	4.636373	8.160868	5.140004	3.279809	5.081339	-22.434587	6.576339	-4.902729	7.340452	-20.076006	-3.839811	2.677665	2.724542	2.295495	6.765769	3.724614	7.649458
20	3	41	4.433548	22.074546	5.618986	-34.026838	1.767928	-5.388200	8.565999	-2.722040	5.583185	-0.632523	-6.477670	6.579016	2.438889	7.793334	11.899342	-3.723275	6.449328	7.544058	6.405800	5.582720	6.036582	5.790930	-5.540921	-5.607479	1.668989	2.396695
20	3	26	4.480034	28.164113	5.619011	-39.599949	1.767752	7.753034	8.589007	-2.722063	7.231667	-6.022689	-12.432181	0.090454	2.438889	7.793334	11.899371	-3.723275	6.449328	7.544058	10.128869	5.586994	6.036585	5.814107	-5.540921	-5.607489	1.668989	2.396695
20	3	33	-10.691395	-26.873645	0.775808	7.212139	6.854410	-30.738109	-12.244048	3.647321	-7.368803	5.071769	4.747572	6.717797	1.329107	7.793334	-30.219322	6.499868	-4.206466	7.544058	-13.212752	-5.926518	-0.568588	4.213525	0.003209	0.078263	-2.899660	7.273720
21	3	42	-10.385438	-38.994692	0.974921	19.364352	9.182855	-33.509903	-13.509221	8.753611	-18.744005	8.068548	5.375520	8.693893	1.765817	7.728020	-29.910051	6.697950	-5.966845	6.280185	-16.600580	-7.502451	0.554277	-0.545865	3.074488	2.506316	2.553443	6.509658
21	3	51	-10.385438	-37.790779	0.974921	19.217449	9.182855	-33.509901	-13.509221	8.753611	-18.717234	8.068548	5.375520	8.693893	-0.087599	7.728020	-34.040029	6.697950	-5.966845	6.280185	-15.127125	-7.502451	0.554277	-0.545865	2.435425	-1.211386	-3.004970	6.509658
21	3	7	-2.163875	10.719223	6.861073	-13.263607	1.171928	13.543177	2.941388	2.333292	11.026934	-4.566149	-10.799266	1.577696	0.189584	7.728020	9.743166	-0.158947	5.404549	6.280185	9.276091	-0.299552	0.657933	2.608651	-1.335713	-2.989625	1.279719	4.317431
22	4	79	-7.483297	-33.608763	6.464847	15.886860	4.194895	-30.831351	-14.578634	3.484007	-7.075810	8.409917	6.462953	7.274271	6.219338	5.442904	-22.035061	6.117650	3.346183	5.421374	-20.571460	-3.805498	-1.153020	-5.192235	5.611584	6.354020	3.055355	6.931566
22	4	9	4.203380	16.078722	6.904853	-16.740477	-7.190829	10.731253	1.122109	-2.645615	10.196540	-2.283341	-9.611601	-3.030225	3.938598	5.442904	10.050892	-5.261394	7.973913	5.421374	9.454453	3.319311	4.188403	0.762104	-1.582147	-3.856655	0.392678	1.127582
22	4	11	4.203380	13.473554	6.904853	-16.750231	-7.190829	7.596281	1.122109	-2.645615	10.196567	-2.283341	-9.658522	-3.030224	6.223154	5.442904	14.702221	-5.260903	7.973914	5.421374	9.450938	3.319311	4.188403	0.762104	-1.536312	2.274347	6.472456	1.127583
22	4	1	0.574525	5.899261	6.892857	-16.933397	-2.508522	5.230500	-1.188073	-2.645615	10.196004	-2.283312	-9.211645	-3.030000	6.223154	5.442904	9.141758	0.640169	7.972697	5.421374	9.290195	2.613413	3.116647	0.762104	-0.613623	3.159270	6.709744	1.157127
23	2	55	5.600869	22.125316	5.835388	-40.732549	-4.078426	14.232862	2.523882	1.957295	11.466056	-5.998275	-7.184862	-5.036558	1.952983	9.072710	8.553374	-3.742149	6.083026	7.947170	9.444079	4.043154	8.492806	3.965406	-2.293073	-6.314410	-3.568989	1.563844
23	2	45	-8.142057	-35.145881	1.855636	8.619593	6.415085	-35.716616	-20.593839	7.050489	-5.152404	4.862112	7.408510	6.738482	1.952983	9.072710	-27.852564	5.772841	-4.270827	7.947170	-24.920226	-8.798501	3.162042	2.817113	0.079667	-0.192949	-3.711149	7.370390
24	2	92	-7.254339	-45.622164	1.964625	17.618588	7.862633	-31.938495	-21.806316	6.053687	-15.890283	4.644882	7.180451	6.986653	6.819004	6.183513	-23.941621	7.943004	-7.479549	7.580554	-21.356955	-7.625325	-0.195774	1.947569	6.339660	5.385273	2.135722	8.066410
24	2	8	6.989546	20.145720	6.443692	-21.346938	-5.121974	15.323527	7.054891	3.444794	4.196382	-5.596537	-1.833912	-2.321635	6.962170	6.183513	14.779374	-4.568954	4.984705	7.580554	7.614704	5.599675	5.824370	6.560986	0.958330	5.196361	5.377940	3.400363
25	2	17	5.603049	11.750342	6.483913	-21.851317	-6.502725	11.556390	3.174534	4.495897	8.832781	-4.233907	-6.221022	-6.968328	7.945080	9.247815	12.921548	-1.658176	5.235503	6.113096	9.113805	5.880715	8.389453	7.717926	-5.427499	1.470628	6.429780	2.779866
25	2	83	-9.808066	-47.338297	1.824060	19.626585	5.921842	-32.260288	-20.492594	8.624925	-7.980658	5.425560	6.489673	4.706012	7.945080	9.247815	-24.153517	5.424696	-5.862642	6.113096	-17.482075	-8.467198	2.075982	2.244560	2.649266	6.912669	7.127108	9.188989
26	2	80	-13.198183	-33.659709	0.958807	10.128967	7.342941	-17.355662	-19.780668	5.818990	-17.217790	7.043049	6.767181	7.223586	6.893752	7.534095	-28.253137	6.273637	-6.248536	6.727140	-19.188965	-9.466758	0.086892	1.995625	-0.678752	8.215068	4.629190	3.450491
26	2	20	5.696864	26.172545	7.092607	-30.039690	-2.154197	17.475440	3.774736	1.544832	3.794348	-0.401352	-10.867604	-4.122978	0.565430	7.534095	9.915827	-2.774694	4.948084	6.727140	10.915750	7.009118	5.916566	7.512764	-4.008207	-0.301218	-0.544657	-1.154349
27	2	99	-10.789272	-32.221722	2.496645	18.332477	5.154418	-21.576824	-21.096010	4.680318	-12.027503	5.703670	7.103348	6.836600	-0.203789	6.884303	-32.434108	6.803076	-7.600174	7.130003	-18.161399	-9.265860	0.121833	0.480362	2.785250	-0.237118	-2.179489	7.016297
27	2	1	4.916046	24.402589	4.830162	-20.518044	-7.098108	17.703675	7.166080	-1.025453	3.862379	-5.934555	-11.725543	-0.975002	-0.091371	6.884303	7.715803	-5.645029	3.658655	7.130003	9.791835	5.003079	6.676355	4.917399	0.184000	-6.532396	-1.776887	0.601026
28	2	45	-8.542048	-27.248914	3.182146	11.608212	3.292397	-20.532913	-8.572910	6.512241	-13.802668	6.392269	4.369042	6.869667	6.563306	6.196690	-25.996831	6.743248	4.806033	5.779360	-14.982346	2.118544	8.559684	-2.497291	3.226419	5.761399	3.056850	7.934965
28	2	55	5.450462	18.062198	6.812267	-33.126556	-3.572045	11.794952	2.022279	0.978817	10.308490	-6.143505	-12.085031	-2.056582	6.957748	6.196690	12.988260	-3.972839	7.981672	5.779360	10.800496	6.195904	8.593539	4.011593	-2.396770	1.210002	5.173554	1.738465
29	4	24	5.407178	24.347248	5.558403	-24.043503	-7.253787	16.466611	0.801475	-2.121265	7.403602	-5.943496	-12.024501	-4.428944	-3.076593	7.521802	7.316839	-0.618857	5.470470	6.128635	7.864870	7.200879	6.095475	6.813893	-0.607576	-5.189731	1.008747	0.857798
29	4	24	4.962516	20.596845	5.413858	-3.442453	0.761293	7.843920	-0.950354	-2.121265	7.403597	-5.943481	-6.247318	-4.309975	-3.076593	7.521802	-6.769267	0.351961	0.263813	6.128635	1.049014	2.212225	6.095474	6.813893	-0.607576	-5.189731	1.008747	0.857798
29	4	50	-10.442489	-31.441429	1.675413	22.526941	3.244809	-24.159503	-26.350670	3.625934	-4.847414	6.678137	5.821822	6.711949	-3.306188	7.521802	-25.870869	5.945495	-3.423407	6.128635	-20.293376	-9.254343	-0.291580	0.505859	2.444908	1.207260	-0.975224	5.881824
29	4	2	-10.442490	-33.898116	1.675413	22.596330	3.244809	-24.159518	-26.350670	3.625934	-5.457328	6.678137	5.821822	6.711949	0.501821	7.521802	-23.869902	5.945495	-3.423407	6.128635	-20.997981	-9.254343	-0.291580	0.505855	2.907047	3.268335	3.148308	5.881824
30	2	92	0.308170	-25.816830	1.744360	17.710442	3.471576	-28.116629	-15.210696	7.402803	-9.983210	6.563531	6.400770	6.712205	2.981895	6.691285	-24.532528	8.821516	-2.467150	6.072477	-26.436066	-11.899772	-0.619354	-0.198506	2.675556	6.364445	2.505488	6.658669
30	2	8	2.920042	17.012464	5.842169	-12.467029	-5.866225	10.245190	6.534622	0.971970	7.890329	-3.902011	-10.871040	-4.106701	5.990558	6.691285	15.204803	-0.106004	5.764813	6.072477	6.319802	6.346491	5.195656	3.970340	0.957894	6.191869	6.190022	3.363426
31	2	53	5.735966	17.931318	6.045377	-28.665149	-5.210220	14.625349	7.937166	0.349394	5.985411	-2.127832	-11.898804	-2.812226	6.841718	4.755987	15.708273	-6.513549	4.892982	7.781834	4.692900	6.102112	7.800588	6.291888	1.398174	5.892112	2.748879	-2.307406
31	2	47	-10.989246	-41.010499	2.895663	16.488956	6.871535	-27.972035	-12.409006	4.794583	-17.321096	6.186992	3.895861	7.370044	6.841552	4.755987	-21.286763	4.339835	-5.881003	7.781834	-22.616167	-7.190818	3.758184	1.355987	4.956722	8.066415	1.754492	4.185542
32	2	66	-10.332604	-40.078312	5.867906	16.801391	5.301994	-31.896148	-18.929533	7.087861	-15.082745	7.864855	8.023160	5.889845	6.655915	5.465028	-20.590604	7.278443	-5.400996	6.665349	-19.944305	-2.407278	-0.114797	0.851933	2.154809	6.436897	5.123995	5.975260
32	2	34	6.639718	21.859074	7.764544	-24.570966	-5.086759	15.567980	8.134079	3.005848	6.902503	-0.892194	-9.992920	-5.088910	6.707565	5.465028	17.338520	-4.049539	6.583638	6.665349	8.935254	9.629814	5.995506	6.285263	-4.905771	-0.078620	6.415708	0.030354
33	3	49	-13.583207	-42.945528	3.527272	19.064961	6.700055	-34.757227	-17.445282	7.785490	-8.448420	7.138147	6.037423	8.149125	3.447554	7.204849	-32.328983	5.906770	-3.300220	3.843593	-9.181238	-9.815221	2.026446	-0.180696	1.778093	0.865332	-0.028561	5.835681
33	3	26	-13.583211	-48.075670	3.527272	19.413458	6.700055	-38.902553	-17.445282	7.785490	-11.758678	7.138147	6.037423	8.149125	6.178581	7.204849	-30.328333	5.906770	-3.300220	3.843593	-10.410165	-9.815225	2.026447	-0.180702	3.529052	5.353558	4.974276	5.835681
33	3	25	2.192997	22.554956	6.640678	-21.320469	0.371022	10.637535	0.998442	1.961877	9.597240	-4.287691	-11.393806	-3.167809	3.827767	7.204849	12.708952	-5.003349	5.555303	3.843593	11.436767	4.013735	8.136665	4.433861	-1.960092	-3.084122	0.654515	3.144973
34	3	51	-13.674319	-38.848530	1.766880	18.705510	8.857112	-30.097847	-20.756040	3.303250	-9.308108	7.153666	9.051345	4.268607	0.411804	7.922222	-25.949374	8.642589	-3.543211	6.048247	-20.615105	-4.970530	1.387602	-1.204284	1.051309	-1.205605	0.672432	7.475857
34	3	17	-1.776673	16.182319	6.288423	-26.751979	-2.403340	13.927588	3.475099	-1.522002	10.243601	-4.009610	-7.460923	-4.430880	0.877792	7.922222	12.074936	-0.423511	6.932686	6.048247	9.290825	4.479873	7.659768	4.987535	-3.089170	-5.705754	0.931981	0.854195
34	3	32	-13.674319	-45.660685	1.766880	18.709458	8.857112	-30.984382	-20.756040	3.303250	-9.308109	7.153666	9.051345	4.268607	5.346159	7.922222	-25.034937	8.642589	-3.543211	6.048247	-20.837849	-4.970530	1.387602	-1.204284	1.466950	4.161138	5.575043	7.475857
35	3	12	-4.251084	-31.691574	0.467373	21.339254	8.091093	-31.283731	-19.168765	9.405856	-14.213153	6.643204	8.598931	7.727805	2.265213	5.914080	-23.311258	3.918386	-4.228176	4.715803	-26.114199	-7.596137	2.855836	1.980877	3.263309	4.718099	2.700920	6.528784
35	3	56	5.668882	22.532283	7.015251	-26.173828	-2.774621	17.714319	8.480142	2.938363	9.497864	-5.316117	-5.584292	-4.917892	2.942467	5.914080	11.790872	-8.605175	6.524962	4.715803	9.471265	7.488066	8.135969	7.177298	-2.724279	-0.886784	3.197471	1.914187
35	3	32	-4.251084	-30.121001	0.467373	20.979711	8.091093	-31.242090	-19.168764	9.405856	-14.037104	6.643204	8.598931	7.727805	-1.361854	5.914080	-21.866343	3.918386	-4.228176	4.715803	-24.607235	-7.596137	2.855836	1.980877	2.531601	-0.219919	-1.616632	6.528784
36	2	57	-5.405407	-25.076465	6.084096	9.062935	8.794318	-22.952386	-22.463119	7.529273	-15.511190	6.420729	6.700052	6.432770	3.309570	5.781393	-30.823413	7.053929	-1.448837	8.664678	-18.222879	-5.727492	-1.562688	3.633362	1.945112	1.754535	0.216223	7.228251
36	2	43	7.953317	25.286322	9.912351	-29.716024	-3.089448	17.015658	1.985218	3.981368	1.975805	-6.678148	-11.290430	-0.284740	3.650688	5.781393	10.590984	-2.125866	6.673329	8.664678	6.603383	9.030903	4.864783	5.280033	-2.499511	-1.028324	0.694035	6.103074
37	4	15	7.183857	14.431364	6.567689	-22.317776	-5.152887	-2.892673	3.883505	0.946555	9.200991	2.271802	-2.952787	-0.412322	6.255942	6.613440	9.417485	-3.480843	6.614644	6.449668	9.041241	5.689369	6.707980	7.699799	-1.329281	2.347914	5.449555	3.544372
37	4	71	-8.393966	-43.768715	2.536915	19.039756	7.104060	-51.461033	-20.890129	6.908099	-16.639403	6.223503	6.984487	5.845799	4.351770	6.613440	-32.680842	6.850845	-5.812990	6.449668	-19.080949	-7.390543	0.081688	1.386957	3.016516	3.052457	1.692706	8.728252
37	4	6	3.173230	9.226103	5.820306	-1.767624	0.893810	-14.838593	0.741655	0.946555	6.255094	2.279162	1.020473	-0.102093	1.846003	6.613440	-6.533339	-3.457339	0.282830	6.449668	-2.901570	-0.971074	0.092870	7.699770	-4.183451	-3.689432	0.587402	3.544775
37	4	8	7.183852	25.442349	6.567607	-25.833431	-2.511567	5.016729	3.882970	0.946555	9.616747	-2.534153	-8.684879	-6.415250	1.846005	6.613440	4.230071	-3.480843	6.612552	6.449668	11.121364	5.689340	6.707980	7.699799	-4.183808	-3.689432	0.587402	3.544372
38	1	100	-6.974888	-51.062884	-0.172120	15.232800	9.758719	-30.931197	-24.556966	7.247586	-14.404500	8.640705	4.775296	7.277453	2.103364	7.313346	-26.935153	8.500324	-3.573687	6.970094	-19.049143	-8.736320	2.460046	3.706688	1.458998	3.276701	1.557265	6.817065
39	2	67	-9.270556	-40.115622	0.261693	13.459921	5.437737	-33.102316	-15.486276	6.971850	-11.744835	6.827867	7.626964	6.872449	0.354545	6.266385	-27.589842	6.154753	-2.823234	6.451733	-17.526754	-13.543901	6.661090	-2.565959	2.134148	2.768023	-2.274436	6.238314
39	2	33	7.766938	24.078337	6.206375	-29.342357	-5.721371	11.439294	6.556206	0.796197	8.999120	-3.343107	-6.204426	-3.665666	0.357449	6.266385	10.051062	-5.439532	8.156924	6.451733	10.149945	3.352506	8.049831	3.406155	-1.038062	-0.411915	-1.077927	0.127078
40	2	88	-4.587481	-45.583010	-1.654562	16.812180	8.212339	-36.148721	-21.583491	5.581256	-13.109903	6.367300	6.422123	5.871509	5.367640	6.489085	-33.493990	7.047843	-6.787409	8.217045	-28.587083	-7.154418	5.648181	0.975560	3.860932	-0.600722	-2.959150	5.516468
40	2	12	8.051534	8.055675	3.518919	-24.378841	2.413265	4.404361	4.971532	-0.698202	10.077060	-2.481476	-10.246120	-6.020168	9.306267	6.489085	9.182175	-5.213381	2.876030	8.217045	3.500759	4.514088	6.533599	4.914887	-3.601286	-3.377662	2.289938	-0.938060
41	3	14	-7.168545	-27.220683	5.921042	13.616698	3.783621	-25.466575	-15.557533	6.829738	-13.425365	6.447161	6.420088	5.103369	0.369291	3.212231	-30.866702	6.742644	-0.215575	7.996486	-19.764348	-6.829674	3.555965	-0.875482	1.903491	-0.771027	-3.004173	7.739037
41	3	65	3.265949	21.009866	7.070441	-32.773538	-8.538901	19.620871	4.400758	0.283738	11.409189	-4.559039	-9.761781	-2.596028	0.369387	3.212231	11.884477	0.017244	7.127120	7.996486	10.262133	6.334555	7.110648	4.426957	-4.702148	-5.416674	-0.410417	2.394275
41	3	21	-0.604002	-12.936954	7.069623	0.947656	1.010437	-10.026212	-1.387562	6.829738	-13.424561	6.447161	6.419490	5.103369	0.369291	3.212231	-12.119874	2.928877	5.025941	7.996486	-9.175828	4.557512	7.110648	-0.875482	1.903491	-0.771027	-3.004173	7.739037
42	3	36	7.598137	23.664388	6.327661	-37.302186	-6.108093	21.415296	5.373322	0.845974	10.793120	-6.196794	-11.630937	-6.437984	5.731270	5.132496	15.173050	-4.699959	9.844215	6.598088	10.806093	4.072442	5.682829	5.718712	-5.008755	-1.851229	0.709780	-0.140894
42	3	24	-4.952846	-44.271351	4.266658	15.830767	5.584445	-23.005260	-19.903741	6.005316	-5.636913	5.925551	7.488906	5.769530	7.886079	5.132496	-26.202853	8.374193	0.075576	6.598088	-22.979809	-9.464177	-0.608677	0.132167	2.559356	5.767115	4.767484	5.503074
42	3	40	7.598137	14.543825	6.327663	-37.274214	-6.109551	17.100555	5.373322	0.845974	10.789450	-6.196794	-11.630937	-6.437984	8.178436	5.132496	15.931887	-4.699959	9.844215	6.598088	7.993244	4.072442	5.682829	5.718712	-0.654826	3.352168	6.416373	-0.140894
43	2	50	-4.287498	-40.552419	-1.235977	20.318692	4.897927	-31.592057	-22.924451	4.924507	-10.802384	6.477994	6.333904	6.655454	4.986085	5.605213	-19.843906	7.066930	-5.178048	7.253972	-19.884304	-4.192500	-2.171645	1.615357	2.858166	7.345264	1.796294	7.032816
43	2	50	9.360894	24.357838	0.916681	-12.850156	-6.796321	14.929556	5.978519	0.464384	12.638965	-2.931822	-7.681413	-4.270574	4.297836	5.605213	13.021085	-1.342311	3.825578	7.253972	9.529248	5.467619	4.257781	7.882537	-3.263492	-0.005128	-2.243026	1.086895
44	5	73	-8.465789	-35.205539	-2.097342	17.610645	5.840438	-24.697274	-16.876496	6.490916	-17.194732	6.076107	4.942491	6.828755	6.009839	6.832955	-26.495897	7.612613	-5.053978	5.041300	-19.057819	-13.166361	-0.261760	1.311110	0.727254	7.431091	6.386637	7.080444
44	5	17	5.920723	24.241923	3.791363	-20.451169	-5.763790	20.167899	6.080412	0.262420	8.252394	-5.487824	-8.531350	0.516992	5.944250	6.832955	10.296285	-4.910267	6.603409	5.041300	8.361631	2.937740	5.936220	7.181809	-0.313321	1.632479	4.976991	0.707461
44	5	4	5.920723	25.683469	3.791363	-20.785312	-5.763770	20.758083	6.080412	0.262420	8.358070	-5.487824	-8.531350	0.516992	1.445084	6.832955	7.751074	-4.910267	6.603409	5.041300	8.395846	2.937740	5.936220	7.181809	-1.060299	-4.056975	1.194298	0.707461
44	5	4	0.495165	6.900529	-2.097089	-3.827831	5.758882	3.195714	-1.816415	0.262424	8.350175	-5.487560	-2.217295	0.676063	1.445084	6.832955	-8.751264	0.304286	1.085440	5.041300	-7.254592	-6.271737	-0.261760	7.181809	-1.060299	-4.056975	1.194298	0.712608
44	5	2	0.495151	5.435164	-2.097090	-3.167976	5.758886	2.565244	-1.816437	0.262639	8.239771	-5.485481	-2.165927	0.850406	5.944251	6.832955	-6.272647	0.304536	1.085426	5.041300	-7.002310	-6.271766	-0.261760	7.181809	-0.313314	1.632487	4.976996	0.746238
45	3	24	-14.901278	-40.965166	6.813321	17.469800	2.191587	-18.989308	-13.368358	9.293761	-18.078159	6.435905	6.368239	9.165330	2.727492	5.115337	-25.448183	7.078619	-1.255827	4.819621	-20.762929	-8.328520	0.544645	1.918508	2.248514	1.285304	-2.054578	6.670424
45	3	47	-14.901283	-45.707217	6.813321	17.469808	2.191587	-18.993925	-13.368422	9.293761	-18.095375	6.435905	6.368239	9.165330	2.996178	5.115337	-25.143210	7.078619	-1.255827	4.819621	-20.767148	-8.328520	0.544645	1.918507	2.278506	6.714688	2.710586	6.670424
45	3	29	3.424088	25.115744	8.481461	-29.713877	-3.841481	17.580906	13.575500	5.437586	5.266400	-5.663659	-10.609300	-3.192585	2.728822	5.115337	15.535898	-2.957502	8.542812	4.819621	11.432245	6.739333	6.614966	7.283046	-6.399017	-0.736782	1.148982	0.754018
46	2	54	-11.272151	-33.181239	7.198842	4.859080	8.141519	-37.640846	-16.622664	6.030592	-13.103515	7.110595	4.713947	6.120896	5.374089	5.248947	-23.713272	5.922499	-2.233707	8.517258	-16.030558	-7.233227	4.225612	0.916775	0.302363	8.700605	6.289100	6.962203
46	2	46	4.705606	25.758472	8.513731	-38.266223	-2.029502	13.941667	7.167664	1.856905	10.601258	-5.683736	-12.477613	-3.754142	5.374097	5.248947	14.209781	-4.983598	7.146620	8.517258	9.462802	7.081664	6.342419	5.925776	-7.689990	2.870400	6.526379	0.415810
47	3	65	6.087505	23.971328	3.604038	-19.868272	-6.248218	19.582117	5.075553	-0.570598	8.769324	-6.199320	-5.454376	-1.938842	0.393095	6.333163	14.543925	-7.035665	6.775529	7.729411	8.528075	3.678980	3.418498	6.022119	-4.254422	-5.567507	-1.234091	-0.006052
47	3	33	-8.928903	-33.064148	-1.397514	16.744707	5.735066	-32.098213	-10.613786	5.808413	-8.977423	5.973138	5.526161	8.284481	0.393078	6.333163	-24.738672	5.638276	-6.274708	7.729411	-23.816047	-4.115269	0.453031	0.924260	2.614192	0.868374	-7.163431	6.347661
47	3	2	0.656916	-4.083103	3.604038	0.108101	-6.248218	-7.708232	1.973241	5.808412	-2.404241	5.972190	-0.386036	8.219584	0.393078	6.333163	5.849120	-0.605408	6.774528	7.729411	-8.109674	2.839555	3.418498	0.966288	2.613226	0.868374	-7.162286	5.998123
48	5	57	-8.221294	-47.563904	1.338872	17.752320	7.885900	-31.679065	-21.888633	7.509669	-13.061578	5.967735	4.634488	6.096940	3.099850	6.524605	-26.011634	6.618606	-4.097129	7.122894	-19.611933	-4.709954	2.872606	3.362799	2.507365	8.601488	2.470817	6.808074
48	5	17	6.051950	25.752060	5.632696	-24.564505	-4.614137	20.485694	3.165544	2.113217	9.584078	-6.674169	-10.774943	-5.801891	2.652182	6.524605	4.869037	-1.796556	8.884935	7.122894	9.912337	5.804393	6.721608	6.589771	-5.525055	-3.434097	0.002427	0.827808
48	5	20	6.051950	20.673383	5.632696	-24.531763	-4.626512	19.657118	3.165547	2.113217	9.583140	-6.674169	-10.777043	-5.801891	3.160486	6.524605	9.222996	-1.796556	8.885277	7.122894	9.908947	5.804401	6.721608	6.589770	-1.514416	2.533155	2.525984	0.827814
48	5	2	-3.100515	4.789696	1.338872	-2.317756	7.885897	-2.585086	-6.213001	2.113217	9.040119	-0.261260	0.122524	-0.499416	2.652184	6.524605	-11.113017	2.702425	0.655597	7.122894	-3.779966	0.464710	6.185577	6.589347	-5.401454	-3.052990	0.003863	1.137932
48	5	4	-3.099789	5.908002	1.338872	-3.631731	7.885897	2.820681	-6.212769	2.113217	9.582605	-6.598678	-4.669021	-5.194954	2.652183	6.524605	-10.644158	2.702425	0.655715	7.122894	-1.467315	0.464962	6.185657	6.589770	-5.497905	-3.245602	0.003043	0.979274
49	3	91	5.274733	26.460445	6.841698	-20.831650	-8.282395	21.160225	4.132379	0.120638	8.639353	-1.993747	-10.002381	-5.879109	2.661259	6.660653	6.002451	-6.169702	8.049561	3.604379	7.957596	3.242146	6.157756	5.446047	-3.245804	-5.357032	0.237894	4.919100
49	3	6	-5.469204	-14.031238	5.739978	15.078958	3.237875	-18.643673	-10.252576	6.359013	-9.249496	5.057365	5.975935	4.357590	2.930584	6.660653	-30.892469	5.822270	-0.810735	3.604379	-20.349905	-6.885944	0.762553	5.288837	-0.707253	0.875063	0.461420	6.465505
49	3	3	-4.794341	-2.942314	6.823113	10.119388	-3.210960	4.661587	-2.683409	6.358173	5.007647	2.045932	1.237713	-1.885442	2.888928	6.660653	-24.481678	5.820088	-0.810735	3.604379	-14.675573	-4.718525	0.762553	5.446047	-0.863126	0.797006	0.430352	6.465489
50	3	37	-10.772354	-50.964294	1.939768	13.371773	8.309180	-30.875584	-16.273038	7.011272	-14.676401	3.624636	6.623348	4.245530	6.228367	5.439209	-17.616420	6.601234	-2.403346	6.743215	-19.684128	-5.298292	-0.416173	-0.244107	2.448830	5.284059	4.498478	5.776344
50	3	23	-10.772354	-36.666856	1.939768	12.903001	8.309180	-24.572237	-16.273038	7.011272	-14.594175	3.624636	6.623348	4.245530	1.833635	5.439209	-17.687600	6.601234	-2.403346	6.743215	-16.103865	-5.298292	-0.416173	-0.244107	1.090509	-0.692412	-0.303022	5.776344
50	3	40	5.659091	23.267794	6.620784	-35.333996	-3.219867	17.456942	2.973753	0.438111	6.351942	-8.446121	-7.548206	-3.768950	1.850301	5.439209	15.140445	-5.047305	5.317151	6.743215	9.757346	5.684875	4.496939	4.872537	-4.433247	-6.817102	-0.111152	-0.793449
51	10	1	8.522247	20.711274	7.627433	-20.287439	-8.089167	6.769869	5.015150	3.292199	10.073634	-6.041271	-8.378103	-5.450994	8.702912	5.817489	15.583648	-6.000458	2.565824	3.415604	9.576713	7.457316	7.573451	6.075755	-2.015300	3.680985	4.323716	3.777087
51	10	1	8.522247	20.823718	7.627433	-20.276226	-8.089167	6.780740	5.015150	3.292199	10.073599	-6.041271	-8.378103	-5.450994	8.666738	5.817489	15.432287	-6.000457	2.565824	3.415604	9.576673	7.457316	7.573451	6.075755	-2.348346	3.588380	4.633622	3.777087
51	10	1	8.522247	20.486699	7.627433	-20.190054	-8.089167	6.729977	5.015150	3.292199	10.073314	-6.041271	-8.378103	-5.450994	8.674228	5.817489	14.696909	-6.000450	2.565824	3.415604	9.573181	7.457316	7.573451	6.075755	-1.787474	3.430720	2.646868	3.777087
51	10	1	8.522247	20.818181	7.627433	-20.277348	-8.089167	6.780308	5.015150	3.292199	10.073602	-6.041271	-8.378103	-5.450994	8.668920	5.817489	15.448424	-6.000457	2.565824	3.415604	9.576694	7.457316	7.573451	6.075755	-2.328434	3.594822	4.625272	3.777087
51	10	1	8.522247	20.850071	7.627433	-20.269741	-8.089167	6.782550	5.015150	3.292199	10.073583	-6.041271	-8.378103	-5.450994	8.655248	5.817489	15.332279	-6.000457	2.565824	3.415604	9.576537	7.457316	7.573451	6.075755	-2.449954	3.552511	4.655056	3.777087
51	10	1	8.522247	20.830787	7.627433	-20.207763	-8.089167	6.766556	5.015150	3.292199	10.073426	-6.041271	-8.378103	-5.450994	8.570093	5.817489	14.092441	-6.000451	2.565824	3.415604	9.574514	7.457316	7.573451	6.075755	-2.559496	3.141657	3.581699	3.777087
51	10	1	8.522247	20.791998	7.627433	-20.281745	-8.089167	6.778083	5.015150	3.292199	10.073614	-6.041271	-8.378103	-5.450994	8.678476	5.817489	15.508603	-6.000458	2.565824	3.415604	9.576761	7.457316	7.573451	6.075755	-2.240033	3.621721	4.572686	3.777087
51	10	1	8.522247	20.533809	7.627433	-20.184919	-8.089167	6.732872	5.015150	3.292199	10.073312	-6.041271	-8.378103	-5.450994	8.643558	5.817489	14.559995	-6.000450	2.565824	3.415604	9.573148	7.457316	7.573451	6.075755	-1.903988	3.321013	2.593965	3.777087
51	10	1	8.522247	20.464881	7.627433	-20.226490	-8.089167	6.734739	5.015150	3.292199	10.073432	-6.041271	-8.378103	-5.450994	8.732716	5.817489	15.085604	-6.000454	2.565824	3.415604	9.574204	7.457316	7.573451	6.075755	-1.639802	3.665531	3.086938	3.777087
51	10	1	8.522247	20.892391	7.627433	-20.251437	-8.089167	6.783627	5.015150	3.292199	10.073540	-6.041271	-8.378103	-5.450994	8.627280	5.817489	14.978805	-6.000455	2.565824	3.415604	9.576055	7.457316	7.573451	6.075755	-2.648627	3.450276	4.553740	3.777087
52	10	1	-10.438207	-39.077019	-0.756282	16.309950	9.057080	-33.943485	-23.488543	7.171333	-18.340275	5.238993	5.923008	5.894622	0.593107	3.589897	-26.765751	8.866648	-5.479974	7.686593	-18.438652	-16.260928	0.679037	-1.194218	2.412834	1.637016	0.671377	5.210150
52	10	2	-10.438207	-39.980994	-0.756282	16.315119	9.057080	-33.943544	-23.488543	7.171333	-18.342138	5.238993	5.923008	5.894622	0.589893	3.589897	-26.808510	8.866648	-5.479974	7.686593	-18.455454	-16.260928	0.679037	-1.194218	2.648103	1.737487	0.251800	5.210150
52	10	1	-10.438207	-39.924879	-0.756282	16.315773	9.057080	-33.943538	-23.488543	7.171333	-18.342245	5.238993	5.923008	5.894622	0.584981	3.589897	-26.816714	8.866648	-5.479974	7.686593	-18.457637	-16.260928	0.679037	-1.194218	2.639376	1.713513	0.225110	5.210150
52	10	1	-10.438207	-40.056686	-0.756282	16.313763	9.057080	-33.943554	-23.488543	7.171333	-18.341890	5.238993	5.923008	5.894622	0.600046	3.589897	-26.791375	8.866648	-5.479974	7.686593	-18.450926	-16.260928	0.679037	-1.194218	2.658421	1.780000	0.311317	5.210150
52	10	1	-10.438207	-39.418656	-0.756282	16.304836	9.057080	-33.943521	-23.488543	7.171333	-18.339322	5.238993	5.923008	5.894622	0.654292	3.589897	-26.690390	8.866648	-5.479974	7.686593	-18.422385	-16.260928	0.679037	-1.194218	2.467988	1.835192	0.866675	5.210150
52	10	1	-10.438207	-39.069159	-0.756282	16.312223	9.057080	-33.943483	-23.488543	7.171333	-18.340826	5.238993	5.923008	5.894622	0.579435	3.589897	-26.790742	8.866648	-5.479974	7.686593	-18.445898	-16.260928	0.679037	-1.194218	2.427370	1.590319	0.550383	5.210150
52	10	1	-10.438207	-39.115420	-0.756282	16.308452	9.057080	-33.943489	-23.488543	7.171333	-18.339936	5.238993	5.923008	5.894622	0.605335	3.589897	-26.747390	8.866648	-5.479974	7.686593	-18.433909	-16.260928	0.679037	-1.194218	2.411801	1.677775	0.743276	5.210150
52	10	1	-10.438207	-39.073252	-0.756282	16.310201	9.057080	-33.943484	-23.488543	7.171333	-18.340334	5.238993	5.923008	5.894622	0.591337	3.589897	-26.768654	8.866648	-5.479974	7.686593	-18.439447	-16.260928	0.679037	-1.194218	2.413710	1.631006	0.658718	5.210150
52	10	1	-10.438207	-39.412084	-0.756282	16.304865	9.057080	-33.943520	-23.488543	7.171333	-18.339322	5.238993	5.923008	5.894622	0.653622	3.589897	-26.691035	8.866648	-5.479974	7.686593	-18.422480	-16.260928	0.679037	-1.194218	2.466397	1.832877	0.866619	5.210150
52	10	2	-10.438207	-39.706737	-0.756282	16.317152	9.057080	-33.943519	-23.488543	7.171333	-18.342414	5.238993	5.923008	5.894622	0.573426	3.589897	-26.834269	8.866648	-5.479974	7.686593	-18.462199	-16.260928	0.679037	-1.194218	2.601028	1.643450	0.180860	5.210150
53	2	85	-10.441675	-44.427351	2.439535	12.370609	4.790976	-21.774819	-15.973463	5.937566	-18.697906	7.114668	8.697665	7.628192	0.730838	5.326545	-24.922609	8.118799	-3.831592	4.967172	-24.540239	-9.816086	-0.811427	-0.004529	3.412632	3.595346	-0.190097	2.902871
53	2	15	5.626676	22.590928	8.674373	-29.786682	-1.433513	14.451994	3.815845	0.652083	6.585197	-4.208090	-6.234927	1.736135	5.962560	5.326545	16.477656	-4.373362	6.913702	4.967172	9.026670	5.759491	5.554838	6.517437	-1.080736	0.328428	4.729178	-3.469416
54	4	25	7.476904	27.643399	6.238190	-35.225227	-3.725396	21.510435	6.894631	3.382020	9.120744	-4.557111	-10.131381	-5.689156	5.577761	3.132978	11.026642	-3.844651	5.308344	7.167917	10.480432	6.485822	7.127238	7.073658	-3.278735	-1.119716	2.560070	0.857577
54	4	37	-5.431120	-35.770031	-0.389819	14.333702	8.765747	-25.114107	-15.607222	6.269084	-10.895586	7.567973	6.949526	6.773322	5.743317	3.132978	-31.619834	7.400908	-0.984223	7.167917	-20.909830	-10.300217	1.649041	0.481301	1.591901	5.070704	6.054403	6.798276
54	4	24	4.929734	20.690493	-0.389819	-16.666027	8.292353	5.623904	-0.888193	3.382020	9.120744	-4.553137	-5.393252	-5.687204	5.577761	3.132978	-6.569745	0.967277	2.322768	7.167917	4.339421	3.698917	7.126099	7.073658	-3.278692	-1.119716	2.560070	0.857638
54	4	14	4.929734	14.750279	-0.389819	-11.917141	8.292353	-2.069730	-0.888193	3.382020	8.927713	1.910795	1.061926	0.399825	5.577761	3.132978	-6.579302	0.967277	2.322768	7.167917	1.147858	3.698917	7.126099	7.073658	-3.276051	-1.119716	2.560070	0.861341
55	2	97	-12.275288	-41.482875	1.635777	19.865124	4.734400	-32.571229	-18.675042	7.737343	-11.871227	7.892499	6.484802	8.307443	-0.340708	7.556457	-31.441465	9.174363	-0.403128	4.876530	-21.859746	-8.717542	-2.900521	-3.644422	2.884828	4.303102	0.692092	6.453026
55	2	3	0.682812	5.766691	7.457067	-19.584836	-4.314228	11.417000	0.617382	6.241678	7.927780	0.272758	-8.704800	-0.192573	5.838332	7.556457	9.541560	0.577419	6.769608	4.876530	5.356955	2.864388	2.667965	2.130201	0.430214	4.578444	4.118449	-0.034280
56	4	36	-11.987157	-34.413722	1.352712	19.476276	6.581030	-22.832574	-22.416487	6.355223	-11.524954	7.193327	5.127830	6.511259	-0.297512	7.243396	-18.578737	8.080547	-4.205401	3.281447	-22.531417	-5.711516	-0.563724	1.123804	1.152107	1.591201	1.150321	7.397268
56	4	15	6.349661	16.686899	7.136786	-21.756935	-3.220441	20.296602	4.004935	0.998596	8.684063	-4.159940	-7.619161	-6.015486	6.307929	7.243396	16.312847	-3.508007	6.747143	3.281447	5.169952	7.271037	5.010422	6.339217	0.687935	4.700875	6.746027	0.905959
56	4	36	-11.988785	-41.596635	1.352712	19.834736	6.581030	-23.001871	-22.416488	6.355223	-13.776069	7.193327	5.127830	6.511259	3.274985	7.243396	-15.457009	8.080547	-4.205401	3.281447	-23.399850	-5.747581	-0.563724	1.115951	2.664910	5.831508	3.531734	7.397268
56	4	13	6.349661	22.506433	7.136787	-26.010613	-3.220528	21.356656	4.005104	0.998596	8.709492	-4.159952	-7.619161	-6.015508	-0.268970	7.243396	10.915919	-3.509634	6.747143	3.281447	5.843349	7.271037	5.010422	6.339324	-5.176664	-1.329084	1.721747	0.905959
57	2	92	-4.555955	-39.094581	4.837775	13.463461	1.969594	-28.880669	-14.171203	3.799306	-12.378530	6.368800	6.803578	7.704231	6.008980	6.434881	-30.931332	5.421185	-8.216978	7.224090	-16.565017	-14.030195	-0.694410	3.146005	4.991187	7.587953	3.110062	6.772824
57	2	8	3.058896	16.153718	4.932501	-15.654637	-4.204181	6.163388	-0.743249	-2.275040	8.765093	-5.515205	-9.364471	-2.775747	6.128454	6.434881	7.770772	-0.741631	3.954907	7.224090	5.231660	-2.068478	0.600548	7.132496	-1.259407	1.968925	4.407028	0.408831
58	5	56	-7.590711	-52.255726	3.036635	17.772972	6.614501	-23.541836	-13.195678	6.801611	-13.824323	7.669723	9.375057	5.176567	4.274520	5.818422	-29.149732	7.812762	-3.883085	5.462813	-22.392676	-12.066221	1.692871	-0.055887	2.715846	4.875938	2.917709	7.432509
58	5	8	5.685399	13.080243	4.222388	3.296979	5.070870	8.506711	0.239848	0.203667	6.952437	-2.579360	-2.011527	-7.448775	-0.106204	5.818422	-6.144537	-0.616871	1.150554	5.462813	-3.992333	-0.436237	6.067260	6.341697	-2.551656	-2.159819	-1.734109	1.648605
58	5	25	6.627421	23.743028	6.003622	-13.748812	-0.634375	22.816206	5.810547	0.203667	8.271988	-2.579360	-7.316957	-7.448775	-0.106204	5.818422	11.808529	-4.910844	6.533601	5.462813	5.586120	5.781351	6.214001	6.341875	-2.551656	-2.159819	-1.734109	1.648605
58	5	9	-7.590711	-44.264730	3.036635	17.743461	6.614501	-23.421682	-13.195663	6.801611	-10.458979	7.669723	9.375057	5.176567	-0.106207	5.818422	-31.867303	7.812762	-3.883085	5.462813	-20.899084	-12.066221	1.692871	-0.055860	1.685868	2.393384	-2.111450	7.432509
58	5	2	5.666609	9.658117	4.207626	6.762566	5.091848	-4.571862	0.228706	0.203667	2.358290	2.813594	3.905316	-1.015512	-0.106204	5.818422	-6.464958	-0.601140	1.149925	5.462813	-7.526188	-0.441414	6.064748	6.223487	-2.551656	-2.159819	-1.734109	1.648636
59	2	82	-7.377859	-43.747594	4.735076	18.444140	5.518890	-33.370741	-18.926252	7.542842	-9.819195	6.342055	7.037246	7.684569	5.811571	7.436470	-30.904860	7.580261	-6.761443	3.949581	-9.109666	-11.224224	-0.617606	1.524721	0.953018	-2.079322	1.121879	5.330165
59	2	18	5.547269	25.228628	6.435437	-15.499776	-6.455366	13.748174	4.503924	1.065803	10.209121	0.082754	-9.421758	-3.793624	5.817243	7.436470	7.158443	-4.025113	5.390157	3.949581	11.359491	5.241295	4.888541	6.133867	-4.435984	-7.571710	1.452880	4.159225
60	2	41	-3.930896	13.093018	8.606919	-25.533417	2.358182	14.270482	0.078130	0.365426	9.323780	-0.861781	-12.620220	-6.730173	2.660230	5.434843	9.129450	-6.214463	6.274636	4.936169	8.747454	0.383265	9.665161	2.676530	-3.968030	-3.513632	1.259348	2.605312
60	2	59	-6.193420	-23.745351	2.157294	13.310191	6.975521	-27.502497	-11.123855	6.712184	-10.976746	8.100871	4.647864	5.660901	2.340102	5.434843	-27.865622	5.496506	-1.494325	4.936169	-19.173636	-11.231608	3.843207	-3.713390	-0.061318	2.182962	0.241528	8.036364
61	4	44	-9.927826	-37.752189	2.998559	19.486294	3.070381	-15.263790	-20.030428	6.571756	-15.105576	7.497355	8.768768	4.895875	2.478241	7.800567	-20.284292	4.337132	-0.921998	6.083602	-21.948864	-6.442501	-0.091352	1.067820	3.775039	5.401412	3.231856	5.452005
61	4	10	7.103609	24.983939	3.141536	-19.680239	-9.073358	21.023063	3.200715	1.127125	11.039589	-3.770079	-6.881900	-3.322733	0.895146	7.800567	13.117885	-4.506938	7.650538	6.083602	9.843541	7.648880	5.272455	5.504087	-4.685160	-2.817633	0.678446	-0.856808
61	4	29	7.103609	21.043085	3.141536	-16.585389	-9.073358	21.021305	3.200715	1.127125	11.033593	-3.770079	-6.885489	-3.322733	3.189967	7.800567	13.865358	-4.506938	7.650538	6.083602	9.819897	7.648880	5.272455	5.504087	-1.031168	2.426263	6.497810	-0.856808
61	4	17	1.772520	-6.835238	3.141536	-2.559053	-9.055794	13.622164	0.809153	6.571756	-1.271471	2.440649	-0.973105	-0.851116	2.478241	7.800567	5.697678	1.240138	7.507183	6.083602	-0.031913	3.492001	5.236390	1.194185	3.775039	5.401412	3.231856	5.452005
62	2	58	8.207999	23.478568	7.461386	-34.694874	-2.399269	15.784559	6.872750	0.916719	10.509143	-5.154788	-15.174232	-4.923545	6.124827	6.299968	18.011577	-5.501613	6.243445	8.363893	9.218043	4.795522	2.883650	6.780704	-3.733803	-0.914028	2.911728	0.536364
62	2	42	-7.344464	-32.151999	1.565756	16.690489	7.573062	-30.590689	-21.508645	6.232924	-10.054005	5.639838	3.178669	7.003767	1.483189	6.299968	-29.280350	6.421126	-3.647336	8.363893	-23.738383	-11.442444	1.154524	3.619553	4.099440	1.769519	-3.058958	5.665895
63	3	27	-11.917970	-35.411534	-3.526175	17.588896	7.355378	-22.796273	-15.580096	3.868584	-6.798123	4.913816	6.239496	6.780520	1.326890	6.321215	-23.192260	7.620782	-1.276013	5.685537	-25.252308	-8.405204	1.464705	-0.211555	1.386201	5.579158	1.086855	7.029383
63	3	56	2.111685	24.515375	2.414651	-14.060391	-1.361143	23.200421	3.877702	1.555999	8.853178	-6.785962	-6.613001	-6.130369	-0.732927	6.321215	9.688941	-3.990133	7.969741	5.685537	7.473020	6.834467	6.210721	5.708577	-0.940567	0.496555	-1.861421	3.672840
63	3	17	-11.917970	-31.538371	-3.526175	17.588896	7.355378	-22.796000	-15.577298	3.868584	-6.793705	4.913816	6.239497	6.780520	-0.816093	6.321215	-26.067237	7.620782	-1.276013	5.685537	-25.252180	-8.405204	1.464705	-0.211555	1.383292	2.349838	-5.164236	7.029383
64	2	57	-10.305495	-39.033780	-0.053965	11.437499	7.422330	-27.665777	-11.824363	3.960621	-10.486630	6.101543	5.555817	5.870866	5.896196	4.587785	-15.341581	7.673434	1.904454	8.041517	-17.088695	-7.678385	-1.072280	-0.214066	0.175412	7.927545	4.764687	6.250255
64	2	43	7.710930	26.832989	5.293801	-32.446465	-2.912499	17.066368	9.504821	-2.674800	5.077855	-2.445848	-9.940932	-3.230393	1.802823	4.587785	12.262513	-4.253449	7.322728	8.041517	11.492793	6.464731	2.715522	5.974120	-4.189745	1.665547	0.613647	0.289857
65	2	59	6.159405	22.274029	8.088263	-30.514483	-3.573631	17.419369	7.716208	-1.988730	9.692162	-4.154789	-9.789862	-5.850819	6.130166	4.910103	16.519698	-2.690604	7.311409	3.439647	8.724461	7.109077	5.898373	8.463092	-5.350186	0.746485	5.373340	-2.461544
65	2	41	-3.405807	-30.215593	1.524717	15.598182	7.568777	-27.954741	-16.060131	4.101128	-3.156066	7.500725	7.937234	6.913661	6.129836	4.910103	-23.840382	6.874226	-2.116392	3.439647	-20.880768	-0.752722	2.620752	2.966874	1.637981	7.048246	5.339902	3.567555
66	4	51	8.137281	15.966560	6.833003	-30.852740	-9.725415	16.223285	4.672701	1.544019	7.670512	-2.776813	-12.458923	-3.254873	5.913588	6.887415	16.649665	-4.740356	8.966824	4.666024	5.877703	6.535296	6.504660	7.510306	0.752296	3.186915	3.828766	1.631292
66	4	10	-9.908794	-45.875040	6.820990	14.363267	1.561189	-22.875145	-4.004480	6.346534	-15.162938	6.757978	5.301068	5.712636	5.890424	6.887415	-22.254509	7.279492	-0.880722	4.666024	-20.984447	-5.589254	3.910631	3.561005	3.174146	5.718093	3.307734	6.853926
66	4	12	8.136870	-6.103063	6.833003	-20.374093	-9.717451	7.700484	2.937990	6.346533	-0.075647	3.803753	-5.879056	1.316293	5.890674	6.887415	9.244873	0.940109	8.483114	4.666024	-2.544983	6.529975	6.504653	7.443840	3.171042	5.721192	3.310741	6.853926
66	4	27	1.235385	-13.413785	6.833003	-11.432761	-9.590366	-4.617173	0.927501	6.346534	-10.186323	6.757256	0.447264	5.712631	5.890426	6.887415	8.140703	1.684655	8.225820	4.666024	-8.635676	2.840891	6.482556	3.561005	3.174126	5.718113	3.307753	6.853926
67	2	22	-9.769876	-36.755568	0.350666	15.715331	5.252920	-20.730454	-23.033941	5.122735	-8.094993	7.851618	5.872094	5.249680	3.169610	7.052311	-21.864026	6.978511	-1.198699	7.030060	-16.328323	-7.678552	-2.180840	1.116554	0.096522	0.147341	1.815425	6.352901
67	2	78	6.191920	22.069707	5.143133	-26.336818	-5.761908	17.743684	2.702368	-0.694447	11.742084	-0.051698	-12.768668	-6.710991	7.019490	7.052311	16.018530	-4.847184	7.748492	7.030060	8.328389	8.364797	3.192735	7.143682	-5.615516	2.075549	5.219214	0.561969
68	3	57	-12.122752	-41.227465	1.083901	16.700989	6.188984	-25.508698	-10.730160	7.286785	-18.348319	6.996668	3.699105	7.589843	2.196239	7.666826	-27.395996	4.582307	-4.816050	7.004551	-25.433733	-6.403575	0.999161	0.255122	1.806791	4.474320	-0.288022	4.171662
68	3	30	4.049564	25.397997	7.033758	-18.770251	-5.323683	19.846204	4.704307	1.987327	5.809658	-3.050646	-12.563480	-3.138406	2.198920	7.666826	8.132390	-3.911713	6.885746	7.004551	8.517487	9.418362	6.626592	6.451860	-4.547740	0.004706	-0.246893	-2.102878
68	3	13	-12.122752	-37.325146	1.083901	15.919075	6.188984	-25.508681	-10.730160	7.286785	-14.540055	6.996668	3.699105	7.589843	2.149715	7.666826	-26.731072	4.582307	-4.816050	7.004551	-23.227755	-6.403575	0.999161	0.255122	0.449477	1.525867	-4.734994	4.171662
69	2	69	7.794088	27.565387	8.067693	-28.471020	-2.009917	18.425917	6.854558	0.925584	11.570603	-3.344716	-7.013128	-3.182322	2.503799	6.612886	11.907410	-6.045359	5.857665	4.074868	10.875382	5.571849	7.558506	7.399318	-0.703777	-2.999866	3.309702	-1.201256
69	2	31	-5.544284	-26.998554	3.420082	17.755929	8.562208	-30.601713	-18.890966	5.955814	-4.577633	7.352677	5.129937	8.697777	-0.704906	6.612886	-20.872748	5.484564	-4.105564	4.074868	-18.281793	-7.058879	3.912096	1.727279	1.813255	-0.761286	1.657618	5.264605
70	2	95	-7.943363	-42.395339	0.739344	16.000213	6.713794	-27.872625	-17.262093	9.455252	-14.445657	6.032204	7.961438	6.432246	2.215870	6.755084	-27.878995	6.938095	-5.577782	7.860949	-21.532682	-12.920174	-0.648554	-4.956576	2.129522	4.976155	0.496133	5.964871
70	2	5	2.500667	7.462003	5.986308	-14.497498	-0.304416	12.906578	-1.763961	3.720330	7.249389	-4.449645	-8.931900	-4.160478	2.213131	6.755084	2.000142	0.438020	6.248517	7.860949	-2.379015	1.274301	4.312426	1.682305	0.762855	0.956984	0.025537	2.365923
71	3	74	-8.400838	-33.307975	4.038537	17.155881	5.108436	-20.238167	-16.742223	4.323575	-14.398598	8.084477	5.934497	7.379721	5.910922	6.356953	-25.937909	3.383821	-7.404735	6.016349	-22.070316	-7.868574	1.937574	0.336965	1.520311	6.529370	6.718371	6.685854
71	3	19	5.155940	24.676925	8.108722	-20.498572	-3.942273	20.687370	2.300940	-2.166366	11.090027	-3.386100	-10.864981	-0.994481	-0.229860	6.356953	8.849018	-6.986399	3.843491	6.016349	7.325195	6.413620	6.084567	6.647727	-6.639497	0.088431	2.174273	1.608177
71	3	7	1.024911	14.039014	8.108722	-13.348892	-0.984088	14.353150	-1.675485	-2.166366	11.090027	-3.375280	-10.864981	-0.994481	-0.229822	6.356953	5.783715	-1.155438	3.843480	6.016349	4.002242	0.852388	5.497186	6.647727	-6.639494	0.094430	2.174541	1.608177
72	3	85	6.480379	26.660388	6.808879	-25.178144	-4.055754	14.738164	7.946038	-4.548861	9.372014	-4.897970	-12.253240	-5.459678	3.812917	5.521899	11.438390	-5.132886	9.465302	6.339147	10.913722	6.121002	7.597992	8.309793	-4.625792	-5.999541	-0.077826	2.236548
72	3	8	-4.980679	-32.538167	0.941658	19.555463	7.841610	-29.628010	-20.622671	1.715958	-6.568546	7.553188	4.435052	5.795924	4.398559	5.521899	-25.932524	7.263096	0.885671	6.339147	-17.379497	-5.586810	2.104767	1.973955	1.151812	-1.384836	0.704037	8.866970
72	3	7	-5.001028	-42.792939	0.941658	19.597314	7.841610	-32.669864	-20.638213	1.715958	-6.653371	7.553188	4.435052	5.795924	6.921774	5.521899	-21.013543	7.263096	0.885671	6.339147	-17.479818	-5.586842	2.104767	1.952647	1.263134	0.506236	3.315985	8.866970
73	2	42	6.878625	28.543964	7.573787	-30.849665	-5.814501	15.494983	7.600276	1.697260	8.379382	-3.490663	-12.711438	-7.283709	2.732692	5.541146	11.363282	-3.239511	6.804742	5.873075	8.197603	5.410981	9.447068	8.487001	-1.914872	-2.512568	0.044929	-0.300394
73	2	58	-9.098348	-34.714872	4.447045	14.947776	6.091247	-34.712162	-23.485562	6.260568	-13.902518	6.642606	5.521766	5.535249	1.802069	5.541146	-32.758520	6.247109	0.069183	5.873075	-27.106315	-9.961561	3.836191	2.905266	2.389056	-0.590077	-5.534464	5.283223
74	2	72	-9.673894	-28.390463	3.993766	12.935288	5.397470	-28.411444	-19.015513	5.923278	-2.378795	6.498301	7.109865	0.460855	0.400443	8.218063	-32.905503	6.034034	-4.887082	3.902628	-17.466400	-6.033092	0.322736	-0.837962	0.260629	0.629490	-2.149181	6.257782
74	2	28	5.810005	23.016962	7.291797	-28.387541	-6.214950	18.071975	4.111539	-0.123012	8.556628	-3.457810	-10.328419	-12.703932	0.400641	8.218063	4.740265	-3.375132	7.329527	3.902628	10.041780	3.780134	6.500246	5.409554	-5.961100	-1.557929	-1.138100	0.685102
75	4	34	-10.428225	-31.485147	-2.217999	15.127010	9.313166	-27.941956	-20.797587	7.582954	-9.054738	8.483599	6.532742	5.395581	2.128042	3.421242	-21.858179	5.838221	-1.216390	4.008972	-15.571972	-4.890698	-0.172517	3.456041	-1.962865	0.344292	-0.402831	5.487858
75	4	9	-10.428225	-38.938877	-2.217999	17.943116	9.313166	-29.351487	-20.797593	7.582954	-9.074066	8.483599	6.532742	5.395581	6.630122	3.421242	-18.404361	5.838221	-1.216390	4.008972	-15.579135	-4.890698	-0.172517	3.456041	-0.530297	5.477375	4.109033	5.487858
75	4	55	5.343923	24.485326	4.070975	-26.088606	0.050610	18.731682	5.556904	3.071012	10.369301	-2.709628	-9.921904	-4.095083	2.126869	3.421242	12.740877	-4.629641	7.393914	4.008972	11.036665	6.608369	5.406129	6.139394	-6.366534	-4.306619	-0.403825	-0.966096
75	4	2	-6.129446	2.855182	-2.217999	-2.153759	9.266658	4.721267	-4.718280	3.239643	10.334973	-2.686384	-4.357475	-4.095000	2.126869	3.421242	-9.683183	0.934242	0.950714	4.008972	-1.096461	-0.057330	0.622239	6.139394	-5.027839	-4.300076	-0.403825	-0.885565
76	3	56	-8.749410	-38.341969	2.365804	14.829430	5.091013	-29.243405	-18.444574	5.983030	-9.278036	5.844461	6.268831	6.548270	7.023079	8.478525	-31.956570	8.113252	-2.408969	6.003916	-14.129178	-8.493697	-0.066149	1.820624	0.747380	7.564444	4.423456	7.071239
76	3	32	6.741094	24.600620	7.543225	-32.792786	-7.642883	17.425713	2.018973	-0.352424	10.783622	-5.218578	-7.961715	-6.369780	6.225055	8.478525	11.616007	-3.610076	6.219681	6.003916	8.420020	4.819126	6.419328	7.196597	-5.103419	1.358626	3.426028	0.440961
76	3	12	-1.413502	5.422363	2.366534	-5.219234	5.086458	4.286072	-2.987390	-0.347187	10.741549	-5.218551	-2.234883	-6.366691	6.426818	8.478525	-7.687124	2.559323	2.020768	6.003916	-2.175050	-1.709569	-0.050447	7.196597	-4.721888	1.475975	3.580409	0.443313
77	2	63	5.533073	23.662657	8.403470	-30.251158	-3.968306	22.020660	7.529324	-0.788457	11.061749	-2.620033	-7.958006	-4.879342	5.553332	6.025736	14.397229	-7.286731	7.189508	6.043495	9.813771	2.988524	4.376409	4.992578	-7.248148	2.372534	6.359515	-1.595338
77	2	37	-8.114861	-39.709180	2.073869	14.106072	7.472811	-24.703683	-17.301660	5.641047	-4.080762	8.263249	6.944411	7.385801	5.566745	6.025736	-25.262404	4.414958	-1.145714	6.043495	-16.980220	-10.817968	-0.300492	0.407447	0.552533	8.689366	6.607489	4.958773
78	3	73	-11.647955	-39.788391	-0.923451	16.912472	6.844813	-27.155954	-18.865869	6.100312	-13.084381	4.202790	7.943811	6.479930	5.082377	8.201352	-28.140289	7.148259	0.518065	5.611881	-15.398192	-10.974311	2.654374	-2.584434	0.588297	4.970906	1.401434	6.530522
78	3	23	-0.464997	10.776067	5.150673	-29.008427	-0.564576	15.068543	0.913803	-0.344046	8.095087	-3.596877	-7.908183	-5.904659	2.160772	8.201352	2.848415	-4.681549	9.850808	5.611881	6.245237	0.151866	8.332596	3.738091	-5.272354	-2.202202	-3.599877	3.447881
78	3	4	-0.790726	-10.400944	5.150672	-14.854229	0.329885	12.414403	0.305058	6.100312	1.762261	-0.622438	-2.925470	-0.113242	5.082377	8.201352	2.569158	1.845136	9.285927	5.611881	-0.068540	-0.182852	8.321943	3.633654	0.588297	4.970906	1.401434	6.530522
79	2	48	-10.990624	-45.091296	1.250997	15.666054	7.296467	-35.780344	-18.619460	6.335032	-8.310976	7.876227	7.714720	5.647182	7.168487	6.697006	-25.609211	6.646333	2.221799	8.351256	-25.704038	-6.986088	-1.284854	1.370126	2.363391	8.082149	4.811867	8.504722
79	2	52	6.631967	18.877460	7.728787	-25.926134	-3.853700	8.729402	4.600650	2.818843	8.473806	-3.965737	-9.058072	-7.208010	7.500271	6.697006	12.304600	-6.087139	8.658858	8.351256	8.090852	8.206749	4.101012	7.405415	-0.562824	1.928560	6.819086	5.470490
80	2	80	-10.447377	-39.110431	0.460206	16.004341	6.130154	-37.615131	-17.537575	9.017952	-13.672816	6.745086	8.324692	7.751319	-2.195993	6.902636	-32.126959	6.588179	-1.874555	7.015652	-24.840171	-11.357856	0.616370	1.371409	4.213842	1.653587	-0.528162	6.771572
80	2	20	7.021068	22.105635	6.371631	-27.910049	-6.465776	19.483812	6.877240	2.451999	2.411753	-3.075223	-5.983564	-2.070014	3.770338	6.902636	10.103339	-1.385665	7.395620	7.015652	4.349217	6.011583	5.401393	7.860118	0.605043	2.517040	5.919837	0.812479
81	2	96	-11.727403	-47.382648	0.861183	13.919879	7.375180	-38.392719	-22.765692	6.225803	-12.938808	7.355472	6.669517	6.312910	2.144350	5.884480	-27.873285	4.769095	-5.097841	8.227387	-21.113997	-8.128119	0.964793	0.085391	2.568604	2.169365	-4.152173	4.781046
81	2	4	6.333513	19.725735	5.838434	-14.523688	-0.950082	16.351086	1.171063	0.009373	7.971175	-3.044083	-9.998825	-5.339144	2.926113	5.884480	8.255853	-2.652878	2.254348	8.227387	8.059140	4.267759	6.661510	6.097306	0.673290	-4.356297	-2.339092	1.918547
82	3	83	-4.334602	-36.439891	3.379920	15.550598	7.751570	-20.608428	-17.649107	6.188902	-13.677336	8.256866	4.282779	6.653342	6.199473	7.017965	-22.655766	6.223267	-5.041313	6.605170	-19.281475	-10.528970	1.754934	2.593675	1.663008	8.118890	6.437493	4.487183
82	3	8	4.296374	6.042853	9.273382	-13.405263	1.509666	-4.897584	-0.784643	-0.002161	3.839967	2.865871	-6.256769	6.544669	6.200714	7.017965	8.431843	0.422105	1.831516	6.605170	1.232728	0.536560	7.997694	8.726421	-0.093862	3.730611	6.858837	-0.253436
82	3	9	4.420407	11.213236	9.277190	-19.114246	1.484489	4.157805	-0.723078	-0.082521	10.375217	-2.264801	-10.607443	1.889039	6.200714	7.017965	8.544675	0.304076	1.840276	6.605170	6.149775	0.599697	7.997824	8.727246	-0.093863	3.730608	6.858836	-1.004504
83	2	70	-9.040697	-26.215075	0.957914	16.267997	6.439241	-31.341766	-19.426982	7.205598	-13.207681	5.717100	3.693027	5.710396	-0.677740	7.875871	-26.503458	6.653049	-4.720912	7.857291	-15.720767	-13.112745	0.533102	-1.992501	1.731704	1.377736	-3.161920	9.533308
83	2	30	2.883653	27.112281	7.018432	-18.104247	-2.805537	13.836098	1.169661	0.792117	12.378497	-5.655547	-11.020406	-3.742592	-0.677693	7.875871	10.047278	-1.452066	6.014360	7.857291	10.781253	2.540007	5.804732	4.077507	-3.558766	-2.814248	-0.189352	4.039271
84	2	78	-5.591525	-46.112807	6.996315	10.620238	7.205566	-41.330281	-28.425783	9.453388	-12.008671	4.878186	6.150030	4.762292	5.123732	8.948372	-26.278073	7.630832	-6.536140	4.669668	-15.179817	-7.386528	4.347388	-0.028778	1.473389	7.354733	3.952216	2.950986
84	2	22	7.112985	25.911355	7.883727	-28.912570	-1.908242	11.622084	3.541547	4.349141	9.757465	-6.400436	-8.046485	-5.434912	-0.198541	8.948372	9.750888	-4.375681	5.464667	4.669668	11.951174	6.217931	4.980762	6.375988	-6.238661	-5.282156	-0.864910	2.266196
85	2	92	-4.724102	-45.120647	1.382525	22.399751	6.149964	-29.921502	-21.702259	7.396723	-12.501371	5.913061	7.664998	6.975469	9.211190	6.163292	-23.073854	7.014956	-8.193760	3.226065	-19.117412	-6.559370	3.644244	0.165925	-0.218906	9.562224	4.820198	7.675170
85	2	8	6.312094	12.303905	6.288521	-20.850089	-3.972534	13.824236	1.484026	0.820768	9.018599	-3.443437	-9.280819	-5.543588	9.211206	6.163292	10.917424	2.649555	1.770577	3.226065	7.285586	3.497949	9.190495	6.520743	-3.651391	8.755156	4.820309	1.361570
86	3	68	-3.957563	-33.352692	3.074474	18.237518	7.825341	-23.672352	-19.801465	6.255167	-12.600297	3.076869	3.026283	6.920883	3.989399	6.597065	-20.463179	6.441063	-3.708024	7.288915	-21.177917	-4.482230	4.173667	3.124291	2.848016	7.240515	3.795139	6.887652
86	3	17	5.555921	26.096690	6.679835	-29.389358	-3.812593	17.845955	2.527617	-0.282734	2.363717	-9.335926	-14.976404	-2.778420	2.656331	6.597065	14.219539	-0.530145	6.699101	7.288915	8.105898	9.022144	7.902532	6.861495	-2.303458	-1.188536	0.440567	0.401295
86	3	15	-1.463573	6.703153	6.562769	-8.889017	3.005706	3.317082	-8.750842	-0.282722	2.360949	-9.189009	-14.343923	-2.458246	2.656348	6.597065	2.969404	4.803960	2.731563	7.288915	1.242827	1.054289	6.001944	6.860679	-2.302433	-1.135935	0.440576	0.440169
87	2	91	-8.615128	-35.524429	4.206933	16.215279	7.320341	-29.104665	-23.234860	6.479075	-10.082318	7.320744	7.910183	3.117781	3.802308	7.163452	-24.894890	6.979302	-5.274045	7.488238	-18.499668	-7.491914	1.679110	1.242574	3.256718	5.960797	2.730549	6.580040
87	2	9	6.669644	18.059256	8.406821	-23.687905	2.507556	16.259511	1.818801	0.744879	11.949426	-5.068418	-4.702519	-9.783208	5.658128	7.163452	18.246151	-5.814998	6.126021	7.488238	4.683717	4.266147	5.783924	3.623381	0.566300	1.868983	5.149338	0.062107
88	2	88	6.173292	26.064846	7.081621	-30.424198	-6.992815	20.192172	1.625409	-0.160654	9.379806	-3.842459	-10.987546	-8.250080	-0.056369	6.695665	17.816021	-1.559185	7.136916	5.331423	8.176304	8.189325	6.019422	6.653737	-4.151058	-3.521881	2.785220	-2.222815
88	2	12	-0.734088	-19.216725	7.078661	9.334477	1.390547	-19.112690	-13.654881	6.210216	-10.811580	8.719962	7.599191	4.197101	-0.431767	6.695665	-12.852581	7.022152	-4.100574	5.331423	-16.330930	-2.531140	2.935079	5.532873	1.924673	0.415648	-3.274576	3.231890
89	2	10	6.606116	13.061058	6.641004	-23.984512	-6.205671	15.815740	5.639267	1.322469	6.213703	-1.911033	-13.116968	-9.464514	7.708737	6.626690	13.752154	-2.569563	6.093878	8.085488	9.324868	5.177098	6.895654	6.504009	1.301753	4.190640	5.811148	2.980226
89	2	90	-7.130440	-50.081246	0.039775	14.574712	6.723901	-16.765412	-20.568462	7.127719	-18.138083	6.497191	5.917571	2.198462	7.708658	6.626690	-26.218764	7.102992	-4.150640	8.085488	-16.740614	-11.240587	1.035180	1.085703	1.989053	8.100320	5.149655	6.075015
90	2	38	8.317476	18.442822	6.317221	-32.431678	-5.338924	15.218006	2.537746	4.541975	7.716809	-3.351138	-10.343920	-6.105034	8.049065	5.431757	16.588141	-3.118109	6.678411	7.484539	9.303380	7.145551	5.746797	5.347820	-6.497572	-0.049590	5.953153	3.209326
90	2	62	-6.139424	-30.311684	-0.093453	13.033573	6.932709	-25.854668	-23.553235	4.858057	-6.964276	5.748957	8.050403	6.232218	4.538314	5.431757	-29.663569	5.760937	-3.047362	7.484539	-13.597129	-11.004096	-0.658796	0.153638	1.096440	5.633814	1.431281	7.553298
91	3	18	4.813748	26.597632	6.323013	-23.110466	-8.241955	5.756110	1.765247	-1.123048	9.992609	-6.739344	-10.230983	-2.070670	6.295388	9.099267	12.096000	-3.989057	5.568890	7.779828	11.801463	4.998352	7.081279	5.869654	-3.996837	2.265086	6.321132	1.884545
91	3	75	-10.240712	-34.397283	4.328058	15.081760	4.558045	-41.035336	-25.086466	4.150385	-10.610535	4.569542	5.835929	9.170457	6.295388	9.099267	-29.973091	4.082562	-7.076383	7.779828	-13.913202	-14.342419	1.060041	0.506158	1.768505	7.060230	6.346591	7.573821
91	3	7	-5.870685	6.279769	6.309349	-7.140227	-3.731591	-10.299940	-2.392961	-1.109636	3.983641	-1.573395	-5.357304	4.311650	6.295388	9.099267	2.454661	-1.821818	5.565915	7.779828	1.591886	-1.234111	1.699301	5.869069	-3.996606	2.265171	6.321211	1.884554
92	2	78	3.781149	25.612418	4.828298	-26.600877	-5.175936	18.467033	12.203245	0.923793	11.824301	-4.003143	-10.309298	-2.173915	4.515206	6.588911	16.197960	-4.717345	7.952190	7.345158	9.972657	7.215393	4.530401	5.628825	-5.103658	-3.933527	2.985975	0.168430
92	2	22	-14.971801	-37.465426	1.713985	14.695413	6.887172	-38.070766	-13.066753	6.800645	-11.159912	6.223325	6.380827	8.053323	6.519979	6.588911	-26.424678	4.818710	-3.362352	7.345158	-23.575228	-8.319746	0.168260	-0.570403	1.030087	2.689803	6.189827	5.886867
93	10	58	5.915340	25.681707	5.845637	-27.445755	-3.950449	20.965388	6.333167	-0.437099	11.422846	-1.913932	-4.626919	-4.362147	4.459342	6.002832	11.288299	-6.813779	5.850131	3.332950	9.571058	4.017337	8.770911	8.676845	-2.641864	-3.580903	1.236101	-1.278912
93	10	1	-8.729909	-27.144193	2.740552	17.432545	7.909129	-26.790367	-14.355419	5.411586	-11.402312	5.780681	7.812478	6.799442	5.245826	6.002832	-22.166373	3.401253	-2.944215	3.332950	-22.210364	-10.666122	2.942734	2.273415	2.841614	3.722311	1.821981	5.316105
93	10	1	-8.729909	-26.072236	2.740552	17.430484	7.909129	-26.143515	-14.355419	5.411586	-11.108473	5.780681	7.812478	6.799442	5.123643	6.002832	-21.906453	3.401253	-2.944215	3.332950	-20.591818	-10.666122	2.942734	2.273415	1.996433	4.023715	3.183577	5.316105
93	10	9	0.734919	13.138222	2.934466	0.710798	6.426675	7.311932	-1.576119	-0.437099	11.422837	-1.896488	-4.206713	-4.358849	4.459342	6.002832	-5.284119	-6.333892	1.407868	3.332950	-3.770772	-4.398185	2.942734	8.676845	-2.641864	-3.580903	1.236101	-1.278912
93	10	1	-8.729909	-26.365924	2.740552	17.431179	7.909129	-26.320091	-14.355419	5.411586	-11.164128	5.780681	7.812478	6.799442	5.183398	6.002832	-21.921894	3.401253	-2.944215	3.332950	-21.059030	-10.666122	2.942734	2.273415	2.624594	4.127771	2.793871	5.316105
93	10	1	-8.729909	-25.696156	2.740552	17.430295	7.909129	-25.899294	-14.355419	5.411586	-11.148123	5.780681	7.812478	6.799442	4.995076	6.002832	-22.248972	3.401253	-2.944215	3.332950	-20.349030	-10.666122	2.942734	2.273415	0.886003	3.297268	3.229550	5.316105
93	10	1	-8.729909	-25.763344	2.740552	17.431404	7.909129	-25.713197	-14.355419	5.411586	-11.286172	5.780681	7.812478	6.799442	4.714056	6.002832	-22.433833	3.401253	-2.944215	3.332950	-21.095922	-10.666122	2.942734	2.273415	0.955828	2.303926	2.203025	5.316105
93	10	1	-8.729909	-26.385492	2.740552	17.431224	7.909129	-26.331931	-14.355419	5.411586	-11.169187	5.780681	7.812478	6.799442	5.186734	6.002832	-21.926344	3.401253	-2.944215	3.332950	-21.090061	-10.666122	2.942734	2.273415	2.650412	4.127062	2.768141	5.316105
93	10	1	-8.729909	-26.670517	2.740552	17.431812	7.909129	-26.504457	-14.355419	5.411586	-11.251254	5.780681	7.812478	6.799442	5.226614	6.002832	-22.006244	3.401253	-2.944215	3.332950	-21.530548	-10.666122	2.942734	2.273416	2.882593	4.048200	2.402885	5.316105
93	10	1	-8.729909	-26.327039	2.740552	17.431089	7.909129	-26.296580	-14.355419	5.411586	-11.154413	5.780681	7.812478	6.799442	5.176540	6.002832	-21.913738	3.401253	-2.944215	3.332950	-20.997144	-10.666122	2.942734	2.273415	2.568505	4.126915	2.845223	5.316105
94	2	43	7.703197	24.238421	6.457425	-24.553634	-7.633919	13.566729	5.578884	2.462959	9.255969	-4.176939	-11.364408	-3.059208	-1.864737	4.294303	7.185773	-3.015193	6.755211	6.700705	7.821646	5.371544	8.702817	5.570148	-1.552758	-4.543866	-1.773530	1.655489
94	2	57	-7.147028	-26.704929	5.709539	9.695852	3.186973	-31.472743	-13.212826	8.004482	-11.211860	7.076941	6.265487	4.138029	-1.864767	4.294303	-25.141412	8.249370	-1.899757	6.700705	-25.307799	-9.692539	5.553210	-0.726494	3.484356	1.531721	-3.573101	4.134207
95	3	11	-0.928108	-15.589087	6.581337	-5.106275	-4.965770	-9.376934	2.835781	6.756799	-6.482712	9.038106	3.112517	5.310530	6.418497	5.224417	2.992067	0.908084	3.203034	3.483836	-9.063678	0.365171	7.678584	2.861529	1.607335	7.251664	6.490644	6.298779
95	3	54	6.742434	21.978116	6.581337	-31.164717	-5.246030	22.061261	7.039158	0.270244	10.082616	-3.966401	-3.835831	-4.717428	5.231932	5.224417	15.087676	-5.479419	3.241123	3.483836	10.155800	6.344629	9.384933	7.374987	-6.865591	-0.919023	3.280291	0.693562
95	3	35	-9.074918	-41.149754	0.946024	18.810811	7.214521	-24.043148	-14.489906	6.756799	-6.733045	9.039091	9.613498	5.310530	6.418497	5.224417	-13.287415	4.790730	-5.597181	3.483836	-22.559502	-10.658809	3.367671	2.861122	1.607335	7.251664	6.490644	6.298779
96	4	25	-7.968620	-50.630656	-3.008436	17.378142	7.751141	-29.184629	-19.119800	4.892146	-11.940590	7.176975	9.730003	6.660798	3.907156	6.237164	-25.100798	5.606069	-1.012834	6.679343	-15.850926	-10.861043	1.543320	-1.075401	3.300984	5.545449	3.775792	4.932792
96	4	51	6.437408	22.972342	2.479162	-26.780099	-2.472227	18.300809	7.964987	-1.372698	9.557284	-3.765060	-7.204043	-3.608828	3.234998	6.237164	14.081680	-5.761001	6.752806	6.679343	10.739516	7.767685	7.666892	4.960501	-2.646421	-1.755575	2.479331	-1.334988
96	4	14	-7.968620	-40.666816	-3.008436	17.245721	7.751141	-29.183013	-19.119800	4.892146	-11.142338	7.176975	9.730003	6.660798	-2.699986	6.237164	-29.927491	5.606069	-1.012834	6.679343	-15.701041	-10.861043	1.543320	-1.075399	1.940239	0.473108	-2.055052	4.932792
96	4	10	-3.071020	-18.535814	2.461231	3.377178	0.204907	-12.123839	-0.620351	4.892146	-11.940470	7.176971	3.939178	6.660798	3.907156	6.237164	2.054054	-0.015537	6.752009	6.679343	-5.712439	1.207340	2.473077	-1.075401	3.300982	5.545449	3.775792	4.932741
97	2	74	6.085281	21.990438	6.645305	-36.974095	-5.174173	17.744088	11.427802	2.142441	7.736463	-6.354894	-10.671925	-4.664015	4.345351	5.123073	12.726881	-3.062569	7.806860	7.789381	11.870222	6.312922	7.259510	6.351784	-7.606124	-2.078690	5.858134	0.693183
97	2	26	-10.998738	-37.557852	5.944980	5.621822	3.654906	-28.596017	-14.925437	7.226590	-15.446677	5.792732	7.585248	6.559776	4.308919	5.123073	-28.661841	7.034494	-4.327638	7.789381	-17.900380	-9.083622	1.135075	0.008035	-0.466050	2.595852	3.848745	7.088028
98	2	57	-4.952583	-36.448403	3.982067	11.260714	6.742668	-32.708247	-21.355892	7.444075	-3.058945	0.630265	5.818981	7.336068	8.657910	5.763452	-22.455237	7.702737	-4.989993	8.075911	-19.707456	-8.022410	-0.412006	1.641313	1.287821	7.976279	6.858377	5.509064
98	2	43	5.471002	19.267119	6.458446	-40.541151	-5.149291	12.964027	7.000099	1.800920	8.038144	-10.227390	-10.800840	-5.329656	8.657910	5.763452	15.732188	-5.375777	7.211443	8.075911	8.064603	6.498354	4.810166	5.567721	-0.820359	4.287147	6.569037	0.337417
99	2	86	-8.036508	-41.162752	-0.789607	21.060323	8.753950	-35.161656	-17.249566	6.164739	-11.296022	5.919677	5.539138	5.662955	4.301494	8.114803	-32.345902	6.872886	-4.413388	6.273783	-19.165531	-12.152950	2.518716	2.269215	2.358550	6.692336	3.328148	6.311590
99	2	14	4.487513	19.748340	4.704656	-18.635589	1.355381	13.406169	1.186653	0.112233	9.794759	-6.502549	-11.632663	-5.899965	5.288880	8.114803	9.277381	-2.757933	6.614186	6.273783	8.808575	2.519911	6.377632	8.180450	-4.170171	1.871735	6.403108	1.682474
100	3	33	-10.111211	-40.924097	5.939515	6.888674	6.957136	-28.473037	-11.336738	8.164830	-9.154701	6.847572	5.985237	8.044394	2.246703	4.696063	-23.464499	5.170580	-8.028723	5.564346	-11.830835	-10.580483	4.584017	3.712344	1.217683	5.103121	1.532364	3.799279
100	3	44	5.299245	20.577076	8.866521	-28.012550	-2.155889	20.963650	8.135372	1.534122	7.766241	-5.909178	-7.956159	-3.595290	8.331167	4.696063	18.121255	-3.939261	4.339771	5.564346	9.790681	8.197845	8.049722	6.327019	-1.039238	3.827211	4.567261	-1.688324
100	3	23	5.299453	25.162424	8.866521	-28.253632	-2.155898	23.289386	8.135468	1.533961	7.963084	-5.909178	-7.956159	-3.595290	2.242448	4.696063	15.988374	-3.939261	4.339771	5.564346	9.820575	8.197919	8.049724	6.327430	-3.585169	-0.009573	1.423899	-1.688373
