1	2	99	-4.727804	-35.692652	0.295755	14.975891	5.588312	-35.542101	-20.077399	5.734871	-18.127650	6.837534	6.606609	8.863163	6.737369	8.692703	-24.736723	2.183179	0.429050	8.448570	-16.942540	-12.665313	-1.832722	2.403301
1	2	1	8.191059	20.806738	5.067477	-20.393089	0.009322	13.253714	9.335913	0.292630	2.741290	-0.706573	-8.137439	-0.543745	6.737369	8.692703	5.536984	-8.923367	7.686282	8.448570	10.910341	4.590797	3.927141	7.729150
2	2	55	7.162589	21.221503	6.570491	-32.590643	-4.552275	18.295980	4.863349	0.316053	8.954720	-2.384613	-8.535568	-0.085335	6.015817	8.187649	11.957401	-6.311204	7.601722	5.392438	11.737440	5.423025	8.296691	7.834518
2	2	45	-10.685184	-36.274039	1.437849	13.168648	7.120851	-30.193952	-19.704928	6.750459	-12.444860	8.423862	6.978328	6.565556	6.015817	8.187649	-14.105439	4.384830	-2.159177	5.392438	-15.869774	-11.970691	4.442444	1.242462
3	2	91	-4.747187	-32.302494	5.365423	13.351898	2.541451	-16.647538	-16.103043	6.728773	-15.283386	9.571512	6.804564	5.269796	5.951432	6.232148	-20.815922	6.051515	-4.567342	6.656650	-17.108759	-5.575496	-0.508344	6.377057
3	2	9	7.574405	21.309016	7.094367	-14.824346	-7.281951	19.865821	4.636093	0.553479	3.885798	-1.402444	-9.089786	-6.001825	5.951432	6.232148	12.282029	-1.856299	6.603275	6.656650	9.994394	6.216057	5.693619	8.936786
4	2	48	4.706364	20.409039	0.477468	-19.318540	-0.734511	18.261106	6.609510	2.213059	4.896665	-5.045631	-8.556354	-2.281473	6.915686	5.916821	12.597425	-2.726655	6.631020	4.090920	9.974049	5.594830	5.122545	8.269925
4	2	52	-12.578782	-42.359562	-5.887626	14.675910	7.040570	-21.686307	-15.006214	5.597352	-13.645572	6.567235	9.137209	6.123817	6.915686	5.916821	-20.444988	6.595674	2.207069	4.090920	-18.396770	-3.964789	1.564460	2.495823
5	2	73	4.920543	20.765415	6.625275	-25.982530	-2.356049	14.163395	8.388206	1.952272	6.680657	-3.520722	-11.230372	-5.818327	6.218392	6.837836	13.468305	-4.200692	8.336949	6.733315	8.434254	7.042951	6.352122	6.003915
5	2	27	-7.758634	-31.384587	1.477671	11.030062	5.941145	-27.305083	-18.749481	7.263588	-9.861469	6.501467	3.673827	5.698948	6.218392	6.837836	-16.991837	7.500861	-2.955127	6.733315	-21.823999	-11.984412	-0.084789	1.269891
6	2	58	-9.350332	-29.761245	0.412746	16.647783	4.683448	-34.259797	-16.001790	4.780578	-15.603641	5.734631	7.633135	6.690016	6.648720	6.563187	-12.670867	7.641979	-2.637172	2.500226	-20.282090	-6.588664	1.860715	0.371544
6	2	42	6.684947	19.078307	6.647508	-22.574831	-6.670433	16.033972	6.741854	-0.247333	2.238463	-2.858771	-12.075619	-1.068641	6.648720	6.563187	10.888495	-4.410842	9.360995	2.500226	10.555481	7.107999	7.467014	5.668744
7	2	53	7.594261	17.840858	6.752526	-20.261421	-5.835693	22.008340	10.895545	-0.284280	7.752656	-3.538291	-10.461721	-5.606886	6.531507	4.283155	12.128515	-5.090248	4.122358	3.818718	10.145647	4.486101	8.165818	6.101751
7	2	47	-6.666949	-39.892871	1.399745	16.543836	6.425829	-20.492968	-18.422744	5.424523	-12.085728	6.888787	6.479410	6.294026	6.531507	4.283155	-22.830568	6.246813	-2.550856	3.818718	-17.692218	-8.964348	1.663332	1.847725
8	4	22	0.772332	17.739819	3.308075	-6.817351	1.792448	3.698943	-2.228884	-1.358931	8.449252	-4.332501	-7.402383	-5.524630	6.235887	7.455984	6.365864	-0.651042	7.261190	8.974118	9.049640	2.064668	7.067189	8.304419
8	4	14	0.772024	17.619360	3.308052	-0.402564	1.792479	-2.091932	-2.229127	-1.358817	8.063058	-0.360044	-5.114633	0.601739	6.235887	7.455984	6.364854	-0.651041	7.261190	8.974118	5.011729	2.064636	7.067189	8.304419
8	4	30	-0.352217	6.012343	-0.149752	4.342916	7.415546	-16.695354	-3.991080	0.636802	7.257559	2.038478	-1.123761	0.858559	6.235887	7.455984	-4.204047	-0.648470	1.738377	8.974118	-5.493148	1.788739	7.067189	8.304419
8	4	34	-7.395557	-27.248897	-0.149754	11.168647	7.415557	-38.384524	-13.178837	5.274284	-2.791672	7.013973	5.182667	6.678816	6.235887	7.455984	-12.958245	2.076580	-0.457752	8.974118	-14.457868	-3.246789	3.913645	2.516958
9	2	96	-13.785510	-35.500592	4.567976	11.756355	3.711580	-40.723850	-20.307546	6.716259	-10.912263	8.744885	5.664678	8.520572	7.866178	8.079011	-16.937204	9.586273	-3.474652	9.047323	-13.915770	-6.925289	-1.916806	-1.173889
9	2	4	3.559347	19.193160	5.869655	-26.143906	-8.205108	6.117853	6.748310	0.249563	7.545736	0.026002	-12.584178	-2.909949	7.866178	8.079011	12.363524	-1.900478	6.925770	9.047323	11.248231	5.797103	3.585877	5.171850
10	2	84	-8.872576	-41.924053	6.472510	6.752950	6.997958	-28.844939	-18.986037	7.397939	-16.704594	6.805967	6.619051	6.116697	3.251085	7.871639	-17.978960	7.421746	-4.640639	3.431578	-19.184321	-5.828986	0.913833	-3.065374
10	2	16	4.890393	22.958633	6.802904	-19.638535	-0.712029	18.755454	1.030980	1.837906	5.993983	-4.035396	-9.501594	-4.205572	3.251085	7.871639	10.506632	-3.207952	6.598242	3.431578	7.577539	3.003660	6.437782	2.349707
11	2	71	6.448812	17.018089	6.827603	-31.967317	-5.248937	15.752381	9.777616	-3.455073	6.107017	-1.327663	-14.085060	-3.686309	9.085276	6.184472	14.176461	-2.357767	6.945019	5.826426	10.667325	8.420535	6.895925	8.219776
11	2	29	-1.583024	-25.204915	0.639620	14.636905	6.307674	-30.791435	-18.853694	1.771243	-11.509844	6.738507	5.080324	6.219070	9.085276	6.184472	-16.380158	7.689516	-4.858509	5.826426	-13.215428	-6.535248	1.302180	4.313741
12	2	6	3.365061	14.394398	2.934220	-23.347699	-4.748230	8.271623	2.249250	1.299069	1.499772	-4.166295	-6.116260	-5.576809	7.542160	7.091005	7.468003	-7.730925	5.283970	6.637856	11.928839	4.898903	8.335952	4.518120
12	2	94	-9.609358	-36.271933	-3.256212	16.054466	6.730073	-39.632964	-19.422493	6.522127	-17.727998	7.283600	8.838743	6.198027	7.542160	7.091005	-22.598981	3.785782	-5.743094	6.637856	-11.926439	-7.748246	6.116109	-0.788152
13	2	75	-10.900082	-33.459637	1.324915	13.694390	7.081479	-38.357322	-23.951600	6.187150	-12.581898	7.521160	5.717624	9.268321	6.674151	8.205371	-10.387348	6.933489	-2.239008	7.006481	-14.311097	-4.984563	4.193695	0.461751
13	2	25	8.117292	22.478535	7.428005	-29.203896	-2.692980	12.670202	2.885980	1.751145	5.191593	-4.996146	-7.420985	-1.135559	6.674151	8.205371	10.700134	-4.334274	7.139461	7.006481	9.969371	8.258298	5.788529	6.918910
14	2	93	-10.847609	-37.329536	0.191071	18.639154	7.406007	-29.642114	-22.016447	6.610019	-13.824926	7.525242	8.856421	7.837284	6.721729	8.503839	-21.070228	8.737168	-4.271838	4.725622	-21.223237	-11.037785	1.585080	-0.855214
14	2	7	-1.644993	4.783102	4.483285	-4.694011	-1.766269	8.878213	-0.025076	2.242479	0.939119	-4.272903	-4.971314	-4.755029	6.721729	8.503839	5.948707	-2.049009	7.309927	4.725622	5.786898	-1.123297	3.889208	4.826465
15	3	81	-8.521480	-34.339684	4.700083	18.881695	2.296082	-30.038538	-13.681212	9.634619	-13.788238	7.144893	5.169457	7.016392	7.252097	4.032438	-22.314740	6.427462	-5.030247	5.779093	-11.144524	-12.163857	3.601852	2.494265
15	3	16	2.346987	19.600236	4.996373	-12.363835	-9.273819	16.170902	5.313720	5.067767	4.098485	-5.933365	-11.861776	-4.329735	7.252097	4.032438	10.391003	-4.708481	5.909055	5.779093	10.243092	5.013749	4.881234	5.908515
15	3	3	-0.052366	5.394874	4.996373	3.176651	-5.044577	5.382885	1.803591	5.067769	4.067751	-5.929478	-4.936098	-4.199419	7.252097	4.032438	-3.557996	-4.015930	0.220301	5.779093	-0.836807	-0.728960	3.608796	5.908515
16	2	98	-4.591025	-36.805250	2.513901	12.556424	6.369207	-17.013433	-21.998829	7.325088	-18.359839	5.717690	5.714852	7.687108	1.842160	6.614209	-25.070426	8.543478	-5.538586	7.592284	-17.336332	-10.075299	-0.125480	2.591685
16	2	2	7.817113	22.697091	7.334411	-30.048536	-6.009760	22.158911	2.883565	1.502229	3.807328	-4.946544	-5.599539	2.225738	1.842160	6.614209	6.817441	-3.292948	6.612930	7.592284	10.150263	6.103853	6.346342	7.553914
17	2	88	5.208212	21.805371	6.150080	-16.217935	-0.990187	17.314831	7.740115	3.544707	2.618451	-7.078661	-12.800538	-8.228889	7.362438	6.337994	14.371849	-3.140617	5.763240	6.275194	9.837604	7.645519	5.211325	8.569060
17	2	12	-8.412470	-34.347531	-0.222246	13.983914	6.902265	-25.608001	-15.569249	7.820363	-6.665938	3.637755	4.814174	4.224784	7.362438	6.337994	-10.153204	8.009574	-3.638308	6.275194	-14.117996	-3.169617	0.373555	3.481888
18	2	68	-8.982758	-43.809291	-0.474171	17.331950	6.215159	-25.403763	-19.735604	6.494354	-14.348749	8.489587	6.831754	6.824774	4.264295	7.347078	-23.798855	4.858355	-2.396900	3.440965	-15.349776	-11.395849	0.003735	-1.775947
18	2	32	6.229017	19.106672	6.045743	-13.275133	-3.905869	16.606346	-0.222805	0.474910	6.349214	-3.159863	-9.500541	-5.505279	4.264295	7.347078	9.282776	-2.266488	7.480468	3.440965	11.122927	4.547275	5.423233	3.794764
19	2	75	-9.606852	-35.909962	3.909582	17.262811	7.804234	-26.573241	-16.100017	4.459821	-12.509222	6.691393	6.712623	6.701430	5.716606	5.784832	-20.419466	5.178242	-5.806310	1.991355	-15.953887	-7.206992	1.701858	0.563702
19	2	25	4.014086	22.479201	7.656627	-28.439037	-4.653807	14.218966	5.713901	-2.181124	3.932759	-4.432686	-11.091360	-1.666730	5.716606	5.784832	9.622625	-3.388454	6.305773	1.991355	11.201194	6.832308	7.851391	6.185424
20	2	84	-6.144386	-34.012542	4.055308	16.073519	6.578766	-32.068167	-21.872490	6.811319	-14.714791	8.038531	6.789001	7.125259	6.867899	6.507186	-17.789810	5.915943	-4.265259	6.536132	-18.977473	-7.081266	2.708915	2.172206
20	2	16	2.953461	8.833172	8.756965	-11.081675	-4.956612	12.040442	-0.155970	0.974482	7.354217	-2.331522	-7.892626	-5.186327	6.867899	6.507186	8.797346	1.927992	5.818237	6.536132	2.020164	-1.168609	2.708964	3.750444
21	2	99	-7.003448	-42.385557	1.616795	13.178095	6.529618	-31.105230	-22.951009	6.935314	-13.034629	8.503218	8.969947	6.753940	4.241643	4.830132	-17.085527	4.964697	-1.229950	8.281522	-19.538419	-10.844662	2.689685	-2.734174
21	2	1	6.724445	9.537938	3.662698	-12.350643	-6.109494	1.658860	1.560003	0.720332	5.912215	0.194981	-6.792615	-1.634569	4.241643	4.830132	8.675319	-5.453252	6.194924	8.281522	4.024696	1.302208	3.354270	3.766812
22	2	75	6.905917	17.901592	6.209386	-20.227796	-4.404723	3.322645	4.660441	1.148632	5.964570	-6.612972	-7.570196	-4.140682	6.743527	6.043304	12.947708	-4.426759	8.238924	7.103396	10.027512	8.616079	6.588740	7.071196
22	2	25	-6.839622	-24.597789	2.911340	15.943835	8.554756	-50.505339	-23.250822	6.449416	-8.791575	2.428779	6.997320	5.810485	6.743527	6.043304	-18.900193	6.611559	-2.938981	7.103396	-19.383116	-7.962140	3.810325	0.526355
23	2	44	0.035751	17.172549	8.552240	-20.497142	-3.905749	18.772931	8.681006	-0.665066	7.331278	-6.069344	-14.230370	-4.303512	6.616127	6.767860	11.445240	-4.838234	8.230102	6.426723	12.463553	6.241766	7.066378	5.758230
23	2	56	-11.753579	-38.493959	3.062191	14.665200	7.911508	-27.682131	-21.506740	4.460285	-9.853146	5.960529	3.157613	7.460261	6.616127	6.767860	-23.057185	7.890187	-3.127658	6.426723	-12.175998	-3.259585	0.758419	-0.858416
24	2	34	-11.939001	-29.827754	0.731988	13.180642	7.393648	-21.875275	-15.661369	3.726089	-3.463665	8.543713	3.131849	1.310375	4.851525	7.219910	-21.835014	6.379734	-3.388320	6.327984	-19.329749	-6.980048	4.556467	2.741093
24	2	66	7.337109	24.986277	4.797772	-21.577592	-0.614463	20.710017	6.142143	-2.121365	6.993077	-3.498618	-13.415741	-9.803228	4.851525	7.219910	11.543795	-5.532972	8.400277	6.327984	8.653050	6.488577	7.584993	7.483736
25	2	13	1.000642	9.490252	4.972770	-15.260933	0.842891	10.884459	1.507883	0.343418	3.302457	-1.506550	-10.440182	0.098384	9.352610	5.126262	4.418697	-4.580767	7.735368	7.555878	8.943420	2.510362	6.423722	2.033070
25	2	87	-9.904354	-35.032133	-1.548556	10.638960	6.707625	-16.831917	-17.357957	6.588328	-12.376405	7.468943	5.606219	7.767532	9.352610	5.126262	-28.362085	6.328529	0.848401	7.555878	-14.708398	-2.527439	2.831079	-3.065882
26	2	84	5.636782	22.684339	7.129352	-23.225885	-2.753097	16.334184	5.425678	-1.317511	9.497482	-7.689631	-9.990878	-2.163550	6.989718	4.776456	11.017943	-4.419177	8.183231	7.895945	7.763605	5.891185	4.576003	6.316440
26	2	16	-11.738427	-42.872344	1.403799	14.320774	6.271501	-26.625887	-14.542822	5.052480	-5.243795	4.373259	7.623980	7.755507	6.989718	4.776456	-21.371830	6.845860	-0.737551	7.895945	-14.425168	-6.065467	-2.013591	1.523029
27	3	62	-10.780460	-39.244184	2.040872	13.175130	3.858518	-21.518549	-15.010202	6.622437	-14.389803	6.282314	6.347477	4.378065	7.904116	7.074113	-21.192223	6.921304	-2.060012	6.919251	-13.430569	-9.343170	5.974067	1.297393
27	3	34	6.559197	16.307415	4.594328	-20.370822	-3.763880	16.447330	8.740283	1.448700	3.299324	-2.786401	-2.038929	-7.178812	7.904116	7.074113	9.769385	-2.046534	8.616316	6.919251	7.841351	3.810562	6.998484	7.451284
27	3	4	1.230283	9.118583	4.549297	-7.479164	1.379574	12.706623	7.076204	1.504685	3.276489	-2.786401	-1.906811	-7.178812	7.904116	7.074113	-1.819763	-2.045677	2.189077	6.919251	4.461356	-1.888680	6.083389	7.451284
28	2	67	8.746618	18.382707	5.593426	-23.810996	0.929657	14.977122	3.019801	4.260858	5.959515	-6.670693	-15.858450	-5.982526	7.689811	6.733714	12.738664	-6.208738	6.480884	6.713026	9.697164	8.245508	5.792186	6.573881
28	2	33	-8.250194	-30.351554	2.307165	12.416150	4.605020	-26.720743	-16.434000	7.611106	-11.876529	5.333183	1.852435	2.885639	7.689811	6.733714	-21.414955	6.145060	-4.184547	6.713026	-17.787221	-3.906362	0.095362	1.022056
29	2	60	6.497131	22.261025	5.540212	-20.023934	-6.442725	19.905525	8.696134	1.122269	6.948821	-3.121515	-8.863016	-4.695576	4.143824	3.729584	14.149759	0.073563	6.908564	4.945477	9.879583	4.678493	5.445270	6.999654
29	2	40	-10.432122	-31.437537	4.290224	16.593156	4.491173	-26.300422	-17.714450	6.990336	-10.234833	6.332413	7.579107	7.003542	4.143824	3.729584	-17.617514	8.744670	-4.107194	4.945477	-12.347031	-9.717220	-0.736205	1.105866
30	2	23	3.009253	18.163930	6.311737	-15.596875	-2.536082	9.306161	0.598835	1.311798	7.190365	-0.670344	-5.890447	-3.780418	6.202539	7.688077	8.840871	-2.864719	7.844021	4.909164	10.159691	5.063305	4.709889	4.480002
30	2	77	-6.699451	-34.700922	0.627680	15.589144	5.108996	-34.127099	-20.797949	6.914138	-13.324030	6.402116	8.130294	5.365625	6.202539	7.688077	-22.717846	5.262724	-2.713586	4.909164	-14.869770	-8.007403	-1.006300	3.147914
31	1	100	-4.281244	-38.611908	2.293553	17.033253	5.273535	-42.466151	-26.675006	7.539930	-12.609082	6.862918	5.689396	5.730126	7.959061	8.513834	-23.218114	5.728424	-4.755380	4.638798	-17.178425	-10.679305	2.591993	-3.501994
32	2	92	-5.772988	-35.869349	-1.621143	12.262602	6.954290	-38.781929	-10.833319	6.798435	-5.596832	4.925770	6.257306	8.485347	5.133268	8.576950	-27.801532	7.740973	-5.273706	6.358480	-19.095797	-4.496398	4.188470	2.403060
32	2	8	6.537927	22.884537	4.573089	-23.298905	-0.962945	8.945041	5.594350	1.462219	9.311675	-2.660148	-6.884559	-0.935181	5.133268	8.576950	5.559177	-4.433430	6.841087	6.358480	7.936295	4.932872	8.584351	4.781871
33	3	71	5.028997	19.103511	8.386832	-28.423094	-3.636081	8.036017	5.320455	1.848744	6.444484	-4.664589	-12.912921	-9.272226	7.147207	4.724688	11.723008	-6.187399	4.183565	8.277625	8.435967	5.851453	5.561100	7.316062
33	3	23	-11.799990	-36.341146	4.234850	7.440316	7.385683	-24.835485	-15.323021	7.521934	-8.300275	6.286693	5.215064	3.749354	7.147207	4.724688	-18.118878	4.022921	-4.175849	8.277625	-21.113391	-2.386823	-0.976968	2.096343
33	3	6	-2.472577	-12.223909	8.086175	-7.776929	0.665736	-1.917615	0.205538	7.521934	-3.963856	6.286574	-1.051919	1.187457	7.147207	4.724688	8.817378	-0.188604	4.183563	8.277625	-1.531490	2.739210	4.095067	2.099169
34	2	99	4.564458	24.834240	2.707076	-17.928929	0.409585	18.167719	8.634969	-0.961861	9.080595	-3.701981	-10.757639	-1.144266	6.183761	5.478431	13.087631	-4.339516	5.994490	7.489395	9.764491	9.139325	7.947451	7.776004
34	2	1	-13.386134	-36.802410	-2.591324	15.696788	8.796252	-28.137911	-12.401635	5.617398	-5.770946	5.253460	7.640810	6.557260	6.183761	5.478431	-15.333105	8.165536	-1.213489	7.489395	-17.268512	-2.584928	2.413308	1.467709
35	2	68	-3.782547	-26.875936	2.620315	15.524493	7.277188	-24.030675	-16.954256	5.581730	-13.569314	5.461694	5.153417	6.941729	5.207454	5.607037	-17.092697	7.188446	-5.211773	2.885219	-19.120544	-0.643446	0.941050	7.083247
35	2	32	8.289033	21.099060	5.784402	-26.006831	-1.079160	22.133057	1.358190	-0.892422	4.143701	-5.320834	-10.514225	-4.482066	5.207454	5.607037	6.482915	-0.217400	6.689101	2.885219	10.365794	5.919002	6.294061	7.517680
36	2	55	6.112604	21.458321	2.334624	-20.671575	-2.374961	17.454486	1.855695	2.300931	6.443779	-3.882262	-16.272558	-4.580547	3.630414	4.512030	11.246509	-2.717952	6.214142	8.010818	9.927160	7.484978	7.000709	4.662493
36	2	45	-8.449320	-36.629507	-3.554805	10.572972	6.008303	-31.701611	-19.287564	7.280537	-10.183929	8.167111	1.662592	7.685140	3.630414	4.512030	-15.068760	3.339788	-0.224120	8.010818	-18.649706	-7.813451	0.599764	1.276267
37	2	59	-7.942744	-36.772963	1.519556	14.882543	7.246898	-28.206347	-25.936950	7.097433	-12.766430	7.476118	6.926931	4.895094	7.250094	8.203192	-24.708667	9.299493	-2.684072	4.896190	-12.951924	-4.088654	1.915116	0.897507
37	2	41	5.324670	22.900866	6.175339	-17.587236	-4.270292	11.341606	7.605957	0.454567	6.471905	-4.880541	-4.010296	-7.344405	7.250094	8.203192	11.202522	-1.278869	7.217537	4.896190	8.639838	6.111511	7.150411	6.757887
38	4	75	-5.297864	-33.368401	1.748615	16.854595	9.403265	-28.488090	-18.036973	8.128418	-13.245897	6.828287	6.921386	6.037527	8.834173	6.469871	-27.169679	8.154252	-4.947915	5.837339	-16.678979	-8.522413	-0.082835	4.252829
38	4	18	7.468912	15.806387	7.418500	-20.179599	-1.059135	10.169925	8.212277	3.141864	8.783092	-4.388915	-9.086564	-4.330733	8.834173	6.469871	8.491010	-2.561862	6.133163	5.837339	11.051340	6.745165	5.955632	8.445809
38	4	5	5.353936	12.595961	6.396380	-3.833121	3.084382	4.766292	7.116392	3.141864	8.783092	-4.386437	-4.270415	-4.279376	8.834173	6.469871	-1.555819	-2.519387	1.602091	5.837339	1.752416	1.402384	2.198879	8.445809
38	4	2	5.353895	11.610648	6.396374	2.540970	3.084385	-5.057151	7.116021	3.141864	3.441736	1.391004	1.173541	-0.371776	8.834173	6.469871	-1.558216	-2.474158	1.602085	5.837339	-1.190009	1.402370	2.198835	8.445444
39	2	14	5.609498	24.913291	5.572476	-21.367253	-5.389529	11.367171	4.183127	2.156319	4.622141	-8.451083	-2.894058	-8.080826	5.058875	7.447201	7.731894	-3.045736	3.613904	6.420590	7.628643	4.277753	4.364926	7.728323
39	2	86	-9.767224	-31.924386	2.656336	12.645444	6.388133	-27.068831	-20.123396	6.823257	-4.939855	3.824122	6.471966	2.189773	5.058875	7.447201	-22.549566	6.266087	-8.508035	6.420590	-20.171044	-6.442280	-1.424834	1.578497
40	2	68	-7.082849	-35.875800	1.092392	13.206635	6.091239	-32.196274	-24.609593	6.410462	-13.977921	8.100908	8.214260	7.590432	4.957298	7.121557	-11.933526	3.382236	-4.785941	8.504708	-18.576468	-10.808935	1.447629	0.756542
40	2	32	8.505371	21.953447	6.811222	-27.797939	-1.994024	14.895294	2.628900	2.822058	6.886673	-2.839158	-5.625210	-0.113955	4.957298	7.121557	13.954500	-9.247079	4.962648	8.504708	10.300315	6.700765	7.805530	6.627748
41	2	84	-10.079293	-42.288982	0.046393	12.809738	4.866143	-31.849114	-15.718195	6.907287	-14.073671	5.952217	7.147100	5.102327	4.605149	8.538580	-25.211093	6.716082	-4.846135	6.615677	-9.758991	-10.678406	0.382014	1.236547
41	2	16	4.479630	21.733601	6.393399	-25.388388	-2.782190	17.788582	7.448345	1.460182	5.738137	-4.056368	-8.327377	-5.246090	4.605149	8.538580	9.400943	-5.447443	4.733869	6.615677	10.139253	5.373160	5.624272	7.073729
42	4	74	-8.058860	-35.369525	0.376701	18.125921	6.888155	-30.467760	-21.107904	7.000681	-14.355084	8.248416	4.869514	5.293227	3.499426	9.143886	-25.618652	7.022141	-4.045535	5.728095	-21.095109	-14.086953	2.471417	0.388155
42	4	22	4.798942	22.449785	6.792963	-11.256848	-0.834289	11.938209	1.925945	0.369850	5.230376	1.513392	-7.529430	-5.581240	3.499426	9.143886	4.183846	-5.217723	8.839264	5.728095	4.178497	1.675311	5.405887	5.529394
42	4	2	4.338757	10.534883	0.376755	10.366360	6.042536	-5.529402	0.343423	0.369850	3.468874	2.538674	1.305376	-0.532727	3.499426	9.143886	-6.196807	-5.196626	2.437171	5.728095	-7.668834	1.447321	5.148729	5.529394
42	4	2	4.338757	13.621197	0.376755	6.272349	6.042536	4.100976	0.343423	0.369850	5.028670	1.529957	-1.162894	-5.578859	3.499426	9.143886	-6.196769	-5.196626	2.437171	5.728095	-2.777133	1.447321	5.148729	5.529394
43	2	82	5.816999	22.675025	8.027293	-24.883048	-5.744781	15.260289	7.120439	-0.150988	8.004566	-7.962375	-9.616104	-2.561958	5.227449	8.284300	9.130429	-2.742035	8.816268	7.480310	11.588334	6.394123	1.250872	5.945374
43	2	18	-10.098646	-29.838116	2.693243	13.490757	5.809529	-29.795160	-19.078351	4.953094	-6.227855	4.463392	7.018364	6.089701	5.227449	8.284300	-23.151735	5.326881	-3.215329	7.480310	-14.608752	-7.587577	-4.758446	-0.105973
44	2	65	3.494956	21.196996	4.994663	-19.249504	-6.460649	21.322464	8.146687	0.129669	7.279439	-2.029003	-9.611884	-9.701998	5.972443	6.877323	11.507620	-2.028647	7.158054	6.348753	10.721577	8.024695	5.708175	8.185386
44	2	35	-2.920046	-36.038474	-0.152965	14.075558	5.460752	-25.729674	-16.604215	6.231917	-14.138427	6.964428	5.815531	3.228680	5.972443	6.877323	-21.919508	7.833411	-1.971970	6.348753	-10.715659	-9.911778	0.206146	1.568178
45	2	40	-11.255525	-31.784598	1.048838	12.532862	5.095178	-37.382673	-7.427844	6.736633	-12.768697	7.540686	6.323953	4.414739	8.548800	5.598448	-0.512619	3.743827	2.640845	8.614070	-7.814376	-1.202444	-0.171055	1.689384
45	2	60	6.683869	15.224224	7.164265	-23.507205	-5.467458	8.208649	5.827387	1.101307	7.055962	-4.813929	-11.497963	-3.316294	8.548800	5.598448	15.766575	-3.723644	6.362077	8.614070	9.357623	6.620257	5.347305	7.912488
46	3	87	3.465546	16.530732	7.892158	-28.820385	-9.040531	17.829274	9.345743	2.820122	6.039836	-2.878712	-11.168593	-5.545059	7.599977	3.599338	13.936127	-5.149225	6.429746	6.587488	10.381778	5.605373	7.591524	7.658041
46	3	9	-10.560111	-38.103643	7.200182	9.874139	2.408194	-26.048435	-9.619354	6.471933	-15.490638	6.241364	4.841980	7.209573	7.599977	3.599338	-14.364365	6.974497	-5.702563	6.587488	-16.050024	-6.606041	1.028871	1.507085
46	3	4	0.055928	-10.680050	7.892157	-15.847020	-5.075807	-3.867291	0.383595	6.471932	-9.335772	6.241358	-0.229465	7.209138	7.599977	3.599338	6.854051	1.440169	6.135181	6.587488	-2.341093	2.584362	7.538339	1.507083
47	3	45	-4.100325	-41.559932	0.856198	16.619438	6.722330	-34.017895	-19.713656	8.134281	-12.053851	7.032607	4.615763	4.935856	7.793211	2.269546	-12.401033	6.405042	-3.784268	6.077303	-19.389195	-8.884440	2.415903	-1.396693
47	3	33	6.842931	17.511857	5.311682	-11.657674	-5.995090	12.868919	2.720388	1.584279	6.121689	-4.499156	-3.192933	-7.584790	7.793211	2.269546	15.471012	-6.105780	8.302551	6.077303	5.399627	5.695339	6.151904	3.805565
47	3	22	4.389951	-12.400889	4.092141	6.072150	-0.927181	-15.538284	-0.057342	8.134281	-11.842790	7.031676	2.176973	4.935759	7.793211	2.269546	9.779005	0.389584	8.180126	6.077303	-6.978871	2.278362	6.118156	-1.394298
48	2	98	-12.216779	-38.011745	3.731749	16.132752	7.060297	-36.195056	-17.542491	7.467324	-15.121734	8.847285	5.478010	5.808884	7.659191	7.607117	-25.005206	5.766133	-8.741592	6.413984	-16.179703	-10.487828	-0.270737	-4.030486
48	2	2	-8.047802	3.553743	8.430598	-5.928444	-1.408689	3.703915	0.895587	2.634964	4.787731	-3.825475	-11.865631	-5.782469	7.659191	7.607117	5.274577	-2.964865	2.837242	6.413984	3.048865	-1.530434	-0.226364	2.529704
49	3	19	6.623322	11.811713	6.154075	-14.281235	-4.931605	-3.550598	7.749931	1.595278	4.574227	4.842987	-4.389228	-0.017002	8.254901	6.602539	9.926905	-5.358162	5.594850	6.837055	6.808050	6.478515	0.879969	7.200991
49	3	65	-6.660588	-45.296536	3.777664	11.516946	5.674240	-37.324430	-19.007972	6.077070	-10.825947	6.614556	6.878908	6.295178	8.254901	6.602539	-19.409493	6.321819	-5.812673	6.837055	-18.609232	-7.823877	-5.430647	0.766513
49	3	16	6.623322	14.522375	6.154075	-20.217349	-4.931605	8.194372	7.750948	1.595278	7.940290	0.163623	-8.620749	-3.954637	8.254901	6.602539	9.926905	-5.358167	5.594850	6.837055	12.234104	6.478515	0.879969	7.200991
50	2	66	-7.056308	-41.750479	1.700114	14.954086	6.471509	-17.228335	-19.164045	6.567776	-8.166898	8.521119	7.877240	5.692901	5.265123	8.028747	-22.524889	6.527096	-3.474481	4.628531	-15.924422	-12.174241	-1.430170	3.019083
50	2	34	6.734774	20.517509	5.932185	-18.120820	-4.398662	18.813944	5.728113	-0.030206	6.231387	-3.269340	-4.775486	-4.494993	5.265123	8.028747	7.471858	-4.965230	8.168717	4.628531	8.870415	4.708864	3.871495	7.720340
51	2	75	-6.568383	-41.500785	3.069198	16.426963	6.702438	-36.361517	-11.842292	7.088534	-15.105910	7.975233	7.809033	6.344237	7.828116	5.246529	-16.602493	3.807562	-1.079794	4.854455	-19.439391	-11.495790	2.016996	1.015631
51	2	25	5.849578	8.818053	8.351425	-17.432043	-0.939913	14.554566	6.002220	0.586268	6.763941	-1.553589	-10.573693	-3.648211	7.828116	5.246529	12.844925	-7.123949	7.402812	4.854455	6.796877	1.579580	2.037947	5.741115
52	2	30	7.530066	17.685885	5.706021	-22.204528	-6.283680	12.775567	7.347290	1.551942	7.343205	-3.209412	-8.355285	-5.826860	5.772703	7.330289	8.995099	-4.064026	6.159450	9.067156	6.904369	6.927911	7.429368	7.369900
52	2	70	-3.735327	-44.466590	0.674715	14.458214	5.487090	-38.627201	-19.066180	7.450349	-9.840102	7.958780	8.170313	6.635301	5.772703	7.330289	-22.446216	6.655000	-4.490629	9.067156	-23.132329	-8.179581	1.725208	2.736440
53	2	54	-8.659372	-38.993021	4.463236	13.542009	5.446756	-24.919645	-19.505816	5.392977	-13.130059	5.312190	6.756396	8.814930	4.977369	5.553999	-15.261609	7.164512	-6.226870	5.033972	-15.959479	-8.027893	0.440935	2.090493
53	2	46	5.697356	21.918338	6.434896	-21.349747	-5.277318	21.276165	2.816219	0.610600	0.907001	-6.392631	-7.254774	-3.878117	4.977369	5.553999	14.602864	-5.281022	4.727231	5.033972	12.717445	8.154970	6.790487	8.194935
54	2	45	-8.384946	-39.409457	1.784616	16.577237	6.231504	-12.492664	-16.796432	6.174779	-13.851994	7.366209	6.688152	8.071589	6.222094	3.260364	-9.381312	8.791041	-5.751132	4.942589	-19.675419	-4.510839	-0.011112	4.782918
54	2	55	6.284270	21.069387	6.870448	-22.427633	-5.533234	22.079322	5.646861	2.288762	7.254604	-2.727730	-11.643852	-4.394883	6.222094	3.260364	13.420353	-1.539651	6.589420	4.942589	6.924411	8.222756	5.965634	8.113261
55	2	88	8.107867	25.397853	5.737800	-19.813084	0.736691	20.581905	5.107067	-0.164504	7.366077	-4.747827	-7.433299	-5.760778	6.155371	6.399610	13.484834	-6.666451	6.335945	6.380341	10.398154	7.969914	6.047993	6.710237
55	2	12	-4.131364	-20.518091	4.425932	11.981103	6.780819	-24.401895	-9.111813	4.573086	-3.458549	7.122151	7.197494	5.458449	6.155371	6.399610	-15.448377	5.820533	-3.980683	6.380341	-15.863177	-3.260529	0.150812	5.557695
56	2	28	-6.362531	-38.557935	1.013217	14.548059	5.568262	-29.885356	-13.575316	6.025643	-15.800078	7.380885	5.391865	5.132945	7.724992	2.038890	-17.032932	2.696166	-0.512034	5.497840	-16.861462	-7.336339	1.628617	1.293462
56	2	72	7.574217	20.317815	7.464483	-19.812006	-5.038883	17.380087	7.007855	3.309317	4.950638	-1.789308	-12.316625	-3.951227	7.724992	2.038890	12.930470	-8.029665	5.682449	5.497840	9.620088	8.133554	6.561419	7.290907
57	2	47	6.012305	15.698598	5.093711	-17.378653	-0.692658	10.579406	8.709424	7.400562	0.506762	-3.596490	-9.279544	-3.353043	7.047154	6.405998	7.941688	-4.048672	7.871050	0.571249	10.387259	6.218547	7.120742	7.885233
57	2	53	-6.146177	-28.178069	-0.961992	17.177271	7.745860	-33.766799	-12.708850	8.772965	-17.402753	6.620284	7.363541	6.671253	7.047154	6.405998	-20.670210	6.107777	-0.073488	0.571249	-15.002731	-9.874136	2.000632	1.432561
58	2	86	-10.175500	-35.749615	4.597238	9.592050	8.132395	-36.887913	-20.141318	5.263004	-6.998503	5.487241	8.460030	7.530401	5.940401	6.973113	-24.661428	6.592653	-5.098518	8.396904	-16.816458	-8.000843	1.968362	1.195141
58	2	14	7.246228	21.624999	7.221080	-19.365109	-3.226804	16.991879	5.582658	0.324315	6.536986	-5.985169	-8.407320	-4.480693	5.940401	6.973113	7.926633	-5.148960	5.784028	8.396904	11.754316	5.294665	5.511982	6.374500
59	4	80	-7.271703	-40.622372	5.102333	14.673377	8.057385	-35.036557	-19.619220	6.107164	-16.870107	6.335314	6.640211	6.766293	4.773537	5.243977	-23.905826	5.140477	-1.657076	7.197466	-20.086041	-4.097952	-3.864639	-0.237006
59	4	13	7.750128	20.416121	7.615553	-16.835711	-4.258101	13.434934	7.019110	0.124918	5.818529	-0.004270	-7.472092	-4.859708	4.773537	5.243977	8.310002	-5.399709	7.566670	7.197466	8.740814	4.907483	2.169776	6.323688
59	4	3	4.180552	5.452721	5.102333	5.103357	8.056465	2.799772	-2.437351	0.124943	5.818310	-0.003451	-1.321042	-4.474834	4.773537	5.243977	-14.263585	1.141108	2.147144	7.197466	-6.325088	0.052880	-1.574371	6.323688
59	4	4	7.725547	18.983484	7.357980	-8.146061	1.851549	10.819616	4.587364	0.124918	5.818320	-0.004270	-1.337471	-4.859708	4.773537	5.243977	-2.969224	-5.379633	2.162602	7.197466	2.428991	4.338564	2.138435	6.323688
60	2	96	-9.992763	-36.155735	2.793584	12.933943	7.268359	-39.936067	-23.020633	5.630022	-13.800054	5.642347	7.289970	6.450046	6.273763	8.092111	-19.164758	7.930043	-8.151608	7.993374	-11.736281	-10.042813	0.407775	0.282054
60	2	4	6.376957	20.208385	8.026811	-22.610879	-0.843511	13.186935	0.730908	1.249984	6.262982	-5.475311	-10.318419	-3.408601	6.273763	8.092111	7.661610	-2.029815	4.457128	7.993374	6.617033	6.102799	5.931277	5.821645
61	1	100	-13.567465	-33.015624	0.276019	16.597049	7.520339	-35.833382	-22.915703	6.312541	-9.193927	6.899007	5.791683	4.747712	6.313047	7.310366	-15.220119	6.850329	-7.895172	5.883545	-19.070902	-8.118521	0.745844	2.599644
62	2	86	-10.299236	-35.028882	1.455695	16.737499	7.866014	-34.470665	-22.508439	5.173917	-16.902447	6.886268	4.639878	4.936150	8.385508	6.829480	-18.647702	4.853428	-5.716661	9.111333	-17.043746	-5.708230	0.148037	2.044559
62	2	14	5.716563	17.285457	7.047798	-18.237943	-2.438963	13.014755	2.315880	2.626913	0.199412	-4.198774	-5.945840	-3.853314	8.385508	6.829480	10.612411	-3.292034	3.443917	9.111333	10.237220	6.247434	6.228930	8.521193
63	2	91	-12.191395	-39.944000	0.437849	11.951739	7.463353	-32.581198	-24.208676	7.115175	-9.388518	6.482838	7.851364	3.525698	7.666461	6.949853	-18.864340	8.294481	-6.234591	7.122907	-12.230661	-9.614804	1.808088	0.943798
63	2	9	6.196237	18.476683	3.990397	-26.525099	-2.729735	14.847652	6.725248	1.103748	4.600379	-1.538582	-10.077182	-8.276569	7.666461	6.949853	12.231581	-3.399714	5.829446	7.122907	7.552471	3.362800	7.004447	6.922709
64	2	81	-14.190217	-35.950793	2.722141	11.846199	5.137137	-32.460708	-22.129406	3.670590	-14.784184	5.225162	8.464976	7.236148	6.193098	6.905468	-23.173939	4.351404	-4.787791	5.994005	-16.167733	-8.299315	-0.477131	-0.867154
64	2	19	0.136013	19.889461	7.565873	-24.975407	-6.035288	15.273187	4.307668	-2.288955	7.068805	-1.777275	-4.447818	-1.813046	6.193098	6.905468	10.639015	-7.400497	6.320234	5.994005	9.448168	6.593158	4.345241	5.588042
65	2	93	6.115892	23.117425	4.155275	-16.896935	0.860135	19.943977	5.587248	-0.248648	7.713926	-5.893865	-8.947660	-5.776608	6.319626	4.314697	13.550065	-5.914950	5.815679	6.514023	10.041655	5.103512	6.687172	6.451637
65	2	7	-10.505647	-27.181893	3.316808	11.790449	5.564648	-14.482158	-15.106463	4.596915	-10.206628	6.166533	6.837965	3.086253	6.319626	4.314697	-5.537958	3.737021	-1.256776	6.514023	-20.577674	-8.632859	1.787930	0.742662
66	2	83	-9.984311	-33.547983	1.756551	15.807693	6.303008	-39.906411	-27.934567	7.395800	-8.145802	3.337829	4.168605	6.261905	6.724930	9.164562	-20.161165	7.311100	-6.615456	4.660845	-18.754453	-5.954630	2.237400	1.489488
66	2	17	6.604273	21.881308	6.420259	-16.953013	-4.114771	7.714797	2.559763	2.169207	6.744554	-8.077699	-10.148806	-4.940523	6.724930	9.164562	7.354508	-3.166490	5.863739	4.660845	10.419561	7.485298	6.600051	7.265142
67	3	81	-11.399186	-34.767859	-1.269410	15.258122	6.612761	-33.407277	-17.297808	7.381256	-14.420065	4.584252	5.213980	7.981019	5.000294	6.904852	-13.608224	6.667382	1.486056	7.256281	-17.413359	-10.032433	4.975897	-2.400716
67	3	17	3.422327	8.791424	3.880357	-3.588984	0.538972	-4.819335	0.022201	1.990494	5.083067	-1.241013	-7.558278	4.843523	5.000294	6.904852	9.774438	-4.197350	8.053571	7.256281	-2.479436	-0.307747	5.431260	4.008898
67	3	2	3.422327	10.523538	3.880357	-9.256528	0.538972	2.820379	0.022201	1.990494	6.240930	-7.582295	-12.661724	2.845053	5.000294	6.904852	9.774438	-4.197350	8.053571	7.256281	3.962219	-0.307747	5.431260	4.008898
68	2	43	-14.183211	-39.861031	4.046613	14.980003	6.203312	-33.405158	-14.014969	6.537066	-12.436559	6.268447	5.298053	6.140625	3.837850	6.321483	-12.096157	7.607397	0.066030	6.546536	-9.295797	-3.972456	-1.144649	0.277796
68	2	57	1.875212	22.437739	8.682942	-15.937520	0.373301	15.106363	4.923299	0.417811	6.568647	-5.440745	-6.538727	-2.720931	3.837850	6.321483	14.533989	-4.627733	8.944178	6.546536	11.044239	6.300523	4.783780	6.335400
69	2	38	6.478038	17.069284	5.320965	-11.053464	-2.008312	10.413990	2.668675	3.728874	4.811352	-4.726733	-10.249924	-1.852579	6.754915	6.755819	12.931005	-7.384394	6.640488	5.986428	9.779815	5.028390	4.351678	5.616226
69	2	62	-6.381003	-32.703757	4.408362	17.273458	5.127799	-34.901593	-17.131860	4.973113	-14.391443	6.709796	8.324071	6.848137	6.754915	6.755819	-18.869128	5.702934	-1.930236	5.986428	-19.237749	-6.389347	0.161939	-0.735518
70	2	82	-11.191394	-35.147837	2.850972	9.540015	7.655439	-23.805049	-21.078929	5.751103	-16.046350	7.624273	4.750774	5.620654	7.416241	6.525226	-14.501046	6.776941	-3.115626	5.500593	-15.342531	-10.277420	4.030503	-1.019229
70	2	18	0.385216	7.019210	5.926093	-16.952385	0.867265	14.961128	0.518922	-0.723229	7.129328	-1.026623	-11.369442	-6.775474	7.416241	6.525226	9.841353	-2.992582	5.637649	5.500593	7.532660	0.258158	4.035891	3.186758
71	2	85	-10.679009	-41.195227	1.778439	16.169460	5.522844	-31.596410	-26.145696	8.172231	-15.205750	7.305616	5.675539	8.616428	5.919597	7.135466	-22.616188	6.934352	-4.196491	4.575294	-15.209334	-5.987290	3.441298	1.638549
71	2	15	5.433306	19.813575	6.204566	-27.825411	-4.944973	21.315941	3.702614	1.945536	6.071701	-3.957265	-9.432861	-2.706115	5.919597	7.135466	11.057013	-3.224428	8.568215	4.575294	8.328421	5.740885	8.665059	8.280229
72	2	48	4.912501	17.304538	1.558353	-10.151018	0.143847	22.037358	1.559460	0.227376	4.924235	-4.682943	-11.937793	-4.569506	7.199625	4.785816	13.692073	-4.155274	6.164141	0.835780	10.892538	4.696583	7.208198	7.692301
72	2	52	-7.396977	-33.975502	-3.806256	17.413915	8.693505	-21.377888	-20.083696	6.836967	-19.128718	7.729096	5.017107	6.727653	7.199625	4.785816	-10.924886	5.999103	-0.010954	0.835780	-17.480179	-9.234523	3.453576	1.167014
73	2	68	-10.118887	-33.258029	5.540302	15.445680	4.586760	-29.909145	-13.586695	3.749151	-8.125299	6.566414	8.919653	5.449706	5.959799	5.841206	-26.193813	6.490950	-2.503930	6.655308	-16.047924	-11.091526	1.988442	-0.872050
73	2	32	5.847808	22.723505	8.642574	-25.388545	-4.084909	15.517647	8.268248	-2.774860	6.721143	-3.044026	-5.564326	-4.753696	5.959799	5.841206	6.898855	-6.228109	6.615796	6.655308	10.093973	4.973905	7.730947	5.724860
74	2	83	-9.802526	-37.469026	8.608673	7.371655	0.971166	-31.808607	-9.138615	7.409395	-18.630131	6.465010	7.797944	7.824195	6.842243	5.643956	-21.729969	5.695221	-4.409174	8.231903	-14.319883	-8.606308	0.019812	-0.196040
74	2	17	6.831135	17.489144	8.611409	-27.873672	-8.060735	15.669484	11.264948	0.855542	2.818747	-4.553185	-6.723245	-1.502630	6.842243	5.643956	11.695031	-2.687590	7.289880	8.231903	10.639656	6.799495	6.434047	5.440866
75	3	88	-8.249379	-35.144693	-0.213518	17.231311	8.255268	-27.566446	-13.515935	6.235293	-13.659958	7.107534	6.935738	7.533306	8.413433	4.800217	-24.377433	9.656140	-6.758221	5.914607	-18.007387	-14.451491	0.658836	1.190179
75	3	7	5.764802	19.904832	6.024064	-18.250520	-3.374191	18.258044	6.965060	3.298167	4.146720	-3.878964	-9.160607	-4.955202	8.413433	4.800217	7.735218	-3.110840	5.471161	5.914607	10.457525	2.793510	6.453325	5.965108
75	3	5	-0.832438	4.678057	-0.116440	5.994045	1.983660	8.190195	1.485652	3.313103	3.981359	-3.517144	-3.680967	-4.955200	8.413433	4.800217	-5.742226	-0.332581	-0.871528	5.914607	-0.432979	-2.389436	3.133173	5.965099
76	2	40	-7.618930	-41.729678	5.719812	4.721024	4.843263	-34.978015	-24.299711	4.554170	-10.684842	4.821021	5.554421	6.274428	9.674257	8.578011	-17.153521	5.299117	-4.244248	9.015834	-16.917657	-12.769959	2.836917	0.209347
76	2	60	6.077962	20.598550	6.256927	-31.898349	-4.141105	11.054278	3.746238	-1.764379	7.801987	-4.740809	-12.250171	-5.363812	9.674257	8.578011	10.915950	-4.416978	6.680012	9.015834	10.996421	4.855929	8.336160	6.336342
77	3	53	5.120279	16.768473	6.021508	-26.354481	-9.744756	16.458852	5.508861	4.567321	3.496986	-4.926595	-4.309613	-5.435542	8.133561	4.110045	13.427188	-4.751023	6.174027	3.102271	9.756800	7.059659	7.092398	4.759043
77	3	35	-10.750675	-39.741488	5.423015	8.727469	1.369176	-24.865034	-15.051174	6.403097	-13.253285	5.757470	8.187673	6.895036	8.133561	4.110045	-13.019607	6.897529	-3.776457	3.102271	-16.996674	-8.156483	2.781079	-0.361284
77	3	12	1.670040	-16.374571	6.021508	-12.801974	-8.821127	-6.784142	1.592548	6.403097	-12.110900	5.757470	4.462982	6.895036	8.133561	4.110045	3.526950	0.426326	6.111171	3.102271	-1.901977	3.277966	6.857021	-0.361284
78	2	56	-10.389276	-42.714727	4.232096	10.633153	6.809918	-34.217116	-19.374103	5.743503	-8.888188	8.707492	5.720341	4.447066	6.923836	1.372971	-13.105007	6.893087	-0.611055	6.122738	-17.457801	-9.714818	1.791945	-1.559895
78	2	44	1.395863	15.158981	7.751704	-23.328178	-5.503674	14.933004	7.134475	3.204644	4.367917	-1.543776	-12.208294	-7.164497	6.923836	1.372971	14.682128	-4.836701	6.693001	6.122738	10.141255	6.502020	5.188429	4.906810
79	2	45	2.877000	22.988727	5.235360	-18.500614	-4.750672	20.459599	3.364455	-1.310860	6.865319	-7.722144	-7.382407	-1.848628	6.783610	6.089717	12.921843	-2.563210	7.365729	6.714000	10.669502	7.140187	5.668064	7.283965
79	2	55	-11.737102	-30.157700	-1.368055	15.246043	6.220494	-24.578082	-17.457361	5.268915	-6.882910	4.443887	7.166404	6.602519	6.783610	6.089717	-17.004691	8.305108	-5.827701	6.714000	-16.499499	-6.511780	-0.805617	1.779938
80	2	30	7.606910	20.722819	6.680751	-24.733315	-4.156708	9.729846	4.006125	-0.064054	6.786580	-7.050876	-6.794072	-2.424997	8.543176	7.345938	12.236434	-2.660430	7.169905	4.771740	10.701001	5.766478	7.056645	7.357987
80	2	70	-8.613318	-37.619125	1.328360	15.202488	5.853763	-32.790024	-25.961295	5.220144	-4.642316	4.244259	7.176075	8.510534	8.543176	7.345938	-18.163239	7.539697	-3.833884	4.771740	-20.459291	-6.947138	3.885484	1.166269
81	2	65	-10.221207	-41.703335	0.809904	15.332447	5.532194	-31.807252	-12.669670	6.844008	-16.869485	6.844098	6.024232	6.640238	7.615479	1.091299	-10.973417	6.786084	-10.143971	6.075661	-11.353474	-10.456876	3.154268	0.009625
81	2	35	5.060472	18.644937	6.442189	-15.296358	-4.208425	8.381960	3.633927	2.965776	-1.284496	-0.898695	-7.309547	-5.104208	7.615479	1.091299	9.597649	-5.017530	0.570646	6.075661	9.080914	4.555663	7.385778	5.819599
82	3	72	3.601556	22.596861	6.255771	-24.242484	-5.034044	14.431526	7.807674	0.840098	8.335841	-4.563870	-10.315211	-3.596637	6.499649	7.011676	13.606930	-9.270730	4.885147	7.197834	10.748136	3.611631	6.884102	5.497293
82	3	23	-9.019390	-28.658912	2.399653	10.309098	7.479507	-28.461714	-8.312169	5.326857	-13.381516	6.290444	7.200255	8.794441	6.499649	7.011676	-15.513598	3.423767	-1.536739	7.197834	-15.393079	-11.040041	1.815279	-0.801252
82	3	5	-1.781241	-11.894299	6.043005	-1.410371	-0.320135	-6.633096	1.492438	5.326857	-13.380272	6.290444	2.544302	8.794441	6.499649	7.011676	4.167569	-2.834781	4.884155	7.197834	-3.293613	-0.885175	1.815387	-0.801252
83	2	56	-9.343848	-31.524507	-0.340269	16.516724	7.001950	-27.684007	-20.859688	0.280975	-13.641545	6.464196	8.259738	7.622506	5.493171	6.551942	-13.803071	4.144601	-2.745300	6.583175	-16.589557	-3.081360	1.210330	-0.584689
83	2	44	6.664754	20.875655	5.399466	-19.334841	-6.096689	16.932957	6.389735	-6.048240	3.772854	-5.453993	-7.825573	-2.807887	5.493171	6.551942	11.445461	-8.103268	7.068592	6.583175	9.164301	6.253044	7.051210	5.175933
84	2	32	-9.590231	-32.742527	1.897087	12.546077	6.844587	-29.861169	-17.136421	5.801644	-12.544644	7.472595	6.058393	7.656722	5.905652	5.886168	-11.555203	8.075816	-1.425597	6.523837	-20.841652	-11.745549	4.337090	0.809888
84	2	68	4.742065	21.784465	6.552787	-21.589240	-5.009810	19.412471	7.094495	-0.319345	5.242551	-5.067660	-9.027164	-3.662946	5.905652	5.886168	14.341972	-1.646012	7.097767	6.523837	9.452096	3.596127	6.881112	7.297679
85	2	96	7.529283	22.800432	5.738145	-18.906604	-5.072421	17.408260	8.314080	2.749370	7.492417	-5.122988	-8.809419	-6.010526	6.760999	7.393814	11.880188	-4.426801	4.883441	4.996786	10.562396	8.088013	7.526067	7.770516
85	2	4	-10.469426	-20.484691	2.520540	15.124086	6.462276	-33.536055	-16.360508	7.252579	-13.950178	7.062341	7.584083	5.866182	6.760999	7.393814	-19.731914	5.271955	-4.025351	4.996786	-14.931400	-5.114016	1.275337	1.634298
86	3	64	6.570310	18.669138	7.154315	-24.011330	-0.841259	10.879741	4.789585	3.312607	9.158234	-2.364238	-10.218501	-5.161366	6.636334	4.820058	13.282191	-4.301753	9.310622	5.379764	9.025423	4.284071	6.949948	4.524339
86	3	27	6.548644	-6.835393	6.823276	-11.151291	0.089580	-16.390141	2.829774	6.549095	-6.213289	9.269402	1.237701	5.198244	6.636334	4.820058	6.535274	2.246995	8.812548	5.379764	-3.178400	4.096464	6.949321	-1.451220
86	3	9	-1.636454	-36.336094	2.211819	14.078960	8.000883	-41.509642	-10.704661	6.549095	-11.351772	9.269421	4.137265	5.198246	6.636334	4.820058	-19.641572	6.385993	-3.454813	5.379764	-18.010729	-8.499349	1.301474	-1.451223
87	2	62	6.509716	18.169159	7.022586	-28.069582	-4.580581	17.016409	7.916853	4.093545	7.008086	-2.660578	-9.518705	-3.292128	8.603916	6.224535	8.331828	-5.579331	6.550035	6.522733	9.067815	8.521093	6.150705	8.357623
87	2	38	-11.526044	-30.196457	1.586231	14.504601	6.598337	-28.317122	-19.088380	9.397151	-15.773429	2.990480	5.484958	7.678909	8.603916	6.224535	-17.402501	6.839186	-1.480966	6.522733	-18.400138	-2.462786	-0.109119	2.368288
88	2	70	-10.142577	-31.533125	1.388252	15.292886	6.044443	-32.353674	-10.149841	6.862113	-15.637961	6.106961	6.661386	8.331950	6.055038	3.994674	-21.593432	7.827911	-4.394115	7.627214	-15.584311	-9.366656	-0.823137	-0.351219
88	2	30	7.202955	22.675614	7.679661	-24.324083	-1.415284	16.311537	7.908912	1.607083	7.357460	-4.368080	-12.206416	-1.634846	6.055038	3.994674	13.178453	-3.288629	7.571398	7.627214	10.245281	3.966126	5.610158	5.999598
89	2	81	6.311971	23.687109	8.274420	-18.442375	-10.142724	16.731471	5.979152	0.789511	6.676250	-5.502208	-2.752837	-1.446529	7.140022	7.474680	15.108916	-5.257353	8.912768	4.798102	9.096143	5.877594	4.416686	6.146907
89	2	19	-11.765331	-26.439050	6.768804	14.253904	1.773119	-32.435155	-12.432522	6.210541	-7.382302	4.869269	8.818979	7.792078	7.140022	7.474680	-10.689210	5.863136	-1.351901	4.798102	-10.339388	-3.434788	-1.156809	-0.258640
90	2	86	-8.416648	-39.640170	1.283397	15.757226	7.430282	-31.539271	-24.305744	9.446095	-16.423791	5.649813	6.504030	4.915059	7.126749	8.164538	-17.671102	6.599506	-3.542327	7.141145	-18.923679	-9.577065	2.371138	2.275448
90	2	14	1.701503	17.601848	6.833882	-21.644772	-3.148097	13.215972	4.638073	4.012490	6.444292	-6.773495	-8.071834	-6.319931	7.126749	8.164538	8.496215	0.291996	5.278267	7.141145	10.922143	7.359115	7.510676	8.776161
91	2	72	-7.596546	-36.446102	-0.303099	10.985299	9.125832	-28.811888	-11.937739	5.069306	-8.617586	8.529735	6.062523	5.441167	6.144688	6.393469	-19.469928	6.190860	-4.090607	6.348337	-17.394170	-11.439883	1.210292	2.299589
91	2	28	0.632783	17.668605	6.099112	-11.029346	-2.446409	11.027091	8.036741	-0.958004	6.785397	-2.142673	-11.200826	-2.780861	6.144688	6.393469	11.948765	-6.037356	4.563539	6.348337	8.289422	0.588441	3.301087	7.812931
92	2	99	-11.199836	-41.207610	2.359376	14.904362	8.098263	-33.016617	-20.107481	8.115473	-16.670753	6.149827	7.568836	6.918732	5.996569	5.862482	-23.681901	6.147919	-1.561950	1.734287	-21.056620	-10.495026	-0.394297	-5.015099
92	2	1	-2.978177	5.196594	8.703786	-12.478122	-0.294173	15.042632	0.107932	4.539224	5.651819	-3.590881	-8.343335	-5.554000	5.996569	5.862482	7.696222	-0.902933	8.916349	1.734287	2.797868	0.811545	-0.359147	1.281544
93	2	87	-7.620067	-40.537435	1.272254	15.812035	4.861825	-30.350676	-24.656131	7.687501	-4.555464	6.886983	5.766675	2.806285	5.141759	8.217079	-29.313384	6.171636	-6.362635	6.289907	-16.030671	-6.811229	2.360814	-0.370251
93	2	13	4.289606	12.526083	7.623291	-19.218254	-6.340776	15.878074	0.683857	3.669847	7.167619	-5.471476	-8.208506	-9.625920	5.141759	8.217079	7.053255	-4.912761	6.049509	6.289907	11.844931	5.976653	6.141889	4.856854
94	3	77	-9.817333	-37.096894	1.293149	16.807998	6.706652	-36.684137	-11.381399	6.747475	-10.758460	7.336884	7.156990	7.116517	7.665283	6.257216	-23.093296	9.198385	-5.548622	5.433869	-14.046923	-10.227394	3.567761	3.789176
94	3	15	3.774154	19.286006	7.804409	-25.417886	-5.253816	17.918577	6.103215	0.844696	5.368395	-4.677182	-9.167572	-3.835566	7.665283	6.257216	11.022572	-3.115763	5.804907	5.433869	9.570650	5.246427	6.223636	7.067666
94	3	8	-2.511665	11.677195	7.565284	-3.598984	0.190318	11.436540	0.902406	0.844696	5.368390	-4.677154	-4.979417	-3.835555	7.665283	6.257216	-2.099069	-0.785914	0.463710	5.433869	0.931188	-0.931185	4.073308	7.067666
95	2	55	-8.487708	-31.731848	1.012404	15.579046	4.920750	-29.778918	-16.965646	8.613112	-12.814986	5.541508	6.360676	4.481510	4.428926	3.978950	-17.160912	5.318734	-7.167778	5.921494	-11.576738	-6.947606	0.419826	2.791515
95	2	45	3.889499	22.936413	5.254485	-23.069428	-5.666715	19.922659	6.091916	2.481074	5.417053	-6.337257	-7.607762	-2.956117	4.428926	3.978950	12.977658	-4.166356	5.605104	5.921494	11.194073	6.806605	7.032239	7.294453
96	1	100	4.968739	23.357054	4.322310	-19.824534	-9.689629	16.187609	9.432296	3.675144	6.155697	-4.847811	-12.047444	-0.605163	6.135216	6.420625	10.425798	-7.488441	5.911008	7.396342	10.579642	4.661927	2.098684	7.151950
97	2	71	-11.302083	-29.422942	1.573527	12.874982	6.517506	-31.021566	-16.912740	4.903695	-15.655628	5.896471	6.482720	7.306096	9.705531	7.557024	-28.575237	6.003018	-2.158326	7.353355	-14.771416	-10.438396	2.815733	1.882174
97	2	29	3.831262	11.706789	6.522132	-9.079916	2.336386	8.102557	3.042693	1.362276	5.827905	-3.204625	-4.686417	-3.574144	9.705531	7.557024	-8.543808	-5.064836	2.317923	7.353355	2.643922	1.469793	3.055865	7.539691
98	2	67	-6.773801	-37.587782	1.459088	12.638962	7.966861	-23.059638	-17.004683	7.887562	-6.280564	0.909563	7.497401	6.914027	6.224764	6.580995	-20.527584	9.028426	-2.332180	6.814942	-18.227521	-14.430625	-0.148148	3.596067
98	2	33	6.404721	20.617943	5.707287	-15.105592	-3.909454	21.150882	6.881388	4.574620	5.969749	-11.291418	-8.314363	-2.875193	6.224764	6.580995	12.447227	1.286518	7.637866	6.814942	10.483104	4.172800	5.993341	7.135285
99	1	100	-5.877225	-44.975038	-2.548833	18.808956	8.361211	-40.357520	-25.543233	6.738956	-18.222788	7.654529	6.537043	6.697775	8.779078	7.168483	-23.075600	7.197614	-1.930766	5.762213	-16.883475	-8.489274	1.734869	1.711049
100	2	26	4.057580	17.588943	5.618997	-13.409463	-2.411256	8.513943	5.474782	2.352394	5.781281	-1.856846	-8.935566	-2.874546	6.789156	7.014238	9.018249	-5.237945	6.856168	4.342787	10.176641	1.233784	0.641261	0.188912
100	2	74	-2.673171	-31.857995	3.670088	13.851602	8.759312	-35.673636	-17.586805	7.152462	-16.755211	6.770629	6.983255	9.686372	6.789156	7.014238	-19.830169	6.921798	-3.474407	4.342787	-18.047479	-8.909085	-1.997589	-3.460838
