1	2	64	5.678450	-0.654430	8.357937	5.352012	-11.083212	1.046424	6.684389	6.179050	4.998004
1	2	36	5.678450	1.674187	2.595500	-7.364908	5.774383	-2.330291	2.126381	6.179050	4.998004
2	1	100	5.260132	-1.159940	7.417785	4.133279	-16.835063	1.327378	4.917465	6.370162	6.188278
3	2	95	7.301830	-3.540795	7.547626	6.751899	-9.875800	-0.823574	5.053137	5.798441	7.325033
3	2	5	7.301830	1.764146	0.447751	0.055300	2.806877	-1.392417	5.021562	5.798441	7.325033
4	2	57	7.253277	2.674359	2.059500	4.542682	-3.894125	0.188714	3.111850	7.190629	5.937343
4	2	43	7.253277	2.712802	1.187925	-3.084341	9.210958	-2.405520	-2.900361	7.190629	5.937343
5	2	84	4.694674	2.370294	2.361215	-0.019223	-4.988846	1.257426	3.340696	6.262614	7.568248
5	2	16	4.694674	2.578802	-1.477564	-4.404383	1.184302	1.053532	3.329633	6.262614	7.568248
6	1	100	7.379359	-5.191717	8.161661	4.626993	-15.405609	-0.283567	5.071173	6.555345	7.119468
7	1	100	6.232256	1.897616	7.972013	4.684837	-12.106428	2.686825	5.880493	6.285143	3.205226
8	1	100	2.202421	-6.334102	5.773993	4.662552	-12.350313	0.577301	5.762806	5.984096	8.780829
9	2	40	7.498920	-2.975754	6.158408	7.100711	-7.840056	2.492664	6.917095	4.614489	8.815886
9	2	60	7.498920	1.983956	-0.727472	1.698094	3.569497	1.854434	6.916996	4.614489	8.815886
10	1	100	6.912614	-1.573030	6.500226	6.178487	-8.097723	0.776204	6.961098	6.327186	5.260399
11	2	43	7.117530	3.149197	0.733286	1.710957	5.244935	-1.188102	8.842704	5.685305	5.852644
11	2	57	7.117530	2.087681	5.233041	5.289989	-6.122924	1.589618	8.958917	5.685305	5.852644
12	1	100	8.367956	0.650772	6.774739	5.493724	-9.827350	1.557264	4.522044	2.358260	5.785847
13	2	31	5.645923	1.645980	-1.278226	-7.825699	4.075793	-2.177113	-0.709041	3.158375	6.897250
13	2	69	5.645923	-2.572395	5.234551	-4.059242	-7.640647	0.181910	3.137032	3.158375	6.897250
14	2	49	8.132688	1.384151	-2.979674	-4.728863	6.945344	-3.713695	-0.489608	5.129118	6.380776
14	2	51	8.132688	1.068190	2.964684	1.936304	-5.727914	-1.553152	0.086710	5.129118	6.380776
15	2	88	7.053428	-0.895710	6.514506	5.546284	-16.572749	1.652461	4.333409	4.918488	8.024389
15	2	12	7.053428	2.867068	1.381149	-3.541985	5.707791	-2.285232	-1.610884	4.918488	8.024389
16	1	100	4.046579	-4.319960	5.046143	0.552078	-9.815583	0.659234	3.100304	8.903654	7.502488
17	2	37	5.272736	2.268745	-6.158996	-1.994614	5.124077	-0.041101	5.144291	7.982311	6.494449
17	2	63	5.272736	2.170951	-0.499579	4.337900	-6.392906	2.025637	6.632246	7.982311	6.494449
18	1	100	6.685361	3.070026	-5.646263	-5.792968	5.414837	-2.657005	0.237788	5.579162	6.297330
19	2	94	6.273580	0.861425	4.216097	4.911871	-12.360739	0.168531	6.772723	6.630691	5.359860
19	2	6	6.273580	2.994953	-2.315656	-2.030540	5.951749	-5.510332	1.620525	6.630691	5.359860
20	2	85	9.146916	-0.320904	7.160365	5.105143	-11.549785	-0.536976	7.024129	8.271998	9.562183
20	2	15	9.146916	0.713712	2.098795	-0.008081	3.290207	-2.413333	7.021283	8.271998	9.562183
21	2	94	5.444557	-3.023262	5.789105	-3.086774	1.701223	-12.112035	7.413785	8.176514	5.877291
21	2	6	5.444557	-3.219287	6.669132	3.149896	-8.130172	-5.971737	7.416681	8.176514	5.877291
22	1	100	4.239150	-2.226054	5.065258	6.942923	-12.251840	2.660258	6.604576	5.870578	6.727002
23	1	100	5.731414	2.720931	-1.767742	-10.946666	4.456714	-5.738079	-1.705298	7.521303	8.452673
24	2	59	7.456853	0.563151	3.228422	6.386962	-9.832024	0.660597	8.267658	6.358239	8.034033
24	2	41	7.456853	2.172930	-0.575929	-1.218163	2.881748	-1.822071	8.261973	6.358239	8.034033
25	2	64	5.641258	0.063846	3.541028	3.688081	-5.161137	-0.299382	6.472181	6.890692	7.358719
25	2	36	5.641258	0.549699	-2.122199	-8.052055	4.040683	-1.752283	4.825966	6.890692	7.358719
26	1	100	8.955306	2.646432	-6.719841	-6.153314	8.740910	-9.112738	0.294471	9.336249	6.172552
27	2	57	7.956940	3.768625	-4.681196	-1.809709	3.579622	-10.387900	3.197299	6.902871	2.090071
27	2	43	7.956940	3.515265	1.707102	3.357531	-6.240108	-4.646452	3.767879	6.902871	2.090071
28	1	100	5.227036	0.680849	0.717178	-15.302103	6.386090	-6.365773	0.855440	6.696917	6.027587
29	1	100	5.995310	-2.800726	8.045859	8.496233	-11.325356	2.247534	6.718208	6.494673	7.093446
30	2	67	6.546908	1.832967	1.188794	-3.092323	-5.844457	1.505805	8.504096	4.567263	6.386235
30	2	33	6.546908	1.833174	-2.816336	-8.373675	5.603807	-1.461336	6.622718	4.567263	6.386235
31	2	63	6.453638	2.920129	1.930924	4.052152	-11.207307	5.175854	5.621872	5.289825	6.956480
31	2	37	6.453638	2.929542	-1.032147	-5.018559	5.999265	-0.655649	2.781190	5.289825	6.956480
32	2	68	5.200540	0.094559	2.329243	-1.413809	5.874789	-2.208275	2.480866	7.261684	6.676149
32	2	32	5.200540	-5.298638	6.798429	5.200447	-3.294609	-0.947795	6.265650	7.261684	6.676149
33	1	100	6.065658	-1.311449	6.020822	-9.582374	3.608877	-2.801091	1.507788	6.577149	7.813672
34	1	100	6.725063	-2.367768	6.275396	6.456554	-17.194133	0.972219	6.061184	7.567018	6.929969
35	2	90	6.368984	1.723105	0.141451	-0.752180	6.121260	-0.063001	7.979054	7.525712	6.299506
35	2	10	6.368984	0.759766	6.561922	5.415710	-5.628323	3.136410	7.979083	7.525712	6.299506
36	2	54	7.441319	-0.873868	7.255336	6.987234	-15.427963	2.228839	6.929271	5.063808	8.126528
36	2	46	7.441319	2.459056	1.987403	3.288661	-11.007087	2.228839	6.929271	5.063808	8.126528
37	2	45	5.605277	3.484519	-1.069704	0.794082	6.101122	-1.206535	5.783923	6.450583	3.173069
37	2	55	5.605277	1.874055	6.827655	6.358176	-6.205396	-0.640720	6.835957	6.450583	3.173069
38	3	54	8.343629	-1.143381	6.154404	7.229982	-6.731233	-2.426206	4.662326	8.380348	3.978449
38	3	23	8.343629	2.840859	2.207812	2.145888	-6.653589	-2.426206	4.662326	8.380348	3.978449
38	3	23	8.343629	2.862735	-4.220983	-7.445089	5.416934	-8.468022	1.251059	8.380348	3.978449
39	2	30	4.789405	-3.465896	2.249736	-0.876180	4.396159	-1.351208	4.333629	7.080236	5.680994
39	2	70	4.789405	-3.469988	8.299764	8.711661	-8.380797	2.457065	6.727482	7.080236	5.680994
40	2	46	5.470780	-1.345724	3.498999	-4.428448	3.302905	-8.149034	-1.379656	7.420282	6.857284
40	2	54	5.470780	-5.255739	8.207759	-1.095217	-3.568398	-5.211908	-1.340336	7.420282	6.857284
41	2	84	3.396986	1.669522	-3.562280	-4.237036	5.513150	-1.574990	3.885829	6.565216	6.636070
41	2	16	3.396986	-0.743526	4.113362	1.311529	-3.753842	-0.255043	4.306781	6.565216	6.636070
42	2	70	7.714614	0.682017	7.601575	4.685134	-8.351386	0.428211	5.938643	6.620308	7.646242
42	2	30	7.714614	2.281561	0.910745	-7.141074	3.348167	-2.590934	5.364268	6.620308	7.646242
43	2	89	5.058736	1.926617	-6.120350	-10.296561	7.325121	-1.962347	-0.063525	5.868638	5.915166
43	2	11	5.058736	-2.427391	6.234978	0.183080	-4.575092	0.804363	5.053307	5.868638	5.915166
44	1	100	7.416706	3.614857	-4.050238	1.424306	-6.375652	3.983965	5.299111	4.356073	8.489049
45	2	34	7.265636	3.355402	-1.014696	-5.287750	5.788514	-2.391750	2.856738	5.574759	8.127982
45	2	66	7.265636	0.020801	6.564807	6.921651	-7.283375	-0.791553	5.198871	5.574759	8.127982
46	2	67	7.875413	1.664726	-0.594881	-1.084596	6.465257	-4.260407	1.208025	9.249997	6.737348
46	2	33	7.875413	0.003203	5.568974	4.279241	-6.175682	-1.592048	2.429536	9.249997	6.737348
47	3	38	5.423272	-1.256231	4.658237	5.127880	-5.303959	-1.600133	4.859543	7.590974	3.530099
47	3	48	5.423272	0.550336	-1.856962	-2.641887	6.985992	-5.843219	1.691499	7.590974	3.530099
47	3	14	5.423272	-0.903096	4.397683	2.969005	-0.316850	-1.796750	4.709630	7.590974	3.530099
48	1	100	9.081874	-0.484031	5.503704	3.316471	-17.500486	4.046109	3.974662	4.274381	6.666785
49	1	100	9.051807	7.372278	-3.289492	-7.608260	6.738215	-5.788188	0.261604	8.490484	7.663621
50	1	100	6.738527	2.626734	-7.225446	-9.540816	6.760842	-3.227244	-0.414063	5.877516	6.053716
51	1	100	7.867665	3.385746	2.646219	4.212465	-10.941049	2.453519	5.903056	4.600519	8.029348
52	2	26	5.494895	1.669492	6.425347	6.772923	-3.760867	2.732674	6.825119	6.216388	6.800798
52	2	74	5.494895	2.894634	-1.100007	-0.527114	6.186565	0.809098	6.808578	6.216388	6.800798
53	3	39	6.540052	-0.592227	3.050634	0.537621	2.429395	-6.265220	0.809287	8.856702	6.726745
53	3	8	6.540052	2.369871	-0.251534	-1.198662	3.271527	-6.265220	0.809287	8.856702	6.726745
53	3	53	6.540052	-0.628286	6.308999	6.860558	-7.251716	-1.245205	6.283574	8.856702	6.726745
54	2	55	6.439379	2.466700	-5.183137	-4.011405	5.401734	-5.148297	1.947481	5.674854	2.550240
54	2	45	6.439379	-1.498802	5.121962	6.553797	-11.630234	0.047598	7.357365	5.674854	2.550240
55	1	100	5.664801	-4.421108	4.825081	5.783118	-14.518545	3.505196	6.427442	3.844782	7.183380
56	2	32	6.562763	-1.038368	1.093875	-4.596155	4.781027	-5.151334	0.534209	6.657211	4.563207
56	2	68	6.562763	-5.634657	6.654460	6.118483	-8.719698	-0.173830	6.192933	6.657211	4.563207
57	3	40	5.594323	3.810258	-3.181370	-1.060669	6.082764	-1.977825	6.606943	7.653033	5.390787
57	3	43	5.594323	-1.458392	6.302222	6.452761	-13.584417	-0.471881	6.614839	7.653033	5.390787
57	3	17	5.594323	3.794109	2.615051	5.199738	-9.023214	-0.471881	6.614839	7.653033	5.390787
58	2	41	6.960945	3.443723	-8.280621	-5.094982	6.696964	-3.832129	0.272208	6.992946	3.863794
58	2	59	6.960945	3.443723	-2.296455	3.750459	-5.157341	0.339168	6.287791	6.992946	3.863794
59	2	51	4.796846	2.602254	-2.519479	-6.867354	8.224713	-8.684833	1.855888	5.727348	3.815328
59	2	49	4.796846	-2.446415	5.881147	3.488540	-8.654986	-2.285203	3.486080	5.727348	3.815328
60	1	100	6.524151	3.692580	-6.384959	-1.452485	4.825668	0.583361	8.980587	4.818935	6.467340
61	1	100	6.507896	-1.301185	6.502567	-5.476516	5.352817	-2.817280	-3.424611	6.532411	7.469385
62	2	69	5.230491	2.550802	1.286780	0.819994	-4.885252	2.174392	3.785343	5.865783	5.365291
62	2	31	5.230491	2.627152	-3.780099	-6.067956	5.093634	-0.127560	3.142814	5.865783	5.365291
63	2	92	7.685834	2.438646	-5.147804	-4.335073	8.491181	-2.924992	6.276039	7.546227	6.045449
63	2	8	7.685834	-0.190656	4.804946	5.410462	-2.730038	0.951851	6.312964	7.546227	6.045449
64	1	100	6.822757	3.130544	-8.006049	-12.130690	7.545933	-5.647721	1.986013	6.850198	6.667067
65	1	100	6.131555	5.816344	-7.406736	-10.127342	7.679216	-3.261793	1.886728	7.565379	6.174916
66	3	13	7.065980	-2.225052	6.841084	5.794682	-8.344261	0.114193	6.425162	7.962879	8.952363
66	3	32	7.065980	2.501669	0.520605	2.587912	-4.593239	0.105612	6.424831	7.962879	8.952363
66	3	55	7.065980	2.501674	-5.176406	-7.538672	5.822471	-5.589946	2.042903	7.962879	8.952363
67	1	100	5.005882	-2.670467	6.771274	4.611649	-12.945136	2.385142	7.296069	5.955428	6.028952
68	2	97	7.651098	2.682877	-4.843949	-5.151385	6.085819	-1.946256	0.459953	6.727138	7.963370
68	2	3	7.651098	1.960955	4.286365	2.518751	-7.688763	2.206769	6.533298	6.727138	7.963370
69	1	100	8.270857	2.620269	-1.895039	-9.354267	7.031897	-5.157017	-0.545208	6.550556	7.206726
70	3	77	7.772148	2.970446	2.275486	1.053166	-4.265697	0.234538	7.895718	7.914301	4.445948
70	3	14	7.772148	0.245355	5.072271	1.786918	-4.591488	0.234538	7.895718	7.914301	4.445948
70	3	9	7.772148	2.978014	-0.212992	-1.271827	1.558771	0.205328	7.895669	7.914301	4.445948
71	1	100	6.560307	3.134529	-5.784391	-4.522918	5.345208	-1.401215	8.649752	6.670273	5.445139
72	1	100	4.206474	-6.050583	6.232430	6.198114	-9.196278	1.776296	6.385864	5.884401	4.360014
73	1	100	8.979651	0.691718	-5.005644	-1.541553	6.665005	-3.947624	2.656104	7.125596	7.018363
74	1	100	6.646009	-1.662329	7.852684	2.584961	-10.910011	-2.582244	5.241672	6.676429	5.398985
75	1	100	8.926280	-0.389957	3.820090	5.983795	-9.117735	4.686357	5.453648	4.755763	6.846216
76	2	93	6.309148	3.124728	-1.286054	-1.545184	1.147952	1.820895	6.097022	6.673192	6.238701
76	2	7	6.309148	0.477827	6.478764	3.942452	-9.738127	3.432711	6.097209	6.673192	6.238701
77	1	100	8.117546	2.837129	0.160047	-11.098211	8.142012	-9.061215	0.643042	8.313714	6.944674
78	2	74	6.596623	0.368795	6.248463	2.177054	-8.311063	4.061568	6.490318	4.260841	5.651049
78	2	26	6.596623	1.769270	0.988313	-4.650394	4.050327	1.660288	6.490315	4.260841	5.651049
79	2	22	7.809652	2.662920	0.860771	-5.353633	4.532969	0.064536	5.653122	4.912145	4.798299
79	2	78	7.809652	-1.753503	7.144828	2.381787	-13.000006	1.164042	6.021894	4.912145	4.798299
80	1	100	6.210308	2.694758	1.473563	-7.686251	8.557764	-9.576049	2.892069	6.646343	4.509123
81	2	37	4.737356	-4.314328	6.586582	4.742710	-12.079859	-0.106860	3.538225	7.042601	3.928032
81	2	63	4.737356	0.780514	-4.491534	-8.018102	7.289048	-2.455073	1.079893	7.042601	3.928032
82	2	82	7.114068	4.924913	-1.178608	0.947361	-5.991067	-0.978622	3.875211	7.039418	6.895111
82	2	18	7.114068	4.954944	-2.283025	-0.670701	0.235400	-3.000630	1.695719	7.039418	6.895111
83	2	75	6.438615	-1.299831	9.163890	3.574323	-10.874520	1.986478	7.595768	5.318490	8.426331
83	2	25	6.438615	-1.280674	5.267791	-5.843589	2.214967	-4.331008	2.438067	5.318490	8.426331
84	2	69	7.319319	-4.206109	7.300642	6.059691	-7.145357	0.547056	7.404914	6.074541	5.867072
84	2	31	7.319319	-1.160402	1.269306	-0.312185	6.316162	-3.491249	6.608378	6.074541	5.867072
85	1	100	5.476623	-4.290546	4.571554	8.419177	-17.303941	0.975646	7.602270	2.759299	7.723747
86	2	85	3.922556	-0.189146	8.447634	6.000330	-13.816196	0.777010	6.216450	7.506559	6.999113
86	2	15	3.922556	1.763455	2.880888	-4.159354	4.273216	-2.510546	3.881506	7.506559	6.999113
87	2	46	3.833000	0.058590	-1.115204	-6.152450	6.247866	-3.071628	2.093156	7.213054	7.188990
87	2	54	3.833000	-0.328296	3.964333	4.407790	-8.412636	-1.018185	5.799121	7.213054	7.188990
88	2	50	7.104116	0.550873	1.739915	-0.785227	2.242219	0.286343	5.507964	6.502735	6.708388
88	2	50	7.104116	0.003388	5.265271	5.444385	-5.968635	2.374749	5.625667	6.502735	6.708388
89	2	53	6.039878	2.073133	1.375197	3.908555	-9.264678	3.278381	3.293521	6.390266	7.585212
89	2	47	6.039878	2.086083	-4.813984	-1.757616	6.482557	-0.838440	2.954266	6.390266	7.585212
90	2	53	7.023454	-1.045549	2.687192	-4.357897	4.173984	-3.629590	1.522522	5.657602	6.487401
90	2	47	7.023454	-1.079257	6.319049	7.730436	-10.177312	-0.109360	6.209742	5.657602	6.487401
91	2	41	7.853775	4.392785	0.687245	-1.925923	-4.134745	0.640330	2.252399	5.312389	5.090554
91	2	59	7.853775	4.564665	-5.450460	-8.784603	5.900399	-3.133215	-0.495697	5.312389	5.090554
92	1	100	6.912411	3.759004	-3.187021	-6.957190	6.893650	-5.145596	6.511237	5.192219	4.640967
93	1	100	5.180906	-5.498322	7.463843	3.460248	-15.663028	-1.633346	3.608766	8.146195	1.965877
94	2	85	6.969937	-0.458677	6.534244	5.184195	-12.154802	-3.953612	4.295537	7.882404	3.496022
94	2	15	6.969937	1.818305	2.866334	-1.716545	4.075205	-9.978904	4.290422	7.882404	3.496022
95	2	60	5.740781	0.115908	1.793518	-4.929366	3.260152	-5.025301	2.589615	8.717073	6.281594
95	2	40	5.740781	0.066773	7.188720	5.506285	-10.891650	-0.970727	7.312352	8.717073	6.281594
96	1	100	6.181548	-2.337919	7.186128	-0.885765	-10.372140	-1.459802	-2.227690	7.356585	6.512463
97	2	64	7.789242	0.930229	3.490611	2.747458	-6.848782	-2.413179	3.611616	6.770021	5.365382
97	2	36	7.789242	1.239266	-2.558251	-1.719723	3.605337	-4.837496	3.071772	6.770021	5.365382
98	1	100	7.559041	2.771334	-0.591281	-12.645769	8.344966	-8.639907	1.946603	5.566502	6.087037
99	2	62	5.503491	1.450954	-0.550281	0.909434	5.838730	-3.751368	6.929335	6.021762	5.651788
99	2	38	5.503491	-1.872264	5.515542	8.134779	-5.820943	0.249883	8.265056	6.021762	5.651788
100	2	35	4.601606	1.739510	0.108433	-8.080089	5.079284	0.108814	4.601811	9.089974	7.181966
100	2	65	4.601606	-3.248688	6.755362	3.078001	-7.947359	2.675813	4.931911	9.089974	7.181966
