2	2	6.678448	7.851219	6.724636	7.271985	4.422181	-7.019731	-3.211786	-3.759198	-5.759164	6.678448	-0.701726	1.808967	-0.856673	-6.122202	5.770072	2.311668	6.488413	6.036898
3	2	5.858835	-4.673378	-5.585386	-7.563071	-10.679698	7.842481	7.796821	6.728760	7.082527	5.858835	3.836477	3.874206	7.623386	6.219673	-2.217782	1.404926	-5.132739	-3.966182
4	2	6.863236	1.154444	6.219794	6.337788	4.934325	4.065432	2.390499	-0.526487	-4.163785	6.863236	-9.645907	-2.297389	-2.257880	-9.947885	7.898692	7.932685	6.143016	4.350748
6	2	6.166335	-3.606438	-1.804088	-1.394096	-5.508731	6.697196	6.525738	4.640879	8.794462	6.166335	3.691200	5.906996	5.597908	8.927349	-3.220681	3.484715	-7.349096	-2.584003
7	2	5.133128	-4.599556	-6.223017	-10.180948	-9.549506	5.838423	8.442987	7.551617	6.879647	5.133128	0.773634	4.794071	4.799112	6.028916	1.345558	2.748357	1.837589	-5.500839
8	2	8.057634	3.477787	4.965628	5.270869	7.799726	-6.972697	3.013614	-6.625519	-1.143502	8.057634	-2.829934	-2.834511	-12.052353	-5.515856	5.960833	8.900983	2.584591	6.792023
9	2	5.559794	0.944678	1.844623	5.956361	6.499260	-2.202544	0.973302	-2.557097	-3.004553	5.559794	-6.725204	-6.140564	-5.268391	-9.981691	3.587419	6.720735	4.713259	7.814206
10	2	6.397398	0.236846	3.116770	-1.136194	-3.477274	6.422606	3.967543	6.091113	5.862619	6.397398	1.031776	9.352074	7.180263	4.170168	0.442610	-1.772205	4.273226	-0.811155
11	2	7.783206	2.533993	4.363337	5.309452	5.576617	0.473507	3.269609	-3.758564	-0.081343	7.783206	-6.074406	-3.716386	-11.165437	-5.380188	8.007338	7.640555	6.893469	7.775095
12	2	6.413532	-3.706905	-1.722796	-8.059414	-9.489217	2.207699	6.622892	3.634349	6.217580	6.413532	6.847425	8.042359	5.686765	4.604477	-5.600093	0.507479	-8.512774	-2.606636
13	2	6.816651	3.804210	4.737824	6.830855	6.640523	0.829664	3.914001	-5.633283	-5.495412	6.816651	-4.951955	-1.484094	-7.815982	-7.277677	6.506520	7.120919	7.226893	5.515296
15	2	8.480746	4.832878	7.822006	6.545783	5.400695	-1.891470	0.055465	-2.344515	-4.378421	8.480746	-2.251339	-0.773243	-7.449398	-9.290630	7.150033	6.247889	6.102404	6.659062
18	2	7.180685	-6.097300	-2.512543	-6.919109	-11.452920	5.762151	6.746785	7.908826	6.771335	7.180685	3.497544	5.264462	6.977076	5.916280	-2.009625	0.569896	-0.085882	-0.559617
19	2	8.826484	-8.587883	-0.942755	-3.774629	-8.267849	4.862313	6.383794	7.575591	7.584444	8.826484	3.199626	6.202134	6.208393	5.570908	-4.737933	2.259342	2.513890	-0.835239
21	2	2.891350	0.259511	-0.596689	-2.006730	-3.695791	8.008505	7.077218	2.840853	4.906275	2.891350	2.739234	7.446369	5.910411	5.950831	-0.128887	1.626783	-3.717504	-1.795417
23	2	4.810839	4.761373	4.624592	7.347686	7.704874	1.160718	2.841816	-5.396824	-0.177528	4.810839	-9.700100	-4.762537	-10.393304	-10.433468	7.264653	7.339507	4.922165	6.050376
26	2	6.874774	4.810659	6.264593	5.793934	6.025093	-0.611164	1.265761	-3.925659	1.890664	6.874774	3.657014	3.511009	2.581789	0.615756	1.267560	5.675277	-2.960128	4.220485
27	2	6.047469	4.023891	6.036668	6.450196	7.624861	-2.395625	0.827957	-0.763638	-3.168509	6.047469	-2.970175	-0.871003	-5.876966	-4.758134	6.372988	6.155062	6.873454	5.031436
29	2	2.751047	2.688171	5.667433	4.722152	7.607421	-1.976238	0.678047	-3.717643	-2.896584	2.751047	-7.987671	-4.830794	-12.122161	-4.644072	6.248665	6.709163	6.740968	6.966741
30	2	7.129725	5.078069	6.713283	6.379865	7.012156	-4.150279	1.418185	0.264725	-0.097045	7.129725	-0.831700	1.258714	-3.688966	-4.241002	4.337429	5.589048	8.322570	7.588541
31	2	6.926099	-7.213163	-5.823396	-8.866157	-9.569300	7.641075	7.830488	6.361284	6.636555	6.926099	2.894437	4.551834	6.084824	4.407625	-4.173821	3.463110	-2.088876	0.825581
34	2	7.596386	3.246366	5.336871	7.316643	5.601381	-2.829584	3.319902	-5.184430	-3.181768	7.596386	-8.435753	-4.235405	-4.120806	-8.109416	6.820631	6.829942	4.689306	6.373010
35	2	6.273204	2.765285	7.020779	3.924635	7.606824	-0.684993	2.955471	-3.143119	-2.718294	6.273204	-10.035877	-2.686711	-14.387723	-3.548613	7.235673	8.255226	6.749312	6.188545
36	2	7.331924	4.506126	5.516432	5.931845	8.770475	-5.195554	2.292026	-2.079001	-4.611235	7.331924	-3.958375	0.888834	-9.355770	-5.765024	7.119827	6.665563	6.399930	5.481834
38	2	7.534236	-6.245773	-4.217284	-7.108687	-11.596593	8.108999	8.191291	5.933137	6.909422	7.534236	4.813615	6.491323	7.352935	6.112812	-3.874644	2.439842	-5.015215	-4.937959
39	2	6.468362	-7.731071	-2.439000	-6.705780	-6.787660	2.872324	4.370900	6.534058	8.432087	6.468362	2.214384	3.067887	5.939673	5.080745	-7.777321	2.454038	0.251207	1.849919
40	2	8.377132	-1.621006	3.100183	-10.008050	-5.560902	4.510308	6.826191	5.950045	8.524967	8.377132	3.070513	6.801517	6.429479	5.021665	-3.516345	0.322132	-4.872284	1.778448
41	2	7.337435	4.776578	6.667424	6.621558	7.808343	-0.147088	1.671663	-2.012773	-3.001552	7.337435	-8.697285	-3.423681	-9.450855	-7.621858	6.465478	8.293866	7.068742	5.693904
43	2	7.669338	-3.209539	-3.153969	-2.082063	-11.067730	6.558510	6.511264	7.955431	6.633262	7.669338	4.738062	4.544337	8.112014	4.075950	-4.471090	0.673196	-3.357185	-2.880648
44	2	7.413900	-3.641241	-1.233913	-9.688889	-8.586237	6.623586	6.064200	6.334124	5.365329	7.413900	1.486284	4.184327	3.719601	5.907936	0.864036	-0.482561	-0.390030	-2.339587
46	2	8.133981	4.394927	8.114784	5.880870	7.196691	-5.003730	1.464714	1.052676	-2.364953	8.133981	-8.143760	-2.135020	-2.218809	-5.761638	4.835738	6.277810	8.456215	7.718042
47	2	7.560178	3.231793	5.211533	5.084539	7.826862	-6.756189	3.974118	-5.708956	0.180776	7.560178	-2.838555	-2.592062	-8.872534	-2.579405	4.802927	6.351824	6.853062	6.525600
48	2	6.032401	4.260046	6.788130	6.508539	7.360843	-3.842920	0.262631	-1.741739	-4.365841	6.032401	-0.686311	1.345767	-2.303635	-1.422537	4.260364	6.255615	5.609683	6.062835
49	2	2.994487	2.008823	6.808107	7.917183	6.766566	0.124029	-0.123783	-1.925191	-1.965304	2.994487	-9.025228	-0.436631	-5.318658	-5.767016	6.465667	6.414559	7.892606	6.930734
50	2	4.721242	4.035772	8.492913	6.511428	6.784806	-4.973586	-0.862077	-2.976538	-1.506439	4.721242	-5.784673	0.782952	-9.548385	-5.528751	7.316211	5.736584	8.491352	6.078513
52	2	5.597652	-2.321313	-1.306407	-10.325204	-9.895620	9.687632	6.997799	5.751084	6.131129	5.597652	4.031948	6.317899	7.536705	6.629972	2.277336	2.151847	-0.937879	-1.527099
53	2	6.781388	-5.579450	-9.197552	-6.309476	-6.133560	6.138866	6.368319	8.552528	5.442231	6.781388	4.467846	2.320381	6.774237	5.234730	-4.916277	-0.243269	-2.730300	-7.305549
54	2	6.596593	4.877610	7.207627	6.486343	7.981088	-2.333740	0.793582	-5.718455	-6.971330	6.596593	-0.129313	-0.397213	-2.423071	-6.609849	6.791932	4.980386	0.634416	5.564128
56	2	6.307500	6.651923	4.171782	5.426833	2.984745	-1.221451	0.050602	-2.391539	1.618178	6.307500	-2.305461	0.220890	-6.509036	-6.016810	7.137251	2.570281	5.400165	8.677382
57	2	6.588726	-5.192905	0.505875	-5.571736	-6.220091	6.494113	5.878785	6.480372	6.748216	6.588726	1.693227	8.079539	9.597243	6.016716	0.457684	0.630581	-2.940575	-0.924668
58	2	6.691384	-8.963078	-1.077699	-9.746769	-11.764838	6.099382	8.979349	4.822440	7.068754	6.691384	2.772611	5.593245	6.959739	5.706726	-5.768587	2.466371	-3.780240	-0.123323
60	2	6.846376	-0.163479	1.793035	-5.643836	-11.780992	7.860140	8.847869	4.967722	4.567382	6.846376	4.987618	7.537519	5.357099	4.753583	-3.653097	4.878496	-6.840413	-4.029397
62	2	4.397231	1.606356	4.435601	4.039426	7.233243	-0.028466	-0.012391	1.187599	0.568867	4.397231	-2.575709	3.420683	-0.325269	1.973351	2.254755	3.465441	5.175617	1.306269
64	2	5.185751	4.683868	6.359294	5.591892	7.290673	-3.724246	2.857270	-7.617984	-3.461504	5.185751	1.734970	-3.100294	1.524714	-1.343342	2.585367	9.230406	-2.229846	4.653441
66	2	6.255091	2.215609	2.674390	5.380542	7.642509	-3.589200	0.979982	-2.773649	-0.649658	6.255091	-5.310936	-4.555919	-7.760959	-6.396756	8.150712	6.629080	5.175216	6.749544
68	2	7.850906	4.333513	3.844748	6.194670	6.575181	-2.056690	3.236668	-4.928990	-3.431185	7.850906	-4.144547	-5.379109	-11.197754	-5.526464	6.165772	7.011791	6.119518	7.445970
71	2	2.606900	-8.060501	2.041721	-9.830922	-4.183908	7.030857	8.483966	6.718022	1.241072	2.606900	-2.226028	7.235965	0.709095	2.467065	3.851663	1.980909	4.793760	-0.746962
73	2	7.689925	-1.783681	-6.224992	-11.783811	-9.479234	7.135487	7.472316	5.542842	8.280245	7.689925	4.273138	4.859217	3.838235	8.071331	2.850982	2.795025	0.557054	-2.171078
74	2	5.174983	3.626178	6.797454	6.934643	5.133299	-3.831677	2.318694	-3.406176	-1.615008	5.174983	-8.474057	-2.102179	-2.611730	-11.099313	8.060739	6.526838	7.977982	7.339982
76	2	8.114443	6.720019	4.775835	7.816545	5.522894	-4.911759	0.688441	-3.456784	-1.709096	8.114443	-3.297957	-1.138207	-6.170137	-6.318889	6.098341	7.100427	4.583398	7.462108
79	2	6.442341	4.808191	1.526589	7.057882	7.313978	-6.761161	2.640105	-6.526828	-3.698955	6.442341	0.044695	-6.666775	-0.540937	-0.249381	2.864985	5.953460	-3.029697	5.149314
80	2	6.520418	3.266171	6.332819	2.765902	6.537282	-4.744158	-1.642560	0.288361	-0.156015	6.520418	-1.636523	1.288503	-9.399753	-7.879507	1.876108	4.048640	8.471680	6.740486
81	2	6.927302	5.281449	7.651758	7.397636	6.545469	0.101669	0.600665	-2.064610	-4.633347	6.927302	0.655011	-0.736230	-6.901644	-8.118772	7.061160	6.935296	7.876405	5.741646
82	2	6.648823	-7.261547	-1.387898	-11.705403	-11.496030	6.286840	7.335377	7.664903	4.388131	6.648823	5.593407	6.897417	5.979104	4.136327	-3.351433	2.525780	-4.240809	-5.703389
83	2	6.864545	-3.708829	-4.891275	-10.560190	-7.173446	6.170672	6.415649	2.752549	8.153705	6.864545	4.235637	5.407805	6.693896	2.813288	-3.006709	1.623715	-4.993459	-1.861722
87	2	8.881968	4.546774	7.732346	6.830126	8.260798	-4.422098	-4.602639	-2.290203	-0.912198	8.881968	-1.213986	2.526924	-6.277228	-2.576654	5.732853	0.898254	6.068132	7.286176
88	2	5.987207	-7.498989	-4.372732	-6.034958	-7.527936	8.478876	8.392887	7.393194	4.932757	5.987207	0.193681	0.592845	6.065737	5.537613	2.232536	4.512253	1.323945	-1.435731
90	2	6.402563	-7.324699	-2.465051	-5.418793	-8.187630	4.415425	7.872281	6.223458	5.873634	6.402563	2.684357	5.861737	6.101872	3.485748	-4.570738	3.855979	-0.562609	-5.726055
91	2	6.690452	-8.559498	-2.919545	-6.617269	-5.332293	8.809105	8.175255	7.360537	6.485348	6.690452	2.643039	6.832672	4.401250	6.183679	2.265779	3.744465	-0.341922	-2.732259
92	2	4.841019	3.106921	7.000817	5.956257	5.896314	-5.432498	-0.203659	-4.221667	-4.630485	4.841019	-5.482014	0.531013	-6.485765	-7.418655	6.586014	5.300486	5.969277	5.552460
93	2	5.499161	-10.379109	-0.638858	0.719757	-7.258937	3.224661	4.560148	6.142084	7.876494	5.499161	2.328340	7.346362	6.978138	6.065889	-3.174757	-0.701647	0.602124	0.602497
94	2	6.866859	2.276489	6.360939	7.605250	5.911686	1.587367	-1.840716	2.742728	-3.014948	6.866859	-5.602842	1.438653	-3.696848	-2.998814	8.186162	4.234316	8.211934	6.136559
95	2	6.863271	-3.348829	-0.942680	-7.710968	-3.592162	6.170863	8.063782	7.673964	0.910311	6.863271	4.557563	5.885775	9.527441	7.457098	-3.027852	1.806155	1.040610	-7.692124
96	2	2.751555	1.286038	5.145759	5.596503	7.211996	-1.769012	1.396711	-2.279898	2.446862	2.751555	-11.556760	-5.216048	-6.361298	-9.919555	6.139262	7.236817	4.808087	9.444137
99	2	6.292300	-4.369420	-2.580937	-7.560730	-8.362224	6.295910	7.690708	6.520619	4.818169	6.292300	3.601817	6.495319	5.996534	6.843240	-0.450324	1.945179	1.687269	-8.270414
100	2	6.334033	2.040713	6.088684	6.129327	6.992241	-1.431765	1.746281	3.034347	-3.380519	6.334033	-1.605000	-1.395380	-7.845487	-1.593179	4.643134	6.210677	7.203148	7.124360
