1	1	57.972488	66.394349	18.451156	12.747577	42.056203	42.378705	22.516769	63.848720	0.818481	0.218175	0.348982	0.957567	0.317770	0.638795	0.908795	0.896475	163.421745	5.000000	84.183321	0.262988	4.000000	0.017129	8.662082	4.000000	0.295904	3.152769	3.000000	0.200198	1.339565	3.000000	0.010183	2.342727	3.000000	0.012709	0.389937	3.000000	0.017742	4.783958	1.000000	55.299777	0.292857	2.000000	93.796022	12.831614	2.000000	0.021248	0.802537	4.000000	0.010164	1.199036	1.000000	0.013283	0.386142	3.000000	0.021808	13.904577	3.000000	0.010366	23.353440	6.000000	78.866884
2	2	62.534871	16.539355	93.013923	49.837484	51.449677	22.102624	38.540763	39.340222	0.721968	0.948260	0.262405	0.353808	0.562390	0.660439	0.856253	0.703436	50.866749	5.000000	53.416456	1.203292	5.000000	0.015835	9.329858	6.000000	0.036349	1.540600	2.000000	0.025885	1.357833	6.000000	0.015006	0.613458	2.000000	0.022262	0.127281	5.000000	0.012718	0.184393	6.000000	6.444567	1.423472	1.000000	72.373337	14.061937	3.000000	0.078411	0.815235	5.000000	0.013033	1.187696	2.000000	0.026646	0.763892	4.000000	0.187324	120.724768	4.000000	0.011724	34.552639	5.000000	16.513644
3	1	40.835247	15.968032	92.106695	74.697473	84.168244	40.764969	84.825669	46.361247	0.289818	0.185805	0.875706	0.503749	0.673281	0.304078	0.186818	0.203898	26.671353	5.000000	91.453013	3.212896	1.000000	0.092205	4.023690	1.000000	0.012436	3.139475	6.000000	0.012850	0.569652	3.000000	0.107660	3.545490	1.000000	0.024196	0.957252	3.000000	0.020461	1.832026	4.000000	4.739979	0.024568	2.000000	65.578056	13.487890	2.000000	0.010339	0.104202	6.000000	0.039380	0.489821	4.000000	0.044544	0.984390	3.000000	0.044915	136.479380	3.000000	0.026378	66.262720	3.000000	93.185466
4	2	48.179428	82.833447	68.999892	36.190882	34.426057	31.189428	79.330158	76.937365	0.303145	0.773349	0.654239	0.831922	0.555284	0.448330	0.935993	0.233529	175.569773	6.000000	99.298828	2.825297	3.000000	0.012541	12.132742	2.000000	0.011297	4.647297	4.000000	0.010563	0.697555	3.000000	0.031769	2.332430	4.000000	0.054809	0.033405	6.000000	0.024677	1.982931	6.000000	8.972170	1.272922	1.000000	73.605727	11.155242	4.000000	0.010263	0.566659	1.000000	0.040480	0.634903	2.000000	0.020185	0.750575	6.000000	0.220583	68.164688	2.000000	0.067891	6.376206	3.000000	37.202259
5	2	30.366252	42.271028	8.199314	11.007519	6.677324	66.880260	68.900049	70.863240	0.234516	0.326852	0.979816	0.150979	0.482920	0.672008	0.512690	0.804800	132.974581	2.000000	42.515522	2.412417	2.000000	0.012452	7.969497	6.000000	0.064695	2.206595	1.000000	0.027738	1.213750	1.000000	0.015475	1.979611	2.000000	0.010133	0.398687	5.000000	0.011173	3.023143	6.000000	57.682476	0.528417	6.000000	24.507891	1.796155	2.000000	0.050206	1.098253	5.000000	0.017154	0.851577	3.000000	0.307657	1.018743	4.000000	0.142892	32.158698	6.000000	0.019868	24.311269	6.000000	16.523847
6	1	48.523533	34.570266	96.551259	86.337195	67.288770	60.507184	96.037909	29.017242	0.527049	0.380145	0.862605	0.688232	0.513278	0.104065	0.394344	0.681758	16.640886	3.000000	75.846656	4.510415	3.000000	0.084456	4.219291	1.000000	0.074981	2.330179	1.000000	0.017555	0.488140	2.000000	0.013947	0.948276	2.000000	0.014402	0.699647	4.000000	0.013310	2.601812	5.000000	25.130328	0.240430	5.000000	71.650719	4.850624	1.000000	0.021474	1.136304	4.000000	0.011972	0.368793	4.000000	0.011755	0.773971	6.000000	0.041228	103.899527	3.000000	0.011350	108.135862	3.000000	75.045591
7	2	14.807426	84.336428	96.822738	86.216682	37.949965	68.850230	28.710691	70.491256	0.469493	0.462274	0.224745	0.785786	0.288632	0.201929	0.991109	0.713738	52.245245	3.000000	39.762231	0.458296	4.000000	0.016374	0.183550	1.000000	0.048073	0.906700	4.000000	0.029862	1.325417	6.000000	0.035782	3.275858	4.000000	0.014812	0.495346	4.000000	0.099336	2.872897	6.000000	4.665338	1.151986	3.000000	58.518368	8.873537	2.000000	0.015826	1.220900	2.000000	0.029570	0.402233	3.000000	0.040922	0.554176	2.000000	0.015782	185.087942	3.000000	0.025935	97.816967	3.000000	18.972113
8	1	48.601285	48.941614	38.016794	70.522806	83.495712	47.037586	35.671881	25.175113	0.124590	0.419951	0.807953	0.434550	0.430922	0.534854	0.889935	0.155060	53.136658	3.000000	79.787049	4.166997	1.000000	0.025631	3.133224	3.000000	0.018340	3.574400	6.000000	0.018539	0.053572	1.000000	0.163322	0.844346	1.000000	0.013724	1.019829	1.000000	0.012424	3.083314	1.000000	2.311956	0.335895	4.000000	19.965060	5.324755	4.000000	0.101991	0.828149	5.000000	0.017559	1.553836	6.000000	0.014430	0.257676	5.000000	0.010261	181.925980	3.000000	0.192469	55.210040	5.000000	10.642572
9	1	84.691213	97.267893	22.725541	19.101182	58.277489	67.726571	8.430341	36.376864	0.586551	0.421885	0.381688	0.694785	0.854227	0.413825	0.432345	0.414572	103.628616	5.000000	7.839467	0.122981	5.000000	0.010990	6.668754	3.000000	0.023088	4.185270	1.000000	0.012141	0.791886	1.000000	0.016703	4.386478	6.000000	0.014620	1.364058	4.000000	0.016017	2.386267	1.000000	51.575936	0.070594	1.000000	13.954937	11.935531	1.000000	0.013334	0.638641	5.000000	0.075829	1.166895	3.000000	0.024937	0.866361	1.000000	0.012622	171.775604	5.000000	0.013049	27.732832	3.000000	38.050513
10	1	78.918672	3.110856	66.961165	87.335737	37.616027	67.153765	28.588267	23.995014	0.405770	0.331069	0.645636	0.452190	0.897131	0.123563	0.593641	0.318549	143.609785	6.000000	12.209103	0.086060	2.000000	0.288701	10.736014	4.000000	0.031669	4.773414	6.000000	0.016552	1.255011	3.000000	0.012966	0.067591	3.000000	0.028199	1.622134	2.000000	0.013052	4.748548	5.000000	91.454368	1.604531	3.000000	11.324778	3.789052	1.000000	0.020555	0.297429	5.000000	0.010115	0.953214	3.000000	0.020697	0.928540	4.000000	0.038563	98.651348	5.000000	0.010457	108.744327	4.000000	70.005288
11	1	43.488753	47.794441	75.019929	16.804208	79.898746	41.663788	82.925611	93.390020	0.529103	0.278899	0.764925	0.707095	0.595712	0.205569	0.208220	0.512550	100.059518	5.000000	94.332978	3.580896	2.000000	0.018112	2.668391	1.000000	0.017035	4.073535	1.000000	0.021298	0.030703	5.000000	0.210856	2.049477	3.000000	0.033786	0.614030	6.000000	0.012481	2.417765	3.000000	50.894594	1.155943	1.000000	87.563659	8.818577	6.000000	0.053589	0.281421	2.000000	0.047626	0.455142	6.000000	0.080216	0.884705	6.000000	0.010875	85.442395	5.000000	0.012887	81.022581	6.000000	75.617888
12	2	99.794050	5.882343	52.998331	23.800553	69.565467	99.401573	42.276435	75.826412	0.193273	0.357378	0.956804	0.861663	0.726982	0.730109	0.854704	0.317737	72.482368	1.000000	24.149742	1.279888	5.000000	0.011746	10.579440	3.000000	0.053373	0.285821	1.000000	0.011177	0.306701	6.000000	0.010746	2.445525	3.000000	0.011735	1.631347	4.000000	0.010005	2.218682	2.000000	4.496020	0.027133	5.000000	37.358338	14.048297	3.000000	0.013588	0.433368	3.000000	0.013779	0.617650	3.000000	0.026842	0.981190	1.000000	0.822413	130.126606	6.000000	0.018697	94.901637	6.000000	57.679667
13	1	75.130958	82.244490	25.715315	3.150080	39.595687	57.534935	4.985099	71.701198	0.470328	0.460269	0.338743	0.591666	0.439599	0.565218	0.676202	0.103688	15.211754	1.000000	37.583793	4.686793	5.000000	0.682210	5.847835	5.000000	0.022025	3.347545	6.000000	0.074356	0.156445	6.000000	0.032291	2.427555	1.000000	0.010795	1.115105	6.000000	0.011236	2.951702	1.000000	69.656504	0.219449	3.000000	39.558683	5.467078	5.000000	0.048779	0.777024	1.000000	0.023210	1.263292	5.000000	0.012446	0.515374	1.000000	0.023738	63.041447	4.000000	0.055202	85.520486	4.000000	71.994670
14	1	23.018294	15.728595	47.520502	94.434430	26.764313	87.287636	87.759115	63.449493	0.669961	0.902532	0.253442	0.129402	0.431472	0.877520	0.245225	0.786010	152.036088	4.000000	75.099598	2.932492	6.000000	0.062104	1.035827	6.000000	0.273115	4.159515	6.000000	0.016913	1.335553	3.000000	0.018465	3.555670	2.000000	0.019647	1.658813	3.000000	0.241340	2.965809	5.000000	33.696754	1.443545	6.000000	51.419555	10.097986	6.000000	0.012888	0.805226	5.000000	0.010294	1.267438	5.000000	0.048700	0.905309	5.000000	0.010417	175.404692	3.000000	0.065828	28.283681	3.000000	91.407537
15	1	55.387326	11.851967	60.327478	4.840004	22.823723	49.539830	37.405432	72.920035	0.761887	0.696557	0.631456	0.155005	0.936692	0.577302	0.448630	0.129434	161.869703	4.000000	15.605556	1.857395	2.000000	0.022115	5.643604	5.000000	0.016748	1.624032	2.000000	0.059274	1.497875	2.000000	0.033962	4.148412	4.000000	0.021190	1.276206	3.000000	0.021863	3.901161	6.000000	93.666341	0.269216	3.000000	21.194944	2.671299	5.000000	0.011398	0.116570	4.000000	0.016878	0.096854	6.000000	0.039234	0.890837	3.000000	0.016175	29.323695	5.000000	0.010213	16.187984	5.000000	64.120191
16	1	19.487532	24.891617	46.866835	41.950561	19.372721	92.212561	49.003446	46.494441	0.558935	0.288916	0.149546	0.639266	0.737331	0.632187	0.409059	0.931888	84.219315	1.000000	39.612684	2.139006	5.000000	0.011664	5.019037	3.000000	0.010522	2.102118	2.000000	0.037216	0.858431	1.000000	0.010377	1.206051	5.000000	0.025631	0.327788	1.000000	0.018635	2.886296	2.000000	81.028113	1.152237	5.000000	12.533225	0.619246	4.000000	0.023867	0.317434	2.000000	0.016986	1.573626	2.000000	0.015845	1.194717	6.000000	0.090963	39.184092	5.000000	0.879336	20.899988	6.000000	50.669815
17	3	1.146197	65.389151	58.330763	86.474116	19.921368	48.304748	36.396783	15.994723	0.364329	0.141115	0.556311	0.921982	0.915766	0.524071	0.247875	0.606560	52.821009	3.000000	3.952478	1.189294	3.000000	0.013274	10.538084	3.000000	0.033642	1.991676	6.000000	0.018223	0.385796	3.000000	0.096368	2.703082	6.000000	0.105566	0.256347	3.000000	0.010218	2.281732	4.000000	51.035881	0.460151	4.000000	63.401620	7.388371	2.000000	0.025326	0.934187	6.000000	0.022066	0.584315	2.000000	0.061861	0.424363	2.000000	0.018924	157.775086	5.000000	0.022154	171.959154	2.000000	17.774315
18	3	14.650916	33.375292	94.123326	3.797633	77.846785	77.940870	23.557430	70.138920	0.332906	0.127464	0.325751	0.569173	0.744240	0.862338	0.225135	0.113854	109.529573	4.000000	19.795732	0.302340	1.000000	0.011172	3.591888	2.000000	0.027629	0.584145	4.000000	0.041013	0.371575	1.000000	0.142616	1.745551	2.000000	0.109843	1.295121	1.000000	0.017443	0.708371	3.000000	29.773208	0.992219	1.000000	67.567147	7.201282	5.000000	0.015360	0.268811	5.000000	0.038040	1.245371	5.000000	0.018131	0.157093	4.000000	0.022111	181.258947	4.000000	0.033986	9.906638	4.000000	84.149323
19	2	1.009940	77.857270	14.136528	13.180978	81.362945	36.118917	42.089887	32.068962	0.753346	0.858965	0.920519	0.874122	0.702579	0.281678	0.730843	0.753965	107.380172	3.000000	46.234656	0.855814	4.000000	0.013380	9.942576	6.000000	0.162558	2.304890	1.000000	0.045745	0.247270	5.000000	0.012808	4.008288	5.000000	0.010974	1.217420	1.000000	0.011776	1.230141	2.000000	12.269779	1.039700	4.000000	44.154106	13.212192	1.000000	0.019096	0.898826	3.000000	0.028497	0.745737	5.000000	0.016551	0.485301	1.000000	0.042538	52.477198	3.000000	0.022920	129.328516	3.000000	48.860528
20	2	61.335675	92.766914	41.114383	29.181275	68.400783	19.859774	93.705115	43.905571	0.402621	0.330621	0.660901	0.194321	0.178352	0.855071	0.823434	0.255929	23.468465	6.000000	56.319729	3.926720	4.000000	0.011215	0.916414	5.000000	0.099015	0.705184	4.000000	0.028265	1.072194	6.000000	0.011432	3.245039	3.000000	0.029687	1.320112	6.000000	0.011138	1.677729	6.000000	84.981797	0.872482	4.000000	81.559736	7.728166	4.000000	0.010263	0.016068	1.000000	0.010192	1.461991	3.000000	0.323844	0.660934	2.000000	0.014205	112.534516	4.000000	0.010117	55.251932	2.000000	31.876518
21	2	23.961802	78.449119	90.464025	76.539136	19.306264	8.534277	23.476909	32.526089	0.327676	0.812261	0.105480	0.218066	0.890642	0.209220	0.765131	0.683903	87.858461	4.000000	91.380431	2.860326	6.000000	0.015936	5.941009	4.000000	0.197263	3.502073	3.000000	0.014883	1.185461	2.000000	0.018659	4.744156	4.000000	0.015473	0.652032	5.000000	0.020220	3.605546	6.000000	49.957681	1.135168	5.000000	39.240456	9.604616	3.000000	0.011277	1.166726	3.000000	0.029502	0.462851	6.000000	0.240207	0.753941	2.000000	0.044122	128.040554	5.000000	0.016792	114.527027	6.000000	61.439795
22	2	14.818285	96.013950	42.583665	35.639047	4.857662	23.368527	43.668508	60.725529	0.361963	0.754769	0.763139	0.819756	0.929662	0.936711	0.188971	0.584198	89.956540	4.000000	81.661952	1.233951	1.000000	0.016883	5.995681	3.000000	0.352129	4.096988	1.000000	0.084109	0.577947	5.000000	0.023534	4.342149	1.000000	0.010570	1.240754	4.000000	0.010291	0.750057	1.000000	69.980166	0.899041	2.000000	22.393711	7.301997	2.000000	0.032128	1.078239	6.000000	0.033269	1.317920	5.000000	0.021398	0.594950	6.000000	0.078193	79.500519	2.000000	0.016416	2.292025	6.000000	26.912738
23	1	24.374989	85.620439	38.332971	3.586103	10.242976	71.111496	96.371958	12.141885	0.692388	0.232203	0.656175	0.275698	0.562470	0.349739	0.134916	0.260575	12.762640	4.000000	94.108464	3.568850	6.000000	0.022628	1.489346	1.000000	0.016690	3.056574	1.000000	0.015809	0.080979	5.000000	0.012423	0.706171	2.000000	0.018835	0.035771	2.000000	0.014220	4.356103	1.000000	57.438224	0.103199	5.000000	21.753936	10.415696	1.000000	0.025443	0.214654	5.000000	0.026901	0.224722	3.000000	0.010736	0.122235	6.000000	0.022636	105.976763	5.000000	0.012492	45.625184	1.000000	72.523379
24	1	67.987993	61.765323	46.466843	8.778223	59.014089	3.159239	12.024848	55.795277	0.388748	0.447546	0.541058	0.785538	0.579744	0.986532	0.708263	0.229890	164.901944	4.000000	45.477963	4.285447	3.000000	0.075231	6.418308	2.000000	0.012552	0.252255	4.000000	0.012354	0.689633	2.000000	0.065814	1.641583	1.000000	0.010038	0.172258	1.000000	0.049342	1.897851	2.000000	3.144034	0.571770	6.000000	71.959155	7.828932	5.000000	0.019583	0.626840	1.000000	0.048382	1.391839	1.000000	0.024245	1.205006	3.000000	0.021132	18.613325	4.000000	0.013324	62.317187	1.000000	5.666733
25	2	66.047528	33.594380	62.495578	4.854745	69.181618	98.360801	44.878277	83.038792	0.804303	0.846269	0.980141	0.663652	0.223837	0.452763	0.545537	0.299882	105.673867	1.000000	35.821927	0.716162	5.000000	0.031767	0.993911	5.000000	0.017311	1.576878	5.000000	0.041931	0.154437	5.000000	0.026408	4.717492	5.000000	0.036593	1.468006	1.000000	0.034462	2.300122	6.000000	2.192595	0.892858	6.000000	86.181451	4.073455	3.000000	0.011996	0.194756	3.000000	0.020562	0.510178	3.000000	0.010616	0.558444	5.000000	0.018976	34.854020	3.000000	0.058357	156.905584	4.000000	53.615301
26	2	70.240239	59.193977	64.224883	67.969040	73.869655	70.355125	87.954173	91.396631	0.863450	0.306872	0.976920	0.237922	0.689944	0.321063	0.893578	0.768295	60.504171	4.000000	96.791819	2.001796	2.000000	0.321067	4.984436	3.000000	0.012732	4.062390	3.000000	0.292203	1.510843	6.000000	0.026595	4.280086	6.000000	0.010222	1.042001	4.000000	0.029735	4.359470	6.000000	28.574123	1.173763	5.000000	17.349674	3.053787	2.000000	0.013464	0.384989	2.000000	0.097643	0.612394	1.000000	0.014284	1.116074	1.000000	0.029663	23.490354	6.000000	0.020642	87.863725	6.000000	70.780312
27	2	15.355466	39.067351	98.979368	15.388073	61.453798	54.554034	48.564696	36.050107	0.306563	0.446087	0.761579	0.746878	0.189184	0.675529	0.676060	0.989465	115.816289	2.000000	28.647839	1.895923	5.000000	0.024670	10.344713	6.000000	0.011931	2.560002	3.000000	0.011994	0.830773	2.000000	0.047653	2.148696	3.000000	0.014485	0.196231	2.000000	0.014405	3.851650	5.000000	50.476729	1.565617	6.000000	55.730362	12.825126	3.000000	0.015446	1.207037	1.000000	0.232349	0.691585	3.000000	0.017063	0.916131	1.000000	0.047006	17.101666	2.000000	0.027043	102.729605	6.000000	77.345392
28	1	63.057019	5.449788	70.616690	92.372241	61.804923	70.855253	26.739907	27.274970	0.880900	0.275336	0.753241	0.580174	0.595985	0.679101	0.260685	0.990457	130.843024	6.000000	61.550611	2.530026	6.000000	0.020045	11.416900	4.000000	0.014480	4.823888	2.000000	0.016889	0.428008	5.000000	0.015037	3.959370	6.000000	0.040924	0.782986	2.000000	0.012816	4.140351	3.000000	3.847666	0.299546	1.000000	77.752921	1.543991	2.000000	0.010872	0.086776	1.000000	0.025544	1.228732	4.000000	0.250842	0.765933	6.000000	0.015718	71.807880	2.000000	0.011299	19.983264	4.000000	88.056837
29	2	27.733511	9.583526	72.080016	76.606414	49.374363	13.344352	96.715829	72.205860	0.576271	0.261209	0.703763	0.679193	0.256167	0.620874	0.840867	0.675236	121.075525	2.000000	38.625457	3.504034	2.000000	0.027006	10.738426	4.000000	0.021875	4.774801	3.000000	0.022984	0.935560	6.000000	0.023592	2.068057	3.000000	0.011965	1.081315	3.000000	0.010061	2.677844	1.000000	4.050887	1.023246	5.000000	32.458707	6.477534	4.000000	0.022085	0.856302	1.000000	0.064864	0.935348	2.000000	0.027192	1.020487	1.000000	0.018542	55.871000	6.000000	0.046873	32.548971	5.000000	68.428448
30	3	29.662036	40.429347	97.521808	83.552552	51.540045	87.638095	29.171914	23.843532	0.459322	0.427269	0.571239	0.715121	0.739926	0.817671	0.500489	0.492436	49.759532	6.000000	73.477690	0.248234	1.000000	0.013302	0.584211	4.000000	0.012071	1.527001	4.000000	0.021510	1.019693	4.000000	0.014999	0.160313	3.000000	0.043081	1.364453	2.000000	0.010226	4.527744	2.000000	87.806671	0.143373	5.000000	20.921889	14.103410	3.000000	0.012710	1.151669	5.000000	0.023037	1.337429	4.000000	0.020110	0.244014	1.000000	0.039454	13.341082	5.000000	0.010112	23.963330	2.000000	68.072975
31	1	27.223845	89.176692	94.320454	4.411966	61.623133	96.251020	53.963929	65.091041	0.600317	0.609403	0.427197	0.309686	0.281771	0.345451	0.316664	0.584791	111.979987	3.000000	94.478262	0.897183	3.000000	0.113975	7.182734	5.000000	0.034545	3.718250	6.000000	0.017609	0.346363	3.000000	0.184256	3.127452	5.000000	0.015710	1.129380	1.000000	0.023305	4.105477	6.000000	53.434382	1.486487	1.000000	85.718772	11.440471	4.000000	0.068565	0.382422	2.000000	0.014671	1.563046	1.000000	0.028237	0.107074	4.000000	0.015545	117.359268	2.000000	0.030813	53.597578	6.000000	8.690517
32	1	27.962709	70.349725	6.164663	41.651215	41.827283	99.381236	80.453960	41.205355	0.543352	0.385024	0.103246	0.982815	0.554816	0.845937	0.433552	0.788737	153.149971	1.000000	84.445119	0.358970	5.000000	0.010435	10.941470	6.000000	0.013080	0.975297	1.000000	0.019339	0.326986	5.000000	0.022980	1.861852	3.000000	0.012152	0.817556	1.000000	0.023573	2.919355	4.000000	23.921913	0.444155	1.000000	53.410111	6.906117	5.000000	0.107276	1.244075	6.000000	0.014591	0.038229	6.000000	0.015656	0.874314	4.000000	0.037917	41.574892	1.000000	0.016625	77.084437	6.000000	70.280081
33	1	61.496781	9.181100	67.126904	4.179285	52.420196	48.982162	47.806154	25.086932	0.996338	0.259790	0.611947	0.387233	0.334521	0.192195	0.629774	0.559972	48.711608	1.000000	52.115339	0.959744	6.000000	0.023636	12.577793	2.000000	0.047157	3.510038	1.000000	0.075190	0.922430	4.000000	0.030694	4.620370	3.000000	0.016843	1.502202	5.000000	0.072634	1.842200	6.000000	82.208219	1.241360	4.000000	53.193821	14.703625	1.000000	0.017034	0.165415	5.000000	0.012734	1.220511	2.000000	0.015572	0.137740	5.000000	0.016152	125.107308	4.000000	0.023316	4.815062	1.000000	25.836621
34	2	51.422829	77.349573	51.653842	51.752268	85.559682	46.951004	89.891549	36.226401	0.250501	0.259921	0.384892	0.376408	0.224690	0.516065	0.560782	0.517142	92.035173	1.000000	75.277307	1.919190	3.000000	0.092643	1.764845	3.000000	0.029724	0.474904	2.000000	0.015971	0.440615	2.000000	0.015781	3.190388	6.000000	0.016073	0.408000	1.000000	0.016529	3.605044	2.000000	31.769274	0.493320	6.000000	73.196137	3.879909	2.000000	0.013326	0.086636	3.000000	0.028038	0.997607	3.000000	0.012164	0.647341	6.000000	0.096324	58.281634	2.000000	0.017264	117.658379	1.000000	56.087445
35	1	29.980942	44.097246	26.965560	86.180119	96.828046	87.042966	7.512282	67.763894	0.258168	0.787047	0.702247	0.640388	0.565926	0.371599	0.868368	0.954784	84.543514	6.000000	93.691634	2.501879	5.000000	0.011336	8.191531	3.000000	0.016781	2.310618	3.000000	0.014300	1.658321	4.000000	0.024911	0.388955	6.000000	0.010357	0.543256	1.000000	0.011350	0.666555	4.000000	42.265236	0.347134	5.000000	44.530779	14.257823	5.000000	0.047193	0.496038	3.000000	0.104008	1.019634	1.000000	0.021518	0.017249	4.000000	0.466671	147.784522	5.000000	0.013250	115.561678	2.000000	77.725145
36	1	65.275367	31.379094	36.322576	26.707902	55.400071	7.511482	25.421432	8.838354	0.639435	0.884420	0.791658	0.367462	0.320043	0.484326	0.239115	0.364697	3.123665	1.000000	54.655829	3.148691	1.000000	0.025497	6.187001	1.000000	0.026589	2.659884	4.000000	0.654426	0.921896	6.000000	0.017271	4.172600	5.000000	0.014798	0.956709	6.000000	0.030655	4.722437	2.000000	18.775707	0.281459	2.000000	39.753440	13.247591	4.000000	0.018995	0.745263	6.000000	0.077519	0.691438	3.000000	0.051120	0.186957	4.000000	0.054180	92.355075	6.000000	0.029926	108.888699	1.000000	48.607856
37	1	22.948151	93.061354	39.201350	61.725335	64.669571	19.092119	28.723584	67.099170	0.233251	0.913399	0.821043	0.390114	0.678097	0.401988	0.201889	0.983639	47.770401	3.000000	95.212191	1.257113	1.000000	0.052090	11.049059	3.000000	0.010643	3.621913	1.000000	0.012843	0.043148	5.000000	0.016080	0.611922	3.000000	0.012373	1.298654	5.000000	0.015920	4.605986	1.000000	15.690593	0.963473	1.000000	44.714585	6.393843	5.000000	0.011411	0.498182	3.000000	0.038154	1.520576	3.000000	0.011242	0.292250	6.000000	0.010096	91.802390	1.000000	0.039840	175.017575	2.000000	93.706693
38	1	3.455180	16.701271	56.513066	49.047367	5.346661	4.016694	30.292789	25.495507	0.748669	0.765041	0.586047	0.554504	0.812626	0.647048	0.672621	0.840680	80.935663	3.000000	29.404377	3.109823	2.000000	0.011133	10.263325	3.000000	0.011084	0.147843	2.000000	0.012893	1.392790	5.000000	0.215766	0.191489	5.000000	0.020901	0.402262	2.000000	0.020501	4.078739	6.000000	90.605988	0.957918	1.000000	33.651402	6.424195	2.000000	0.026644	0.359180	4.000000	0.016758	0.019189	3.000000	0.076422	0.480136	2.000000	0.015203	121.040983	2.000000	0.045732	164.158274	3.000000	82.930816
39	2	69.907372	35.009935	72.440309	39.892910	41.549170	99.918403	86.075198	78.324765	0.138238	0.562454	0.931216	0.402141	0.185076	0.525748	0.544254	0.924172	17.300296	5.000000	57.651761	1.753180	1.000000	0.010345	8.704362	3.000000	0.012053	3.477073	1.000000	0.051803	1.583132	6.000000	0.479778	0.419807	1.000000	0.028002	1.631504	5.000000	0.371235	4.193082	1.000000	27.699699	0.782432	6.000000	87.540679	13.493312	2.000000	0.010595	0.349412	1.000000	0.041848	0.667924	1.000000	0.012108	0.859280	6.000000	0.010126	60.346053	1.000000	0.013746	173.229052	5.000000	14.902437
40	2	7.642940	3.694946	90.279282	74.627628	72.963077	1.172572	68.292705	69.326198	0.780152	0.153979	0.135383	0.306980	0.237508	0.304540	0.414218	0.642318	143.655746	6.000000	4.527441	4.472539	6.000000	0.020526	4.354622	1.000000	0.017274	1.306825	3.000000	0.010746	0.053692	5.000000	0.012096	4.046340	3.000000	0.023351	1.601362	6.000000	0.241237	4.525475	3.000000	46.584998	1.563192	3.000000	40.042778	13.315306	3.000000	0.028652	0.748411	6.000000	0.011633	1.327167	2.000000	0.061642	0.336342	5.000000	0.021969	135.087886	4.000000	0.013143	108.636297	2.000000	1.882371
41	2	20.606929	60.306076	87.678412	61.096003	36.423270	16.033630	81.361498	98.225156	0.476729	0.863879	0.374845	0.862394	0.683629	0.929355	0.778152	0.641757	9.602702	1.000000	52.298840	2.584690	5.000000	0.047824	4.430010	3.000000	0.012498	4.501595	2.000000	0.014213	0.023345	1.000000	0.045848	0.699978	1.000000	0.015923	0.519743	5.000000	0.139461	0.134074	6.000000	10.790958	0.675699	2.000000	15.329042	5.952872	3.000000	0.055890	0.111239	2.000000	0.057893	0.815801	1.000000	0.016160	0.212709	1.000000	0.259956	110.352034	5.000000	0.010645	166.013759	2.000000	78.378831
42	3	80.989707	83.841220	29.488200	96.771698	50.497199	51.576946	16.767382	10.278474	0.802208	0.613023	0.459186	0.182532	0.163710	0.737471	0.207527	0.791311	58.750396	1.000000	62.443719	4.445014	3.000000	0.051646	8.267700	6.000000	0.026795	2.615928	3.000000	0.014927	0.277399	1.000000	0.011239	3.706366	1.000000	0.071107	0.624090	4.000000	0.011265	0.200914	2.000000	72.782635	0.923758	3.000000	41.292138	3.476928	5.000000	0.042155	1.030382	5.000000	0.033607	0.060154	6.000000	0.010307	0.653905	1.000000	0.010536	67.557413	3.000000	0.018937	26.571929	1.000000	62.846446
43	2	58.394306	96.502830	14.200337	80.472551	84.758130	39.953045	96.370381	78.324155	0.578314	0.131777	0.438007	0.304971	0.589131	0.518941	0.574808	0.719739	6.551119	3.000000	2.853496	2.226210	6.000000	0.104879	9.863668	5.000000	0.032652	1.159754	5.000000	0.223868	0.865599	3.000000	0.017882	2.322814	6.000000	0.702952	1.553669	6.000000	0.023459	4.220473	1.000000	35.240962	0.622547	4.000000	3.917072	8.827236	6.000000	0.016478	0.590479	4.000000	0.010538	1.459961	1.000000	0.022340	0.500957	6.000000	0.011359	157.083821	2.000000	0.013630	31.446161	5.000000	68.767476
44	1	11.631318	51.656191	40.154285	26.531585	81.916905	50.830807	78.969320	66.371391	0.581059	0.555183	0.302092	0.303403	0.405252	0.345928	0.939559	0.309401	125.355707	5.000000	99.699149	1.549160	2.000000	0.320753	1.052655	2.000000	0.054247	0.775920	3.000000	0.043479	1.093989	3.000000	0.017293	0.973543	2.000000	0.027442	0.999623	6.000000	0.013669	3.080354	6.000000	95.824292	0.245682	1.000000	79.842827	12.207096	1.000000	0.010212	0.198963	3.000000	0.025205	1.139005	1.000000	0.010851	0.614698	5.000000	0.029514	17.293312	1.000000	0.011815	71.378625	6.000000	90.595006
45	2	51.203828	88.806997	35.464608	68.202195	58.395341	60.219725	97.992364	57.572665	0.532368	0.958163	0.106183	0.352663	0.564916	0.943838	0.405950	0.142855	110.483018	5.000000	16.582046	1.074296	6.000000	0.010285	4.301688	1.000000	0.043210	0.373335	3.000000	0.019002	0.932201	5.000000	0.091818	4.528714	5.000000	0.016917	1.581167	1.000000	0.010505	1.294909	4.000000	80.059349	0.162067	3.000000	5.478009	2.274422	3.000000	0.010628	0.252786	3.000000	0.015515	1.358226	2.000000	0.012172	0.092258	1.000000	0.047309	31.483640	3.000000	0.013841	34.038758	3.000000	26.376334
46	1	2.699224	70.549987	15.169507	96.301894	6.001294	27.449397	48.103851	99.049137	0.193125	0.808670	0.223530	0.106956	0.324760	0.268303	0.805905	0.902007	73.289356	6.000000	41.946980	3.934422	5.000000	0.015637	13.526099	3.000000	0.017535	3.250499	3.000000	0.097854	1.020724	6.000000	0.031896	2.310369	5.000000	0.012964	0.768301	5.000000	0.041953	2.195410	5.000000	91.812956	1.419651	5.000000	20.406549	2.013268	3.000000	0.255126	0.087671	4.000000	0.016661	1.402687	2.000000	0.010993	1.002251	5.000000	0.019166	77.015996	6.000000	0.014670	119.165532	4.000000	30.788332
47	2	26.209273	35.567536	68.667948	22.044616	71.333059	93.913411	34.385254	76.414516	0.398856	0.710295	0.108032	0.450196	0.425439	0.509297	0.262087	0.701556	38.639700	6.000000	13.329813	1.578692	4.000000	0.010546	4.855214	1.000000	0.026211	3.849733	6.000000	0.012462	0.234569	2.000000	0.031721	1.530168	6.000000	0.017173	1.622388	1.000000	0.011982	0.574171	6.000000	63.256896	1.303084	3.000000	40.747704	7.708175	3.000000	0.027388	0.066650	4.000000	0.015126	1.502082	2.000000	0.011092	0.441038	3.000000	0.320884	19.245287	3.000000	0.030335	64.405776	3.000000	34.163028
48	2	74.649917	88.345993	86.272589	50.627417	79.123440	69.063681	55.932729	82.389648	0.636951	0.151066	0.568806	0.792303	0.618065	0.768947	0.186682	0.494513	45.633279	4.000000	37.503152	3.387841	6.000000	0.011684	2.001473	3.000000	0.011542	0.997409	2.000000	0.020374	0.393629	2.000000	0.016929	1.451309	1.000000	0.019899	0.935957	6.000000	0.020446	2.920037	4.000000	12.471226	1.231381	1.000000	19.727512	0.448161	6.000000	0.016209	1.240585	3.000000	0.034327	1.566305	4.000000	0.028815	0.795814	6.000000	0.016381	69.360220	3.000000	0.048706	43.617258	2.000000	21.580021
49	1	91.244313	10.592933	37.150411	75.624575	40.859369	30.709970	60.719223	32.967710	0.665882	0.303800	0.275251	0.484447	0.236418	0.322866	0.983568	0.269255	28.368291	4.000000	3.854870	4.332960	1.000000	0.010344	0.613450	3.000000	0.016020	2.701428	2.000000	0.010443	0.495492	1.000000	0.175390	4.149967	6.000000	0.021751	0.899141	6.000000	0.012211	3.815338	5.000000	52.436364	0.665635	1.000000	66.420341	13.640283	2.000000	0.022037	0.592992	5.000000	0.072098	1.574812	4.000000	0.012065	0.753063	1.000000	0.033189	54.056965	3.000000	0.030956	78.830894	2.000000	77.107072
50	2	26.343269	53.903197	31.457143	92.412882	14.511607	71.962970	15.105824	20.193336	0.895834	0.964754	0.259006	0.106372	0.348871	0.670030	0.783398	0.497053	81.155938	1.000000	80.425876	2.883964	5.000000	0.063822	10.307833	5.000000	0.022131	0.325539	2.000000	0.027593	0.709960	4.000000	0.017785	1.740255	5.000000	0.020419	0.838301	2.000000	0.015612	1.625115	4.000000	54.210306	0.534513	1.000000	13.322210	13.007043	5.000000	0.044924	0.135858	5.000000	0.013268	1.008865	5.000000	0.411690	1.052279	6.000000	0.020798	149.727511	5.000000	0.123182	154.036691	6.000000	57.836560
51	2	24.059255	14.193090	99.361416	11.036484	80.663336	43.214100	48.045886	66.493555	0.483080	0.600144	0.927297	0.404029	0.750907	0.502160	0.344149	0.176074	157.873762	2.000000	43.102538	3.781523	5.000000	0.012665	12.072488	6.000000	0.013527	0.480233	1.000000	0.023123	1.005595	4.000000	0.021747	2.293366	3.000000	0.045813	0.564486	1.000000	0.029765	1.271083	3.000000	75.161868	1.503699	3.000000	80.962045	5.585653	1.000000	0.017454	1.039526	1.000000	0.014484	0.673680	3.000000	0.011546	0.591758	2.000000	0.040930	146.900097	3.000000	0.036808	151.168310	3.000000	31.888842
52	1	92.270388	85.266342	54.017808	5.868538	95.768907	68.596097	82.100022	93.435895	0.119315	0.526046	0.248837	0.983097	0.957850	0.451086	0.387617	0.909950	22.111071	6.000000	74.935842	0.629769	2.000000	0.176982	4.441278	1.000000	0.010585	3.333185	2.000000	0.019572	1.133484	5.000000	0.011802	0.230144	6.000000	0.013111	1.451001	3.000000	0.029677	3.261654	3.000000	50.158229	1.433184	1.000000	94.621668	13.838188	3.000000	0.012548	0.622867	2.000000	0.017877	1.628555	3.000000	0.055290	0.790430	6.000000	0.072126	120.984438	1.000000	0.028170	124.553155	6.000000	97.611999
53	2	44.493890	78.829892	9.959621	85.375094	96.770159	21.064433	30.680226	64.942463	0.752413	0.563302	0.116816	0.607280	0.388184	0.573195	0.874784	0.454410	2.478379	2.000000	41.716050	4.696935	5.000000	0.083964	6.919153	6.000000	0.010004	4.333082	2.000000	0.060979	1.316500	4.000000	0.022262	3.029714	5.000000	0.012258	0.601433	1.000000	0.021669	0.597450	1.000000	75.517599	0.380371	5.000000	51.055512	12.490272	2.000000	0.062132	0.228637	6.000000	0.010235	0.511693	4.000000	0.035873	0.213550	4.000000	0.033702	24.226888	6.000000	0.010128	112.633065	6.000000	5.695309
54	1	8.101086	95.235101	34.837989	21.509446	39.308670	94.775531	94.227732	63.284386	0.494739	0.541891	0.237579	0.313245	0.461294	0.231633	0.435030	0.310671	5.938785	2.000000	80.681662	0.262683	2.000000	0.304516	11.779956	5.000000	0.073225	2.731737	5.000000	0.014714	0.030123	3.000000	0.026064	1.132569	3.000000	0.012021	0.798302	5.000000	0.010511	0.930498	6.000000	36.514872	1.572699	2.000000	58.382969	1.885143	1.000000	0.018235	1.188491	4.000000	0.014530	0.549475	4.000000	0.012578	0.403152	1.000000	0.024324	11.078187	3.000000	0.016797	158.292043	5.000000	76.269907
55	1	49.637791	74.521976	46.463186	83.578977	64.674351	55.488153	27.846418	90.591296	0.882230	0.177775	0.328851	0.346111	0.424784	0.409345	0.421511	0.406083	52.737895	6.000000	63.075293	4.069201	6.000000	0.045621	4.844117	1.000000	0.010558	3.938111	2.000000	0.016935	0.369034	2.000000	0.014636	4.442715	6.000000	0.024556	0.190612	6.000000	0.014929	1.231775	4.000000	63.096680	0.132523	4.000000	21.609172	5.608920	1.000000	0.012428	1.238532	2.000000	0.020514	0.090791	3.000000	0.023558	1.068463	4.000000	0.024460	13.278083	4.000000	0.010683	160.620794	2.000000	18.097931
56	1	20.894193	97.531467	9.515987	30.319005	60.651296	33.270661	51.211867	72.642800	0.275005	0.964253	0.649995	0.254464	0.419046	0.417396	0.151842	0.262061	171.884289	5.000000	80.844823	1.581596	6.000000	0.038851	0.515447	5.000000	0.010986	2.559284	6.000000	0.023665	0.836551	6.000000	0.017966	1.519809	1.000000	0.050462	1.656974	2.000000	0.026892	4.066557	6.000000	41.365782	0.950574	6.000000	81.506580	9.135411	3.000000	0.010073	0.594724	5.000000	0.026916	0.896588	3.000000	0.043672	1.217915	6.000000	0.019690	88.375558	4.000000	0.033110	50.441406	2.000000	49.202376
57	2	24.455328	63.194354	24.581115	26.483269	41.146828	17.437766	43.114851	16.055071	0.166541	0.987146	0.108808	0.221469	0.830676	0.429393	0.282839	0.815296	23.584461	5.000000	98.864609	4.204207	6.000000	0.041707	10.910929	1.000000	0.052183	0.342138	1.000000	0.029000	0.964838	4.000000	0.014743	3.193926	4.000000	0.014552	0.888758	3.000000	0.023716	2.235532	3.000000	84.523831	0.642674	6.000000	51.101079	2.929653	1.000000	0.013085	0.035665	3.000000	0.021452	0.360193	5.000000	0.023218	0.412950	2.000000	0.010521	50.982551	6.000000	0.023579	158.506106	4.000000	14.926954
58	2	15.202095	10.255815	45.559698	67.948286	91.624992	62.061378	59.876819	42.419226	0.829598	0.598546	0.267791	0.546605	0.707115	0.863425	0.322836	0.345648	157.652651	2.000000	10.024755	4.460375	5.000000	0.024135	4.370359	4.000000	0.017827	1.242590	4.000000	0.011985	1.199537	1.000000	0.092848	1.899105	2.000000	0.028344	0.972437	5.000000	0.017814	4.692549	6.000000	14.890681	1.242480	3.000000	49.754455	12.474383	3.000000	0.012463	0.852000	4.000000	0.018572	1.036105	3.000000	0.020273	0.961710	3.000000	0.050992	153.239892	6.000000	0.052035	23.835623	2.000000	21.979108
59	2	40.555212	26.993594	89.750424	22.674351	94.632493	70.197823	5.160342	67.872641	0.975468	0.496664	0.427089	0.453545	0.115215	0.802217	0.691102	0.297051	93.725931	1.000000	9.805777	2.350012	3.000000	0.013032	6.030989	2.000000	0.015776	2.417431	2.000000	0.013828	0.425057	5.000000	0.043730	3.046774	6.000000	0.037215	0.139249	1.000000	0.012544	1.610411	4.000000	82.938656	0.123032	2.000000	12.080345	5.059011	4.000000	0.049271	0.147798	6.000000	0.040648	0.372043	6.000000	0.010194	0.159738	4.000000	0.012521	57.874372	1.000000	0.074553	107.212985	4.000000	34.406046
60	2	70.471485	69.921253	18.505546	19.360762	6.847760	51.042530	7.543389	51.707281	0.521086	0.915589	0.940655	0.106405	0.405193	0.658223	0.820649	0.379728	173.597044	3.000000	76.159386	4.582747	6.000000	0.017843	10.406128	6.000000	0.136330	2.915020	4.000000	0.012924	0.848484	5.000000	0.037355	3.873447	6.000000	0.024231	1.519610	6.000000	0.010023	4.704068	3.000000	41.796656	1.060512	2.000000	49.281628	2.634971	2.000000	0.016205	0.306711	1.000000	0.020441	0.940778	2.000000	0.035402	0.067762	1.000000	0.014193	43.457961	5.000000	0.014761	91.723651	2.000000	15.541647
61	2	70.147280	51.924223	33.363194	94.819763	92.944760	74.220558	49.547088	90.725735	0.952251	0.132142	0.701539	0.553027	0.650683	0.453190	0.229889	0.337717	85.092523	2.000000	61.818945	1.722423	1.000000	0.038992	5.893775	2.000000	0.105141	3.841309	2.000000	0.036488	1.203130	3.000000	0.010368	2.154215	5.000000	0.069596	0.661382	1.000000	0.013843	3.231435	1.000000	35.256552	0.534129	3.000000	43.464200	6.731533	5.000000	0.016871	0.689316	5.000000	0.015545	0.173056	3.000000	0.035274	0.491787	1.000000	0.065349	35.887428	1.000000	0.010050	29.448828	6.000000	31.699049
62	1	78.347472	28.093587	75.420604	65.563192	8.619630	21.827609	22.371282	52.278207	0.381635	0.561312	0.517983	0.139687	0.475539	0.852407	0.231496	0.303172	96.769072	6.000000	98.770411	0.974741	5.000000	0.010986	8.307071	6.000000	0.025979	4.121865	3.000000	0.022660	0.324709	2.000000	0.010226	4.506011	4.000000	0.012446	0.219076	6.000000	0.013222	4.671905	4.000000	16.622795	0.728253	3.000000	6.885161	14.046105	5.000000	0.010666	1.121718	2.000000	0.011574	1.665398	5.000000	0.020246	1.251670	2.000000	0.018264	141.771981	6.000000	0.014846	8.425862	2.000000	75.178351
63	2	38.231201	80.409437	10.208894	78.719289	50.049110	33.033525	7.410844	35.863152	0.620025	0.790217	0.703569	0.291987	0.894141	0.100102	0.606889	0.471729	62.096714	4.000000	27.298211	4.690728	3.000000	0.014326	3.881279	5.000000	0.067903	1.807637	3.000000	0.011467	0.963495	6.000000	0.027751	3.260109	4.000000	0.032534	0.961233	6.000000	0.016468	0.509676	6.000000	6.233947	1.566639	2.000000	87.805170	3.221043	2.000000	0.052807	1.033820	3.000000	0.087493	0.494631	4.000000	0.019446	1.195742	1.000000	0.030069	103.801480	3.000000	0.011830	9.766942	5.000000	75.720481
64	3	97.065634	27.712935	19.619311	51.654302	31.811151	48.913457	34.470596	33.791447	0.781999	0.888042	0.136627	0.510474	0.718128	0.258354	0.340068	0.192930	120.746321	4.000000	99.360508	1.580532	3.000000	0.120276	9.836690	5.000000	0.021154	1.776446	1.000000	0.022430	0.457548	2.000000	0.015812	1.983034	3.000000	0.020889	0.364145	3.000000	0.012963	0.222404	2.000000	50.086256	0.198324	5.000000	82.819829	9.237420	4.000000	0.018424	0.589630	4.000000	0.025036	1.120694	6.000000	0.010194	1.020777	3.000000	0.183448	169.547814	4.000000	0.020767	14.619845	2.000000	96.861912
65	1	41.576388	14.571654	19.529349	70.605519	65.994350	2.509493	11.513702	80.252922	0.520299	0.294397	0.700629	0.328703	0.321733	0.768497	0.183610	0.683470	117.082771	6.000000	58.471113	2.301081	5.000000	0.021300	9.140778	1.000000	0.018563	1.412323	1.000000	0.049284	0.038550	1.000000	0.103886	1.857854	5.000000	0.019653	1.205858	4.000000	0.013773	1.600090	6.000000	43.535062	0.136325	1.000000	36.685658	8.361282	2.000000	0.163789	0.361686	6.000000	0.013247	0.896028	1.000000	0.108756	0.739206	3.000000	0.026107	61.393384	5.000000	0.016563	79.743582	2.000000	42.925153
66	1	85.858364	43.593876	14.164066	28.809139	11.779952	62.908318	45.887451	13.824863	0.573631	0.554211	0.688015	0.545532	0.136538	0.508238	0.325434	0.869720	93.214341	5.000000	1.303208	3.432493	6.000000	0.032660	9.463317	2.000000	0.025370	3.296922	6.000000	0.011710	1.494104	6.000000	0.033051	2.086958	4.000000	0.039076	0.328544	4.000000	0.043217	3.009225	2.000000	93.005825	0.441841	3.000000	50.574142	10.758978	4.000000	0.014869	0.699587	3.000000	0.013954	1.382793	4.000000	0.013222	1.202243	1.000000	0.016592	30.287502	6.000000	0.011821	110.324656	1.000000	94.706052
67	2	48.684030	47.562342	69.228702	64.508327	92.712747	80.649390	94.633434	74.595487	0.504079	0.408043	0.990375	0.867182	0.907694	0.830739	0.448526	0.525103	145.240980	6.000000	87.987082	3.553886	6.000000	0.041167	6.654853	2.000000	0.017476	4.396867	1.000000	0.019570	1.085319	4.000000	0.030673	4.170723	6.000000	0.016509	1.392665	4.000000	0.055024	1.882526	2.000000	79.750426	1.482776	4.000000	86.567458	10.108681	1.000000	0.019238	0.249622	6.000000	0.050506	1.269108	4.000000	0.012706	0.016477	4.000000	0.049411	134.745586	2.000000	0.010883	94.091192	2.000000	8.087727
68	2	25.883730	36.712689	78.976541	78.593755	72.992117	39.956431	82.386878	62.949435	0.859206	0.106691	0.313771	0.124873	0.818904	0.354728	0.595483	0.646889	80.132943	6.000000	25.714006	2.796793	6.000000	0.018470	6.556234	2.000000	0.023545	4.012084	4.000000	0.258326	0.716928	4.000000	0.037687	0.268241	1.000000	0.010078	1.597952	1.000000	0.087886	2.813262	6.000000	91.839044	0.433935	5.000000	80.606888	14.633732	1.000000	0.015780	0.472020	6.000000	0.106933	0.681280	3.000000	0.010910	0.986999	3.000000	0.691168	135.520614	6.000000	0.010795	105.737875	6.000000	68.450746
69	2	96.302556	92.772833	24.087739	72.355886	85.808084	92.029302	87.883020	8.674175	0.678181	0.122703	0.295676	0.942302	0.983709	0.177947	0.413980	0.163287	8.276723	2.000000	4.906002	1.608798	6.000000	0.095386	5.635389	5.000000	0.011688	1.112943	1.000000	0.013672	0.696957	1.000000	0.048764	3.178054	2.000000	0.021141	1.512577	5.000000	0.013640	1.738430	1.000000	28.830594	1.032733	4.000000	85.340525	2.100191	3.000000	0.015280	1.110052	1.000000	0.011195	0.617344	2.000000	0.011834	1.014574	1.000000	0.036865	42.302366	6.000000	0.011978	70.331502	2.000000	18.662109
70	1	65.705720	31.377264	66.877498	99.786818	35.540949	48.302870	82.222149	3.762030	0.424337	0.226354	0.268823	0.228440	0.729173	0.186621	0.913250	0.639758	53.895837	6.000000	49.359893	0.811486	5.000000	0.011450	2.164060	5.000000	0.011681	2.697689	5.000000	0.078472	0.564388	6.000000	0.016805	2.708856	4.000000	0.013484	0.376581	3.000000	0.034879	0.813652	4.000000	21.230199	0.287869	4.000000	29.017687	14.745673	6.000000	0.039232	0.176864	3.000000	0.039598	0.054456	2.000000	0.072546	1.062301	3.000000	0.019579	71.588896	3.000000	0.042676	8.334295	5.000000	93.374983
71	1	6.971901	31.239518	56.634342	54.915050	6.564445	22.242585	96.111304	5.675322	0.959606	0.418860	0.988639	0.748392	0.708918	0.527768	0.406044	0.141187	171.807014	6.000000	88.342754	0.062086	3.000000	0.012191	6.302110	3.000000	0.013495	1.237463	6.000000	0.011289	0.390218	6.000000	0.011536	3.298218	5.000000	0.150436	1.077759	3.000000	0.013765	0.747535	4.000000	21.205056	0.082800	1.000000	48.583382	14.303189	4.000000	0.057815	0.444513	4.000000	0.011033	0.716692	1.000000	0.023151	1.211289	6.000000	0.016289	10.886374	4.000000	0.013317	153.261653	6.000000	66.781985
72	1	73.983787	23.279169	12.918908	39.755681	19.499034	34.242483	33.719290	15.951334	0.740545	0.675161	0.722586	0.277057	0.881463	0.240687	0.477227	0.680311	84.603645	3.000000	8.014221	0.062519	1.000000	0.036534	13.291615	2.000000	0.010573	4.632257	6.000000	0.029842	0.696722	3.000000	0.013560	4.817384	5.000000	0.010764	1.486162	3.000000	0.013790	3.378952	4.000000	36.789957	0.602564	3.000000	11.734090	13.372656	4.000000	0.019448	0.845333	2.000000	0.054549	0.615545	4.000000	0.018733	0.734864	3.000000	0.041187	52.336653	5.000000	0.011890	56.702227	1.000000	73.546062
73	2	15.128502	49.280082	76.804307	43.507936	48.953097	15.925998	61.623472	46.747170	0.233424	0.957331	0.582275	0.465555	0.226785	0.719150	0.196572	0.749352	46.451908	1.000000	31.564577	0.899819	3.000000	0.014212	12.493284	6.000000	0.012515	1.077671	2.000000	0.026094	0.977767	2.000000	0.247183	4.426220	4.000000	0.025260	1.306188	5.000000	0.011215	2.252221	6.000000	26.493009	0.226163	5.000000	92.009587	8.595498	2.000000	0.010069	0.179892	2.000000	0.010380	1.371765	1.000000	0.011760	0.590821	3.000000	0.017955	33.731486	1.000000	0.148557	92.122852	4.000000	1.969015
74	2	12.047696	51.806442	68.189893	29.571362	3.845919	18.785279	86.797680	91.030756	0.239411	0.208573	0.743698	0.504532	0.603689	0.971528	0.126018	0.125032	3.210954	4.000000	31.305682	3.184552	1.000000	0.020915	5.792596	3.000000	0.030783	3.608318	4.000000	0.016859	0.655038	4.000000	0.026020	1.718255	1.000000	0.029507	0.125393	2.000000	0.028115	4.803568	1.000000	54.911831	1.267155	1.000000	76.604810	0.166627	4.000000	0.022033	0.991304	1.000000	0.191745	0.158813	3.000000	0.015278	0.047449	6.000000	0.010700	168.054004	3.000000	0.057360	13.496889	5.000000	87.082347
75	1	84.200470	43.235552	29.401167	81.837890	33.680608	32.137930	82.316145	81.908896	0.998106	0.252224	0.832023	0.143771	0.393950	0.980643	0.903596	0.612255	175.069559	1.000000	17.614582	2.276851	5.000000	0.029091	1.758290	1.000000	0.070040	2.667381	2.000000	0.015262	0.208715	1.000000	0.017226	0.540038	6.000000	0.015813	0.957999	6.000000	0.015752	1.377449	4.000000	46.022667	1.640255	1.000000	9.833405	8.438096	3.000000	0.051781	0.744596	3.000000	0.049651	0.030116	5.000000	0.015308	1.001124	2.000000	0.010972	159.042547	6.000000	0.178604	40.488182	2.000000	97.001339
76	1	13.509829	62.114376	65.450175	5.611193	2.742019	30.126636	6.968825	34.743915	0.967132	0.367846	0.942500	0.137522	0.699818	0.959346	0.853486	0.512005	147.816923	3.000000	74.363091	2.970362	2.000000	0.015376	2.135377	1.000000	0.058339	0.427099	2.000000	0.014719	1.406031	2.000000	0.031112	0.443934	3.000000	0.019190	0.546740	1.000000	0.015292	1.154514	5.000000	47.451662	0.387583	6.000000	39.883917	6.508857	6.000000	0.054849	0.242448	3.000000	0.032926	1.274659	6.000000	0.017235	0.564008	4.000000	0.021833	129.235496	2.000000	0.024473	155.577650	5.000000	99.478644
77	1	1.632149	62.446330	86.708627	13.877865	25.663841	62.102869	47.380676	56.424878	0.574981	0.138764	0.346904	0.755543	0.897391	0.124463	0.620417	0.483558	100.814935	4.000000	68.429995	3.125663	2.000000	0.071930	10.485724	4.000000	0.017982	0.866034	3.000000	0.143748	1.592041	5.000000	0.011158	4.018563	6.000000	0.030415	1.253543	6.000000	0.091146	2.334702	5.000000	78.221307	0.913983	4.000000	68.084706	14.365524	1.000000	0.033035	0.076826	4.000000	0.054561	0.726763	2.000000	0.032671	0.201990	3.000000	0.138659	103.985578	6.000000	0.015213	104.857149	1.000000	91.162380
78	2	64.042426	40.038935	95.959799	19.310192	12.989555	90.109896	21.780537	28.210875	0.540321	0.598472	0.251796	0.512116	0.855345	0.480729	0.535602	0.858875	74.072424	6.000000	24.179300	1.503645	3.000000	0.017970	2.507209	1.000000	0.026641	2.405067	5.000000	0.195091	0.236701	4.000000	0.020127	1.574468	3.000000	0.019744	0.304186	6.000000	0.014467	0.819526	6.000000	90.778764	1.290368	6.000000	86.281213	12.212220	3.000000	0.012011	0.979050	3.000000	0.012076	0.324832	6.000000	0.057527	0.493088	3.000000	0.014496	106.450052	3.000000	0.013993	114.968919	2.000000	4.090522
79	1	96.018889	6.289806	35.348431	11.365926	34.645701	77.966809	7.861506	72.842695	0.687066	0.526843	0.660505	0.571335	0.661011	0.819344	0.780296	0.382985	129.504737	1.000000	35.342535	3.684179	1.000000	0.025065	7.932273	1.000000	0.024690	2.432107	4.000000	0.010652	0.920840	1.000000	0.037468	2.762270	6.000000	0.015970	0.646904	3.000000	0.047420	1.810712	5.000000	42.413430	1.008282	6.000000	55.952447	2.421661	3.000000	0.012283	0.190660	2.000000	0.011718	1.418697	2.000000	0.029246	1.121439	5.000000	0.021265	124.014642	6.000000	0.079349	142.859311	1.000000	53.314698
80	2	68.651938	51.439700	75.560053	65.742328	74.335598	92.147698	52.091393	24.908403	0.360897	0.383566	0.222124	0.535366	0.374484	0.203131	0.191181	0.685835	97.922722	3.000000	39.608691	4.228778	4.000000	0.037432	3.118098	1.000000	0.018659	2.023632	1.000000	0.012196	1.583615	3.000000	0.013073	4.237368	5.000000	0.042842	0.835132	5.000000	0.015065	1.434333	6.000000	58.626045	0.944474	3.000000	91.814771	7.844269	2.000000	0.043784	0.409254	1.000000	0.025837	0.448438	1.000000	0.021089	0.210545	4.000000	0.654009	155.124907	5.000000	0.013187	73.303464	2.000000	24.245402
81	2	63.626354	1.284717	40.523664	33.710801	63.229942	23.329326	13.323127	11.227718	0.515410	0.740364	0.819788	0.469737	0.119734	0.237670	0.865354	0.962914	81.146678	5.000000	71.078091	3.368011	2.000000	0.012436	8.628859	6.000000	0.010871	0.665080	6.000000	0.025516	1.531391	2.000000	0.082415	3.229691	5.000000	0.047592	0.229247	2.000000	0.042332	0.682945	1.000000	1.613096	1.038450	1.000000	14.856394	10.166383	5.000000	0.015116	0.471296	6.000000	0.010449	0.462632	5.000000	0.022058	0.046809	1.000000	0.010817	134.426080	2.000000	0.039999	10.554270	5.000000	72.603368
82	1	84.587744	10.902711	73.956893	83.953354	27.877692	63.692786	54.343036	94.883313	0.301388	0.168243	0.134597	0.336300	0.567375	0.711266	0.465434	0.339200	147.368272	6.000000	95.559560	1.354176	6.000000	0.015385	3.953593	5.000000	0.011414	3.798661	6.000000	0.017742	1.505473	1.000000	0.012710	4.447253	2.000000	0.026109	0.098805	1.000000	0.134066	2.443379	2.000000	61.238429	0.921229	6.000000	60.696296	4.056349	4.000000	0.037102	1.246582	1.000000	0.026899	0.027941	4.000000	0.018137	0.936218	4.000000	0.011719	29.691123	2.000000	0.010255	136.913210	2.000000	40.310936
83	1	99.510541	60.743422	51.212209	22.750947	81.774901	93.778167	59.568188	50.446808	0.319781	0.887525	0.282160	0.616939	0.311672	0.979709	0.977437	0.978254	132.283388	5.000000	24.582806	4.539643	3.000000	0.034530	1.690397	3.000000	0.029147	1.327243	5.000000	0.026846	0.030095	4.000000	0.079456	1.110149	2.000000	0.015133	1.018328	3.000000	0.019830	3.884029	6.000000	43.613442	0.764618	5.000000	42.818013	13.170001	6.000000	0.014040	0.615312	4.000000	0.011123	0.031392	5.000000	0.011245	0.586527	6.000000	0.111244	89.891416	4.000000	0.018488	138.732877	5.000000	34.256000
84	2	53.820995	74.447456	25.432046	31.933432	46.813160	10.595863	89.692301	74.457712	0.254727	0.382605	0.647448	0.593842	0.603063	0.899336	0.320258	0.513224	14.631953	5.000000	3.349262	0.152370	1.000000	0.034626	8.257212	3.000000	0.011199	0.156371	1.000000	0.011485	0.042263	2.000000	0.073350	2.339572	3.000000	0.019495	0.352218	6.000000	0.015830	0.779109	3.000000	16.862765	0.893658	6.000000	24.140812	0.738972	5.000000	0.010525	0.707318	4.000000	0.013259	0.578486	2.000000	0.020819	1.259760	2.000000	0.015886	9.862135	5.000000	0.121485	19.100184	6.000000	93.346371
85	1	27.683701	41.170661	64.347595	43.089565	57.863703	88.947606	31.721911	79.190515	0.609383	0.776139	0.100123	0.766137	0.972439	0.227711	0.135625	0.171901	78.920878	3.000000	25.077502	2.365992	5.000000	0.044988	4.786055	2.000000	0.035349	2.405933	3.000000	0.020966	1.182082	4.000000	0.043574	2.913293	1.000000	0.010827	1.389074	4.000000	0.014545	3.116544	6.000000	49.752564	0.974319	5.000000	83.863310	9.132872	6.000000	0.010553	1.072796	1.000000	0.015819	1.671465	3.000000	0.013544	0.082793	2.000000	0.017225	7.895071	6.000000	0.245826	94.588759	6.000000	24.633320
86	1	36.459005	48.978113	45.012652	87.051438	28.103080	7.245815	99.114769	71.174202	0.690187	0.292905	0.567650	0.435745	0.158637	0.775846	0.555295	0.185246	100.000635	1.000000	98.847633	3.861872	5.000000	0.025262	1.327624	3.000000	0.147875	1.321711	6.000000	0.010801	1.117973	2.000000	0.010133	0.177770	2.000000	0.012224	1.112596	5.000000	0.016111	4.763813	5.000000	9.542476	0.175052	6.000000	57.759257	3.670245	6.000000	0.020183	0.094554	1.000000	0.037810	0.373904	5.000000	0.012404	1.197521	4.000000	0.026927	35.379791	1.000000	0.059766	170.013396	6.000000	7.623458
87	2	66.653068	82.011603	8.346321	90.226466	13.042601	19.019829	64.739043	94.105755	0.784820	0.477187	0.595854	0.349680	0.651370	0.203348	0.374916	0.199037	83.570193	5.000000	81.876016	0.789226	3.000000	0.018084	12.230439	6.000000	0.020413	1.822717	5.000000	0.035165	0.052234	1.000000	0.082626	0.733169	2.000000	0.012096	0.774017	3.000000	0.010835	0.833100	2.000000	51.586071	0.857877	4.000000	13.816619	3.615062	1.000000	0.019358	0.376593	5.000000	0.049305	0.839434	2.000000	0.012681	0.979831	4.000000	0.020135	107.711133	4.000000	0.018073	138.196750	1.000000	43.807619
88	1	57.875548	6.217980	50.481887	42.797049	57.219137	58.804136	65.714292	70.307208	0.944438	0.306437	0.802380	0.461487	0.463845	0.456714	0.191321	0.953113	97.142793	4.000000	83.030020	3.103103	1.000000	0.025034	1.864438	5.000000	0.088736	1.689901	6.000000	0.068257	0.235160	6.000000	0.010435	2.246542	3.000000	0.039681	1.365266	1.000000	0.212095	0.172321	6.000000	32.891802	1.451404	1.000000	96.846151	4.457672	3.000000	0.065305	1.007658	1.000000	0.021169	1.581160	4.000000	0.020713	0.399705	4.000000	0.038575	66.236028	4.000000	0.047205	151.245193	4.000000	70.688870
89	1	24.792108	62.243438	28.323880	71.972533	75.456107	74.948829	91.454654	52.449774	0.204937	0.499218	0.956065	0.134549	0.598165	0.964133	0.775138	0.292009	163.879578	2.000000	40.850439	4.329485	5.000000	0.013644	1.800224	1.000000	0.067352	1.337606	3.000000	0.011727	1.530648	4.000000	0.010743	1.638703	6.000000	0.010393	1.419869	5.000000	0.033951	0.621606	3.000000	30.539765	1.255169	2.000000	7.922377	10.489728	5.000000	0.208188	0.036350	2.000000	0.015568	1.022395	6.000000	0.017435	0.376488	1.000000	0.010740	24.879852	4.000000	0.015084	104.786087	5.000000	96.331827
90	1	30.513094	88.464281	1.189066	65.000674	50.219314	70.003419	47.992580	37.223297	0.736759	0.353270	0.579079	0.117574	0.926534	0.682603	0.748188	0.173860	2.835972	5.000000	86.756638	0.398607	2.000000	0.012034	13.035667	2.000000	0.058841	0.691825	6.000000	0.025542	0.543460	1.000000	0.032911	0.732059	6.000000	0.016579	1.188245	5.000000	0.040290	4.119135	4.000000	66.110385	1.405738	1.000000	36.228275	9.919683	5.000000	0.012361	1.191487	5.000000	0.079630	1.545644	1.000000	0.010976	0.514055	4.000000	0.028154	181.857511	3.000000	0.010552	15.551670	3.000000	39.567565
91	1	82.168939	4.124361	15.903800	43.325187	4.637179	65.338940	62.279246	49.672473	0.824728	0.342312	0.427630	0.376891	0.657419	0.703661	0.930019	0.927505	39.934969	2.000000	55.591905	1.195125	3.000000	0.037195	6.978571	1.000000	0.019510	0.537310	3.000000	0.146759	1.481060	5.000000	0.067571	2.030739	6.000000	0.073801	1.512274	2.000000	0.027365	3.860890	5.000000	1.468008	0.399707	3.000000	96.952987	0.223146	1.000000	0.189977	0.450941	4.000000	0.021456	0.322430	2.000000	0.014384	0.427064	6.000000	0.017638	34.745422	3.000000	0.039600	73.828665	2.000000	56.512830
92	2	46.853140	60.445373	39.394863	94.453708	22.493208	39.264316	89.876402	41.853988	0.901370	0.141125	0.861379	0.476166	0.523096	0.995552	0.660009	0.470576	56.554510	1.000000	93.163044	3.526272	5.000000	0.068521	3.277787	3.000000	0.057821	3.299520	4.000000	0.152076	1.368594	4.000000	0.035035	4.665781	6.000000	0.029759	0.262206	6.000000	0.012409	0.848065	4.000000	76.514886	0.342754	2.000000	76.959025	3.834207	6.000000	0.026549	0.152741	2.000000	0.020204	1.225867	2.000000	0.013428	0.148178	3.000000	0.033343	23.556383	1.000000	0.043636	27.008835	2.000000	26.002704
93	1	20.643003	17.054898	53.819895	22.419463	24.406260	56.066754	4.472053	84.199088	0.227891	0.656606	0.117599	0.242300	0.261746	0.688023	0.536304	0.851098	157.529490	3.000000	1.211760	1.395112	2.000000	0.047788	12.731769	4.000000	0.021249	3.999199	5.000000	0.019288	1.088429	3.000000	0.010936	1.526323	1.000000	0.076376	1.574619	3.000000	0.074176	4.274247	2.000000	51.053742	1.602089	6.000000	29.069268	11.464290	4.000000	0.023928	0.123887	2.000000	0.012870	0.802234	6.000000	0.038385	0.401951	4.000000	0.011692	180.762594	4.000000	0.037449	74.362884	2.000000	9.248899
94	1	51.804680	38.088419	30.481276	41.399651	29.386628	7.797726	34.135952	19.937731	0.114825	0.412290	0.872277	0.718775	0.283167	0.324629	0.612042	0.755964	94.859739	6.000000	73.227238	4.512513	3.000000	0.023139	10.499896	1.000000	0.143759	1.790086	6.000000	0.027546	1.485411	1.000000	0.012046	0.276358	2.000000	0.011792	1.087093	4.000000	0.018238	2.971797	6.000000	80.309508	1.231368	3.000000	63.602251	5.539405	4.000000	0.013690	0.149057	2.000000	0.023222	0.155289	4.000000	0.013467	0.520496	1.000000	0.030539	171.860048	3.000000	0.060162	81.389772	5.000000	90.720512
95	2	38.566953	79.800674	36.114406	19.483161	6.916525	12.042643	49.317456	64.759511	0.879920	0.925727	0.137857	0.980218	0.517144	0.364713	0.329712	0.709741	49.131553	3.000000	56.215772	0.614814	1.000000	0.026822	2.613741	5.000000	0.013493	1.114513	5.000000	0.069599	1.312582	1.000000	0.028413	0.657454	5.000000	0.042213	1.159814	2.000000	0.047433	0.288235	2.000000	52.102265	0.200172	1.000000	6.501033	12.552856	3.000000	0.010351	0.676783	6.000000	0.018609	1.389255	1.000000	0.088958	0.900041	1.000000	0.036186	115.872083	6.000000	0.173294	137.582954	5.000000	25.905689
96	1	4.649147	56.248739	35.321115	40.145510	16.367134	65.593366	80.484496	25.767260	0.833800	0.580701	0.613324	0.657262	0.252686	0.115004	0.207712	0.440926	142.644880	4.000000	13.415318	2.417464	4.000000	0.085709	9.057347	2.000000	0.067134	3.667430	4.000000	0.026423	0.651472	6.000000	0.011932	2.475780	6.000000	0.115554	0.277485	3.000000	0.053850	2.985755	6.000000	10.108031	1.493689	1.000000	78.457336	11.131505	6.000000	0.014856	0.527951	4.000000	0.027635	0.747205	5.000000	0.248123	1.223500	6.000000	0.010953	89.940818	4.000000	0.017344	12.608514	5.000000	37.454559
97	2	79.825166	87.484306	22.136124	23.004288	51.222760	7.635144	51.640707	82.048379	0.988205	0.732557	0.475520	0.806376	0.103440	0.790834	0.110495	0.205246	42.421454	2.000000	77.953981	0.641829	6.000000	0.035757	0.992584	2.000000	0.012533	4.760374	5.000000	0.077968	0.650703	4.000000	0.022788	1.348364	6.000000	0.013273	0.661750	5.000000	0.135159	2.594655	4.000000	20.474104	1.204908	3.000000	37.349266	4.191192	5.000000	0.015795	1.116861	1.000000	0.011996	1.380359	2.000000	0.010484	0.539848	3.000000	0.030232	97.307912	5.000000	0.323627	7.699921	1.000000	53.783756
98	2	82.802024	60.515348	71.390790	85.915527	87.337810	76.707908	71.169139	51.562238	0.452715	0.307353	0.216119	0.659584	0.396508	0.948094	0.246722	0.708771	86.549447	2.000000	63.955271	3.999886	3.000000	0.042760	5.556698	2.000000	0.011151	4.394165	3.000000	0.042782	0.501671	6.000000	0.016181	2.173986	1.000000	0.012671	0.735900	3.000000	0.011808	4.150810	3.000000	30.355324	0.686746	3.000000	83.861963	3.052262	5.000000	0.021738	0.956313	2.000000	0.018416	1.460498	5.000000	0.260080	0.014189	3.000000	0.012795	100.397319	5.000000	0.030106	18.048379	2.000000	70.953861
99	2	12.614664	88.804611	98.966462	86.796180	76.734512	41.200257	69.347776	96.582479	0.776491	0.319769	0.679885	0.751089	0.555764	0.230492	0.345981	0.261267	98.287273	4.000000	88.238823	3.759944	4.000000	0.029560	11.851777	3.000000	0.027221	2.865360	4.000000	0.037414	0.915304	3.000000	0.010676	4.701039	2.000000	0.010490	0.673544	4.000000	0.144357	4.216941	1.000000	38.043149	1.233763	2.000000	21.078577	13.236783	4.000000	0.029461	0.375366	4.000000	0.012414	1.327450	2.000000	0.014139	1.050432	3.000000	0.018724	4.749682	3.000000	0.012884	108.239511	2.000000	88.146222
100	2	99.997897	19.795500	99.739055	72.721154	3.928395	27.289732	20.561635	56.560248	0.844992	0.867283	0.204574	0.993905	0.232409	0.100621	0.912687	0.619126	72.052077	5.000000	53.626491	3.380415	6.000000	0.013878	3.766187	2.000000	0.048536	4.374237	6.000000	0.083896	0.539807	4.000000	0.046380	1.521002	3.000000	0.010771	0.034273	4.000000	0.012215	1.136036	3.000000	1.979922	1.054720	6.000000	70.505785	7.164422	6.000000	0.026435	0.900391	4.000000	0.274585	0.308492	5.000000	0.018338	0.508227	3.000000	0.023612	125.095932	4.000000	0.020486	107.601686	6.000000	85.661424
