1	1	100	1.298695	-8.361843	6.721453	-7.351551	-1.772329
2	2	68	6.799629	-0.530933	0.939407	0.693963	7.694116
2	2	32	-11.649174	5.606259	0.939407	6.934017	7.694116
3	2	35	8.631274	0.497816	7.034889	1.360680	8.619266
3	2	65	-3.193894	5.962349	7.034889	6.812368	8.619266
4	1	100	1.937446	-3.341949	5.390980	1.271331	2.495426
5	4	22	-5.591182	2.724702	6.903201	-1.308418	1.226746
5	4	36	-4.006760	7.081448	6.903201	3.502944	5.857899
5	4	29	6.898301	1.212252	6.903201	2.183446	5.857899
5	4	13	2.376107	-3.144476	6.903201	-2.040166	1.226746
6	1	100	4.892376	-3.210911	8.615845	0.308719	0.079484
7	2	83	-3.105566	-1.694530	5.995308	1.137580	-0.785721
7	2	17	2.661625	-3.088041	5.995308	-0.271380	-0.785721
8	2	29	-1.611915	2.398144	7.583162	4.729759	9.200094
8	2	71	9.566629	-2.355934	7.583162	0.243691	9.200094
9	4	27	-6.314484	5.705749	8.218180	7.802881	8.864831
9	4	26	-2.825122	1.205160	8.218180	3.517861	2.626932
9	4	37	9.655844	1.961544	8.218180	2.030368	8.864831
9	4	10	4.796788	-1.286825	8.218180	-1.756335	2.626934
10	2	72	-3.504773	1.538091	5.766576	7.577763	8.546945
10	2	28	3.775471	-3.636437	5.766576	5.310310	8.546945
11	2	75	-5.477567	7.051762	5.339822	6.544567	9.129602
11	2	25	7.291546	0.920887	5.339822	0.446573	9.129602
12	1	100	-10.588768	3.359218	4.438501	0.888990	-2.581753
13	2	70	-2.300371	1.842174	6.263438	-1.133782	-2.364048
13	2	30	5.627639	-2.536260	6.263438	-4.404820	-2.364048
14	4	24	-2.437453	2.619451	6.239056	-0.069264	1.612566
14	4	32	7.294895	3.988378	6.239056	0.386271	8.101041
14	4	5	3.916576	-0.134464	6.239056	-5.096923	1.612565
14	4	39	-3.097071	6.766164	6.239056	5.733847	8.101041
15	2	79	6.459255	-1.237587	6.089734	1.754313	7.497125
15	2	21	-5.258337	4.332230	6.089734	5.314548	7.497125
16	2	74	-9.645696	6.869939	4.942564	6.479025	6.703238
16	2	26	4.600992	-3.585728	4.942564	-1.604262	1.781605
17	1	100	-1.846440	1.600827	8.615148	6.527172	8.398640
18	2	86	-3.547951	-2.301851	6.021754	1.989532	1.192233
18	2	14	2.556340	-6.810915	6.021754	0.365631	1.192236
19	1	100	-6.013373	2.694282	3.126406	3.986392	-2.560421
20	3	26	10.998243	-0.577613	6.969835	-0.826354	5.886063
20	3	72	6.131047	-3.673389	6.969835	-4.056300	2.313184
20	3	2	-2.390712	2.529857	6.969835	4.902943	5.886063
21	2	78	9.491633	-1.225991	7.441735	1.622218	6.976806
21	2	22	-2.644011	2.952657	7.441735	6.196225	6.976806
22	2	56	5.313892	-13.088428	8.399000	-7.515606	-0.875867
22	2	44	-0.919329	-7.845111	8.399000	-1.936499	-0.875867
23	3	84	-5.179650	-5.153172	7.030724	1.029731	-0.737211
23	3	2	5.459637	-5.453222	7.030724	1.174755	5.623677
23	3	14	-3.846300	0.416480	7.030724	7.574579	5.623677
24	4	8	6.051062	-1.106631	6.980250	0.723612	1.608484
24	4	42	-8.285624	5.885732	6.980250	7.227690	7.910418
24	4	26	-7.228426	4.683484	6.980250	4.377225	1.608485
24	4	24	4.547062	0.095628	6.980250	3.574394	7.910418
25	2	64	-7.621269	0.914206	6.077637	4.327199	7.835230
25	2	36	6.481251	-4.126938	6.077637	0.616618	7.835230
26	2	27	-13.758619	4.593823	4.825040	1.972666	3.582654
26	2	73	-14.709587	6.614696	4.825040	4.541688	8.418645
27	1	100	-8.887921	6.840604	7.036362	5.572811	1.998734
28	1	100	-6.434933	-0.954095	5.268940	-0.105044	-0.257217
29	2	81	-6.504783	3.891758	6.858017	4.725378	6.077335
29	2	19	4.697291	0.242094	6.858017	-1.034962	6.077335
30	1	100	7.212242	-11.708041	8.807987	-1.145711	-1.068605
31	2	19	7.920501	0.456882	6.865759	-0.542272	6.974620
31	2	81	-5.623132	6.258215	6.865759	5.312511	6.974620
32	1	100	-0.211951	4.906448	4.702892	0.230251	6.168379
33	1	100	-10.505258	0.534557	2.843081	2.718693	0.056176
34	2	81	-5.616994	0.642389	6.182797	0.099386	2.019570
34	2	19	-10.433784	6.913330	6.182797	6.020141	6.500990
35	4	25	-5.843215	5.947623	5.081221	6.682920	6.962115
35	4	36	-4.579135	0.070640	5.081221	3.426902	0.854618
35	4	26	2.697070	-5.256669	5.081221	-1.182547	0.854618
35	4	13	7.852051	0.620309	5.081221	1.110241	6.962115
36	1	100	-6.781095	4.718899	5.254908	-0.730241	-1.075044
37	3	26	-6.198082	2.985396	8.620395	5.879248	5.792769
37	3	37	7.280399	-4.903071	8.620395	-4.257554	0.119064
37	3	37	9.935195	-3.329832	8.620395	-0.297074	5.792769
38	1	100	10.271591	-6.985932	8.075996	0.976508	4.542060
39	1	100	6.195929	-7.176050	8.185055	-6.421913	-1.849603
40	1	100	5.088818	1.321168	8.908416	1.076983	7.662455
41	2	84	10.353089	-2.090041	6.717464	2.080732	8.838899
41	2	16	-1.061002	3.234362	6.717464	7.381374	8.838899
42	2	52	8.974593	-3.560139	8.333988	3.833957	7.587785
42	2	48	-2.591199	0.701900	8.333988	6.349102	7.587786
43	1	100	8.341499	-0.547681	7.539812	4.745693	8.842499
44	2	76	-1.206946	-1.221935	7.980250	2.949754	1.074289
44	2	24	3.046910	-4.597057	7.980250	-3.212193	1.074289
45	2	68	6.566697	-3.125704	6.269206	-4.799333	-2.392722
45	2	32	-1.924474	2.563455	6.269206	0.086555	-2.392722
46	2	56	-13.473991	3.705895	5.165347	5.548358	6.647903
46	2	44	-8.332769	-1.360370	5.165347	-0.748689	0.815236
47	2	13	9.835982	-6.607606	7.254951	2.611437	4.671105
47	2	87	6.935500	-6.866665	7.254951	0.494401	-1.383184
48	2	77	-10.433026	0.026153	6.800584	0.929816	0.282871
48	2	23	-8.697709	4.630170	6.800584	6.056851	6.544883
49	1	100	-12.948656	7.334145	5.652681	4.410509	9.519618
50	2	18	-3.831104	4.602017	6.219334	5.155630	8.040658
50	2	82	10.291753	-1.463906	6.219334	-0.833496	8.040658
51	1	100	-15.363003	7.176638	1.471166	7.567447	7.279711
52	1	100	-8.551552	-0.220474	7.490500	4.343350	-0.453233
53	3	46	-2.231274	-4.109282	7.676133	1.372879	-0.676351
53	3	42	3.124519	-6.963175	7.676133	-1.520033	-0.676351
53	3	12	8.837492	-3.745819	7.676133	-0.847767	5.503487
54	1	100	-8.485838	4.424083	3.339674	2.769252	-1.113387
55	2	78	3.512302	-11.519205	8.522649	-3.290178	1.243071
55	2	22	8.674168	-9.486482	8.522649	-2.009703	5.784293
56	1	100	6.225008	-5.579343	6.608661	-2.518703	0.287707
57	2	55	8.342526	-4.580306	6.688738	1.279937	6.073559
57	2	45	-7.214289	1.538734	6.688738	6.189625	6.073559
58	2	24	-5.477188	2.584770	8.037713	5.552924	6.053142
58	2	76	4.726372	-0.118917	8.037713	4.313012	6.053142
59	3	51	-3.684169	5.200906	6.554245	6.840754	7.583925
59	3	29	3.546528	-1.771414	6.554245	-0.116389	1.882622
59	3	20	7.375795	1.715250	6.554245	0.989359	7.583925
60	1	100	-6.597107	-1.820987	6.352682	0.925115	-4.329993
61	1	100	-3.514414	2.735758	5.511934	1.878793	1.473098
62	2	40	7.122639	-9.476255	5.649668	-6.684781	-1.820954
62	2	60	10.881177	-7.412380	5.649668	-3.563852	4.775399
63	2	28	3.737559	-6.057624	6.468415	-6.795925	-0.344509
63	2	72	-2.541045	-1.341867	6.468415	-6.417514	-0.344509
64	1	100	-9.052697	6.627291	5.613011	7.544257	6.793671
65	2	33	2.110647	-5.533470	6.039051	-2.341179	-1.095020
65	2	67	-4.089297	-1.338981	6.039051	0.669450	-1.095020
66	4	26	-5.620671	5.221619	4.810044	5.854763	8.709742
66	4	34	-0.940616	0.277427	4.810044	-0.189632	2.286707
66	4	25	9.626579	1.177766	4.810044	2.336933	8.709742
66	4	15	4.933337	-3.359482	4.810044	-3.705832	2.286707
67	2	25	5.122665	0.816953	5.029740	-4.719910	8.236793
67	2	75	-7.733136	5.681866	5.029740	1.907965	8.236793
68	4	16	6.979573	-0.965116	6.338217	0.649385	6.895418
68	4	60	-5.101217	1.515994	6.338217	0.254000	1.086870
68	4	20	0.494485	-4.137186	6.338217	0.253526	1.086870
68	4	4	-4.535588	4.690227	6.338217	5.055272	6.895418
69	2	21	9.257592	-1.673058	7.935922	1.748289	8.725366
69	2	79	-7.500253	3.789729	7.935922	6.273619	8.725366
70	2	76	-9.279330	3.732414	3.344679	-0.191564	1.247671
70	2	24	3.451077	0.273264	3.344679	-2.024418	1.247671
71	1	100	-14.695515	6.442558	1.626083	6.025023	6.149380
72	2	87	5.119391	2.462338	7.119033	-2.505830	5.161925
72	2	13	-1.928652	4.435586	7.119033	3.137410	5.161926
73	1	100	-5.187617	-2.762878	5.049716	3.918537	2.020639
74	3	50	-6.536814	5.055211	6.039461	7.851450	7.570248
74	3	37	-8.528592	-1.367263	6.039461	7.273123	1.398934
74	3	13	6.605105	-1.521176	6.039461	2.466095	7.570248
75	2	29	4.477974	-0.001080	7.326111	5.281059	3.961582
75	2	71	-6.577981	4.370510	7.326111	5.732780	3.961582
76	2	87	-11.261563	1.134307	6.251792	4.179153	8.533244
76	2	13	4.341885	-5.315426	6.251792	1.359916	8.533244
77	3	72	-9.320731	4.302889	6.320777	2.628955	1.855388
77	3	20	-8.137973	4.330631	6.320777	6.330289	7.217325
77	3	8	6.405153	-1.647894	6.320777	0.038112	7.217325
78	1	100	6.209162	-3.331056	6.344199	-0.986278	0.257308
79	3	51	-9.908556	7.538753	4.873894	7.044753	7.670650
79	3	42	-13.042910	2.561028	4.873894	7.044695	3.557248
79	3	7	3.882851	-2.879751	4.873894	1.305368	3.557248
80	2	22	-7.299718	6.354580	6.137033	6.171335	6.898795
80	2	78	8.701238	1.798077	6.137033	-0.438169	6.898795
81	3	42	-5.673991	7.426324	6.568890	5.380130	6.496026
81	3	24	5.230651	2.938303	6.568890	0.401310	6.496026
81	3	34	-4.605690	3.124285	6.568890	-0.240356	0.018303
82	2	65	-7.460570	5.100650	6.158110	5.138105	6.270338
82	2	35	9.914267	-0.279829	6.158110	0.416975	6.270338
83	2	88	8.765309	0.459671	5.171928	-0.001328	8.048398
83	2	12	-4.055791	2.040457	5.171928	5.336377	8.048398
84	1	100	-7.396070	7.264448	5.281206	6.555289	8.190010
85	2	63	-2.706658	-1.998534	7.011980	1.686476	0.206132
85	2	37	1.911695	-2.898895	7.011980	-1.302025	0.206135
86	1	100	-9.796899	7.233871	3.575383	7.636357	9.150535
87	3	55	1.732142	-2.248111	4.447636	-0.701222	0.416163
87	3	21	4.770888	1.357516	4.447636	1.404618	6.052379
87	3	24	-12.896002	5.207093	4.447636	7.059494	6.052379
88	2	68	6.511039	-1.272994	6.461194	-0.169432	6.887809
88	2	32	-4.046517	4.872448	6.461194	5.791487	6.887809
89	3	46	-9.228437	4.362549	3.792851	3.954514	2.604663
89	3	26	7.156822	2.556680	3.792851	-1.281012	6.861175
89	3	28	-3.875480	5.497239	3.792851	4.412305	6.861175
90	1	100	-14.684296	7.405965	4.954786	5.455118	8.057868
91	1	100	-10.195566	0.514019	7.533406	1.524329	-4.635762
92	1	100	-8.693869	6.755227	6.616312	7.502198	9.697391
93	2	88	10.156418	-4.367037	6.613867	1.635895	6.628234
93	2	12	4.180170	-6.105704	6.613867	-2.996238	0.884994
94	1	100	7.516270	-0.975174	7.378710	-1.109003	8.389979
95	2	51	-1.999637	-1.175679	8.402740	4.464826	4.231224
95	2	49	9.170984	-6.825724	8.402740	-1.422416	4.231224
96	1	100	11.998859	-0.380173	6.751914	0.857701	9.335102
97	2	43	-10.837380	-4.942988	6.880968	2.874852	2.346884
97	2	57	-5.144033	1.408201	6.880968	5.045346	8.696232
98	1	100	11.423424	-4.021822	9.444324	-0.537689	8.714250
99	3	88	-6.594647	5.156488	6.652055	0.999955	0.751351
99	3	8	-6.688920	7.519760	6.652055	6.773759	6.813855
99	3	4	4.269791	3.244079	6.652055	2.752833	6.813855
100	2	62	-1.922342	5.026378	7.220540	8.088078	8.375062
100	2	38	9.921311	-0.627786	7.220540	2.332752	8.375062
