1	1	33.158163	70.927281	79.110849	45.472423	64.043795	98.811889	79.083446	28.528158	0.418753	0.762534	0.356333	0.931240	0.219550	0.254677	0.503384	0.272476	36.143746	5.000000	41.787337	2.748839	6.000000	0.049587	0.791236	3.000000	0.011026	11.148697	3.000000	0.014809	0.718373	1.000000	0.012742	0.732013	1.000000	0.154100	0.438591	4.000000	0.015222	1.600574	3.000000	0.012045	0.996841	3.000000	84.756435	2.848789	1.000000	0.012570	1.103152	1.000000	41.726509	10.378034	1.000000	0.019748	9.810216	3.000000	0.092789	0.792865	3.000000	0.010464	1.756561	1.000000	0.017921	43.906236	5.000000	0.035427
2	2	9.723337	14.131699	14.352582	29.338700	15.326023	61.394384	57.674399	3.420460	0.119219	0.853347	0.928546	0.188483	0.505728	0.172294	0.866669	0.205146	162.469127	1.000000	99.239003	12.752610	1.000000	0.112906	0.737224	4.000000	0.023414	4.719972	4.000000	0.015328	0.013857	4.000000	0.012904	1.081405	4.000000	0.013154	0.327673	4.000000	0.011781	0.894753	4.000000	0.022759	0.247767	5.000000	67.379254	13.001220	5.000000	0.012901	0.951372	6.000000	4.157805	24.829649	6.000000	0.019683	2.694013	6.000000	0.030070	1.282782	3.000000	0.022223	38.363968	5.000000	0.024516	23.607694	3.000000	0.046907
3	2	70.326459	28.771641	58.003473	75.554499	45.196640	21.506141	88.325773	59.364607	0.419994	0.552669	0.611379	0.711679	0.115015	0.889001	0.832689	0.428522	42.007052	1.000000	67.355720	11.150153	3.000000	0.015274	0.233569	1.000000	0.048360	0.972719	5.000000	0.070102	0.755339	5.000000	0.014957	1.450659	6.000000	0.121180	1.053937	4.000000	0.022072	0.307523	5.000000	0.038219	1.233477	1.000000	17.650793	4.741152	3.000000	0.012904	0.083346	5.000000	30.374783	43.138001	1.000000	0.015307	0.598279	1.000000	0.013939	1.378699	2.000000	0.035760	30.903051	1.000000	0.011880	1.857591	6.000000	0.017589
4	2	27.606360	59.377336	56.857496	79.338093	32.000927	76.464144	18.424799	41.463483	0.668676	0.232203	0.681291	0.997583	0.353539	0.360929	0.812998	0.551562	85.634641	3.000000	36.862622	4.817726	4.000000	0.010178	0.348548	4.000000	0.087407	3.391143	4.000000	0.013596	0.288093	4.000000	0.061606	0.386521	6.000000	0.031618	0.224914	2.000000	0.010792	1.649502	4.000000	0.012473	0.391483	3.000000	20.519198	3.018027	1.000000	0.083093	1.375353	5.000000	99.124444	52.401523	1.000000	0.083850	3.908305	2.000000	0.010845	0.102223	6.000000	0.016914	16.285181	3.000000	0.010653	59.472960	5.000000	0.019133
5	1	33.288640	4.334492	28.373200	87.985352	12.961653	67.581120	53.316895	44.124503	0.836960	0.143675	0.705865	0.738778	0.617823	0.625162	0.722446	0.658473	166.147134	1.000000	95.884431	1.330193	1.000000	0.030786	0.028296	4.000000	0.086796	14.400459	2.000000	0.013629	0.017130	4.000000	0.053198	0.030617	4.000000	0.076510	0.576986	6.000000	0.398555	0.398089	3.000000	0.017085	0.495253	4.000000	27.270530	1.977563	1.000000	0.019546	1.066591	2.000000	36.590293	2.514222	6.000000	0.016287	10.564042	1.000000	0.541776	0.055396	4.000000	0.064503	47.808942	2.000000	0.014527	40.485226	2.000000	0.027408
6	2	62.808280	50.669612	14.356493	39.160686	91.479314	45.449179	84.063103	15.421679	0.316012	0.150228	0.666909	0.870832	0.839162	0.130138	0.453356	0.188794	104.851767	2.000000	95.225591	3.842752	3.000000	0.010161	1.180238	6.000000	0.012775	9.524917	3.000000	0.016540	0.208905	6.000000	0.011802	0.176709	3.000000	0.010471	0.580446	2.000000	0.042943	0.385490	3.000000	0.011902	0.738244	3.000000	68.218269	11.251980	5.000000	0.016188	1.018920	5.000000	77.789279	10.436666	4.000000	0.011481	10.712233	5.000000	0.013863	1.390349	2.000000	0.012015	23.636266	6.000000	0.015706	42.636452	2.000000	0.379280
7	2	75.061492	52.735737	83.711957	78.751347	3.821811	36.997002	36.036934	44.988958	0.620079	0.155007	0.957501	0.335549	0.412952	0.155485	0.374904	0.535848	148.450792	2.000000	27.597669	0.909716	3.000000	0.010930	1.166634	5.000000	0.031982	0.450197	3.000000	0.223463	1.028117	3.000000	0.032094	0.809316	2.000000	0.018259	0.679621	6.000000	0.029126	0.221957	5.000000	0.025757	0.896849	1.000000	76.301970	6.491142	2.000000	0.109104	1.215760	1.000000	86.733753	32.909201	5.000000	0.044256	2.296986	5.000000	0.133980	1.516224	5.000000	0.012157	50.765110	3.000000	0.012428	20.648871	2.000000	0.022175
8	1	92.825988	14.336469	11.803072	37.383154	35.642100	59.757001	52.938569	84.353522	0.150297	0.637201	0.952750	0.721155	0.672968	0.369861	0.902025	0.280595	106.112685	6.000000	7.193272	5.196524	2.000000	0.010993	1.206958	2.000000	0.015262	4.019156	1.000000	0.011069	0.555932	1.000000	0.028431	1.128825	2.000000	0.021823	1.009627	1.000000	0.043796	1.407627	5.000000	0.020780	0.327047	2.000000	48.755215	11.424165	6.000000	0.021626	0.555874	3.000000	94.975913	4.710066	5.000000	0.015870	4.711113	4.000000	0.484565	0.563664	1.000000	0.301013	20.768357	5.000000	0.053942	32.381198	3.000000	0.020163
9	2	3.550496	79.448041	30.798074	10.477573	73.043820	25.135385	24.652526	15.593113	0.447904	0.911291	0.997059	0.223994	0.847292	0.114614	0.166612	0.500117	5.855943	6.000000	1.744481	6.788767	3.000000	0.051865	0.173630	4.000000	0.020058	1.571614	2.000000	0.039528	0.864467	2.000000	0.023275	0.814677	4.000000	0.023063	1.245320	1.000000	0.015014	0.121421	1.000000	0.119038	0.675055	6.000000	96.072006	13.148352	4.000000	0.012412	0.760956	6.000000	79.169760	40.160932	6.000000	0.021485	9.772188	5.000000	0.010557	1.294129	3.000000	0.029598	41.307492	3.000000	0.051147	43.792701	6.000000	0.016275
10	2	66.521221	31.391586	91.478994	50.439423	65.846624	56.729978	72.803836	69.496526	0.189184	0.953260	0.879036	0.494592	0.170888	0.208641	0.690514	0.568242	98.735970	1.000000	32.651490	5.865113	3.000000	0.016779	1.003594	2.000000	0.014036	14.246006	5.000000	0.012455	1.138492	1.000000	0.109986	1.298624	4.000000	0.010513	0.825513	1.000000	0.054469	1.326977	5.000000	0.014296	0.640761	4.000000	58.899639	2.560286	2.000000	0.013594	0.816169	3.000000	34.454134	19.861131	5.000000	0.084316	4.504801	4.000000	0.017668	1.332635	2.000000	0.024731	19.441219	1.000000	0.020942	53.481291	3.000000	0.010340
11	2	49.200094	33.769936	13.948355	45.897947	60.813554	75.440098	42.092023	64.326736	0.677704	0.489418	0.340321	0.246125	0.165324	0.784076	0.523473	0.214673	133.888884	1.000000	35.199130	2.380448	2.000000	0.011266	0.192308	4.000000	0.017383	9.738445	5.000000	0.015170	0.838073	3.000000	0.054153	1.502437	6.000000	0.201327	0.807527	4.000000	0.017714	0.505364	2.000000	0.010317	0.782143	5.000000	39.734136	4.807784	6.000000	0.019226	0.041011	3.000000	31.800958	55.936588	5.000000	0.056887	10.254220	3.000000	0.185736	1.232257	6.000000	0.028605	33.401647	2.000000	0.024880	50.561759	6.000000	0.041700
12	2	15.292851	74.480669	34.947510	40.873689	49.697828	13.372268	7.274579	79.266788	0.946820	0.772734	0.153744	0.426621	0.835095	0.767906	0.965901	0.533412	87.829730	1.000000	15.418680	12.304274	3.000000	0.012435	0.795847	2.000000	0.015879	4.174937	5.000000	0.016168	0.026378	1.000000	0.010515	0.095929	6.000000	0.024450	0.141898	2.000000	0.016534	1.198450	3.000000	0.011671	0.616269	3.000000	70.227630	6.067801	5.000000	0.013183	0.455247	4.000000	42.799905	45.215406	1.000000	0.099532	2.468629	1.000000	0.120947	1.381150	2.000000	0.017357	2.338860	2.000000	0.029564	43.336049	3.000000	0.013718
13	1	19.128722	46.411268	84.754663	87.292310	87.881118	1.118176	18.833242	1.974383	0.286593	0.981804	0.174360	0.174842	0.539778	0.755397	0.810596	0.158607	156.695345	5.000000	60.124043	13.020292	5.000000	0.051955	0.717664	2.000000	0.034427	8.682119	6.000000	0.011151	0.560779	6.000000	0.010984	0.209098	2.000000	0.013647	0.494427	2.000000	0.028301	0.700922	4.000000	0.020306	0.692070	4.000000	94.289842	8.660223	2.000000	0.024530	0.545272	5.000000	59.806910	42.456767	1.000000	0.040662	7.638362	3.000000	0.039969	1.261034	5.000000	0.010816	34.498822	6.000000	0.019746	45.664711	1.000000	0.020417
14	2	56.068120	56.777249	59.415523	28.994052	69.691190	32.559563	86.959654	97.372625	0.630133	0.612550	0.178483	0.833870	0.561771	0.890782	0.861080	0.101635	30.469049	1.000000	26.945807	2.134905	3.000000	0.010393	0.990221	2.000000	0.031506	9.329651	3.000000	0.429177	0.491009	4.000000	0.039408	0.100503	2.000000	0.017912	0.848436	2.000000	0.013781	1.632996	3.000000	0.013468	0.547346	5.000000	85.073224	14.111901	2.000000	0.012834	1.443320	3.000000	3.641669	4.700494	3.000000	0.013682	6.676838	2.000000	0.011791	0.291676	3.000000	0.051394	1.671978	5.000000	0.024604	33.390663	6.000000	0.027623
15	1	6.949084	12.698690	42.735295	89.161633	70.540157	22.286010	38.211785	44.290961	0.904036	0.428636	0.814054	0.179683	0.854257	0.227498	0.619035	0.497119	94.183065	3.000000	82.633778	3.807226	4.000000	0.010345	0.893089	3.000000	0.024585	13.423631	3.000000	0.033308	0.649358	2.000000	0.015234	0.447405	1.000000	0.011690	0.271609	1.000000	0.013731	0.645602	5.000000	0.162459	0.195069	3.000000	21.091483	8.887874	5.000000	0.021692	0.164733	6.000000	94.486059	27.526440	4.000000	0.021162	4.936940	3.000000	0.010137	0.931374	3.000000	0.010135	21.214201	3.000000	0.013368	10.231808	1.000000	0.019915
16	2	73.682578	84.134228	16.564027	57.324351	86.492486	53.305460	80.904898	10.452936	0.604241	0.446933	0.219828	0.651042	0.304441	0.970903	0.661654	0.801958	119.180825	6.000000	76.456201	6.536943	4.000000	0.040310	1.132459	3.000000	0.034277	2.460289	5.000000	0.234112	0.874716	6.000000	0.027260	1.128980	4.000000	0.020136	0.151163	6.000000	0.025833	1.322496	6.000000	0.015253	0.439193	4.000000	69.046006	13.110617	4.000000	0.049092	0.526209	3.000000	40.403836	17.596340	4.000000	0.010087	13.568546	5.000000	0.011270	1.359318	1.000000	0.020871	11.814255	2.000000	0.028196	52.242978	3.000000	0.016655
17	3	39.638416	38.970591	25.693287	16.665085	55.504669	10.772635	67.199426	63.136381	0.127026	0.582475	0.224937	0.434195	0.218694	0.190287	0.151212	0.584081	44.457074	6.000000	7.220972	1.227314	6.000000	0.035696	0.021943	4.000000	0.012683	11.358720	2.000000	0.028328	0.581845	4.000000	0.011368	0.762376	6.000000	0.013789	1.208178	1.000000	0.233221	0.954843	2.000000	0.020295	0.141642	5.000000	24.381639	4.317296	2.000000	0.018753	0.266235	2.000000	65.987991	20.707742	5.000000	0.031614	4.988794	1.000000	0.041219	0.271234	6.000000	0.035649	5.829697	6.000000	0.014244	21.983160	4.000000	0.038193
18	2	40.384328	51.933644	18.908344	95.765781	73.274369	26.729373	64.033573	54.376932	0.405679	0.222245	0.608374	0.267621	0.129671	0.420526	0.763033	0.261506	98.108230	6.000000	8.137409	2.888586	6.000000	0.011020	1.130587	2.000000	0.013066	1.690329	5.000000	0.025477	0.604944	1.000000	0.015460	0.727108	2.000000	0.032803	1.170929	1.000000	0.013418	1.066207	1.000000	0.075921	1.029629	6.000000	81.305307	13.643641	6.000000	0.079704	0.172291	5.000000	41.154471	38.807641	1.000000	0.076143	5.362389	1.000000	0.017725	1.467985	2.000000	0.013074	30.512904	5.000000	0.010970	13.026775	6.000000	0.044339
19	2	31.608246	13.546985	67.913364	4.051622	13.382269	18.277238	12.095311	20.595949	0.959509	0.429182	0.750119	0.286154	0.946271	0.650628	0.371439	0.233949	5.697323	2.000000	81.719809	6.170009	3.000000	0.010183	0.722446	2.000000	0.024428	7.610463	2.000000	0.015598	0.619428	6.000000	0.015239	0.631126	4.000000	0.011298	0.101551	5.000000	0.024645	0.718357	1.000000	0.105428	0.281644	2.000000	15.453129	0.951556	2.000000	0.030889	1.605802	1.000000	50.503214	51.034670	1.000000	0.011095	7.001001	5.000000	0.066011	0.273267	5.000000	0.014175	13.481554	3.000000	0.014383	50.937413	4.000000	0.010883
20	2	91.473536	68.203596	28.899317	86.976481	15.956719	64.998381	80.748654	7.558032	0.448171	0.691492	0.920087	0.251870	0.152206	0.668846	0.968147	0.109484	30.799369	1.000000	32.301132	3.379393	2.000000	0.010066	0.876021	6.000000	0.033906	2.798719	6.000000	0.024545	0.653879	3.000000	0.015144	0.260667	5.000000	0.042584	0.435505	1.000000	0.028861	1.244114	2.000000	0.014084	0.942104	6.000000	16.642285	10.840967	2.000000	0.065729	0.127582	3.000000	73.609416	7.537224	2.000000	0.056763	11.348310	1.000000	0.042467	0.880239	3.000000	0.011591	10.640163	6.000000	0.105677	56.651731	3.000000	0.011754
21	2	39.128893	44.432702	85.300222	42.512481	65.547512	48.935147	75.540662	68.541476	0.557564	0.815464	0.270316	0.233338	0.102009	0.838756	0.480096	0.620175	51.024043	4.000000	22.783876	3.805355	4.000000	0.010365	1.108601	4.000000	0.025375	7.343881	5.000000	0.023466	0.820460	1.000000	0.025175	0.099228	3.000000	0.010828	1.169631	3.000000	0.010140	1.668122	5.000000	0.537295	0.593714	4.000000	64.510296	1.819131	5.000000	0.010142	1.015057	3.000000	35.311993	11.554259	2.000000	0.020370	6.124104	6.000000	0.018056	1.140730	3.000000	0.012024	35.019072	2.000000	0.550713	51.322474	2.000000	0.013535
22	2	8.920619	85.067046	99.371901	46.702947	9.926574	39.041776	12.423894	8.942616	0.276425	0.967274	0.106694	0.627625	0.377376	0.719310	0.766875	0.512105	126.218606	4.000000	7.857473	3.671887	2.000000	0.010893	0.286057	6.000000	0.012597	8.678823	3.000000	0.035652	0.096313	4.000000	0.016687	0.920737	2.000000	0.015181	1.027087	1.000000	0.149146	1.510177	4.000000	0.041502	0.811681	3.000000	48.757199	9.891444	4.000000	0.019660	0.109981	1.000000	25.571669	31.131257	3.000000	0.025231	9.150292	5.000000	0.023592	0.699536	1.000000	0.013680	49.897728	1.000000	0.020398	32.916365	1.000000	0.045806
23	1	33.369653	2.040816	99.000592	8.723265	9.374236	57.974562	40.055692	71.667763	0.379656	0.780470	0.566893	0.779686	0.911092	0.577111	0.526528	0.701814	11.357172	4.000000	37.140773	3.008872	6.000000	0.041172	0.824339	2.000000	0.017237	4.697860	6.000000	0.057265	1.065224	3.000000	0.017042	0.988229	2.000000	0.010341	0.948091	4.000000	0.014837	1.348246	6.000000	0.019059	1.066498	6.000000	46.627714	0.485456	4.000000	0.019976	1.507383	5.000000	59.920074	25.835345	2.000000	0.015956	3.868497	2.000000	0.039377	1.565743	6.000000	0.017875	39.971801	1.000000	0.025274	22.625895	1.000000	0.044731
24	2	52.688014	82.389018	78.151710	58.148193	38.682109	67.031741	79.237902	93.291959	0.701644	0.633429	0.543469	0.717600	0.230349	0.430554	0.476564	0.419020	26.475741	4.000000	29.866790	1.949083	6.000000	0.028000	0.462507	4.000000	0.127945	6.695304	6.000000	0.126395	1.059914	4.000000	0.012967	0.126901	2.000000	0.077462	0.815091	3.000000	0.030425	0.224029	1.000000	0.010193	1.253377	4.000000	72.739114	12.182162	6.000000	0.023949	1.263789	6.000000	98.968039	32.281269	1.000000	0.024539	9.847670	6.000000	0.010424	0.920790	1.000000	0.047498	34.384997	1.000000	0.688141	51.705325	3.000000	0.022336
25	3	27.594522	30.060457	88.792153	49.507255	66.051321	76.836084	37.351488	68.421974	0.920157	0.865618	0.816310	0.191467	0.337602	0.694607	0.296028	0.313302	47.502645	2.000000	78.153348	11.558752	2.000000	0.017069	0.344292	2.000000	0.247508	4.181279	5.000000	0.023636	0.819134	5.000000	0.019281	0.053719	1.000000	0.010834	0.771819	5.000000	0.077365	0.841520	5.000000	0.038727	0.378873	6.000000	37.072326	13.601651	2.000000	0.011331	1.638151	6.000000	76.634862	50.522800	3.000000	0.017319	13.303863	1.000000	0.051557	0.331323	3.000000	0.333253	21.531752	3.000000	0.013301	41.484305	5.000000	0.018288
26	3	63.890610	11.399612	62.740391	14.889692	24.236179	36.615256	7.386231	47.541882	0.327077	0.483987	0.908430	0.215436	0.661800	0.112564	0.980512	0.736346	42.069821	5.000000	3.771784	11.257200	6.000000	0.019547	1.054652	4.000000	0.013898	6.651100	2.000000	0.012330	0.888252	4.000000	0.021499	1.412885	5.000000	0.011493	0.833157	3.000000	0.014159	0.126232	1.000000	0.010124	0.200553	5.000000	20.494316	11.115372	4.000000	0.044304	0.059122	5.000000	93.017122	27.899064	5.000000	0.025270	0.751108	6.000000	0.026103	0.504080	5.000000	0.020433	32.152876	4.000000	0.010008	29.818391	2.000000	0.010425
27	3	73.779554	40.679475	56.366085	60.165072	31.070542	32.389070	2.630461	75.659275	0.858201	0.438473	0.192437	0.663594	0.124380	0.578364	0.358366	0.580789	122.383691	4.000000	81.628556	0.946649	2.000000	0.033740	0.708034	3.000000	0.013168	1.209583	5.000000	0.013065	0.058163	5.000000	0.018770	0.626297	1.000000	0.011469	1.100821	2.000000	0.011718	0.826863	3.000000	0.017268	0.459272	1.000000	26.803342	12.617955	3.000000	0.015497	0.862969	5.000000	9.154716	26.545121	5.000000	0.032397	11.849029	6.000000	0.154564	0.300642	3.000000	0.012570	5.783525	2.000000	0.018992	36.887685	6.000000	0.016625
28	1	46.747541	49.624571	47.642689	88.710462	4.602734	42.738633	60.249416	86.952405	0.346302	0.214322	0.873672	0.542488	0.876083	0.665444	0.789946	0.187247	101.896776	1.000000	30.757183	5.694103	4.000000	0.052798	1.092454	2.000000	0.031538	9.766362	1.000000	0.043459	0.158532	1.000000	0.036490	0.046900	6.000000	0.025188	1.258865	4.000000	0.020594	1.240332	3.000000	0.016392	0.479170	2.000000	10.521646	8.547450	1.000000	0.033209	1.101493	2.000000	95.260459	1.056989	6.000000	0.014489	10.592005	2.000000	0.036836	1.536104	4.000000	0.723804	48.057603	3.000000	0.014371	59.356655	3.000000	0.010546
29	1	14.961236	22.425924	94.705353	76.087231	89.204622	75.101640	48.215435	39.817066	0.387087	0.577529	0.527137	0.266217	0.112312	0.533136	0.957461	0.534930	98.657357	1.000000	20.104120	2.003542	6.000000	0.030176	0.173692	4.000000	0.022392	11.691649	3.000000	0.032294	1.018952	3.000000	0.012695	1.141327	4.000000	0.018621	1.084320	2.000000	0.019576	1.352062	1.000000	0.055744	0.857320	6.000000	63.299324	3.919560	3.000000	0.021160	0.450888	6.000000	80.178051	25.438402	4.000000	0.015795	5.666649	4.000000	0.038855	1.050230	2.000000	0.018296	2.735843	3.000000	0.012978	34.999111	3.000000	0.013178
30	2	22.057762	43.136946	19.725516	73.435067	27.459987	17.863246	40.606409	6.123564	0.917478	0.446192	0.662347	0.413235	0.947380	0.110573	0.835950	0.377824	177.953415	1.000000	96.347068	5.151243	1.000000	0.035049	0.751637	4.000000	0.014215	5.661862	4.000000	0.054732	0.578115	6.000000	0.019802	0.116398	4.000000	0.030704	1.221021	4.000000	0.058709	1.336795	4.000000	0.017544	1.057274	6.000000	68.629256	12.565430	2.000000	0.010335	1.419988	4.000000	31.202099	10.417900	1.000000	0.149848	7.140359	4.000000	0.065076	1.133986	6.000000	0.038813	15.133512	3.000000	0.020495	28.519071	6.000000	0.453434
31	1	14.076693	65.377668	25.980476	31.546661	33.550005	41.910983	91.436776	58.403987	0.710384	0.623471	0.875593	0.129013	0.303227	0.636497	0.531511	0.116686	28.245370	4.000000	22.826291	4.614966	3.000000	0.074812	1.234954	3.000000	0.011872	1.097744	5.000000	0.010540	0.818368	2.000000	0.017377	0.174700	2.000000	0.012512	1.068711	1.000000	0.012615	0.530591	1.000000	0.018664	0.966962	1.000000	20.024240	0.472101	3.000000	0.011634	1.321994	5.000000	88.996393	42.906514	3.000000	0.011810	0.372255	3.000000	0.010155	0.192903	2.000000	0.011382	12.859303	4.000000	0.030634	13.073072	2.000000	0.024367
32	2	86.816387	15.036173	91.578285	69.096944	30.722854	31.643691	92.170755	52.697132	0.177929	0.178124	0.180745	0.700908	0.928257	0.373370	0.929532	0.435956	74.465018	2.000000	15.994904	11.992602	6.000000	0.026916	1.214260	6.000000	0.010250	6.889230	6.000000	0.035448	0.223271	5.000000	0.019945	0.159545	5.000000	0.011710	0.055892	3.000000	0.026864	0.769127	5.000000	0.085911	0.835564	5.000000	18.693003	7.724245	3.000000	0.044864	0.901272	3.000000	77.166219	15.979312	5.000000	0.010524	5.573700	2.000000	0.010211	0.029950	5.000000	0.010395	9.920259	2.000000	0.011666	8.771507	6.000000	0.022517
33	3	88.669645	47.080044	9.502723	87.721571	20.076961	88.978918	62.883972	86.504346	0.411156	0.366471	0.535361	0.632515	0.352095	0.470846	0.957208	0.354101	80.347165	1.000000	85.985050	7.380493	2.000000	0.070861	0.121089	6.000000	0.020866	12.778422	4.000000	0.029328	0.298646	4.000000	0.012710	1.624276	3.000000	0.012241	0.378876	6.000000	0.012509	1.544443	1.000000	0.028138	0.668838	1.000000	68.687433	3.719492	2.000000	0.012589	0.169166	4.000000	14.086733	11.276293	3.000000	0.011074	6.962448	6.000000	0.026540	1.451969	5.000000	0.011946	6.910859	4.000000	0.020410	19.377834	5.000000	0.032873
34	3	65.153188	10.919540	91.879207	12.056363	55.947989	26.307294	20.578602	14.510751	0.865680	0.886505	0.378682	0.526922	0.490305	0.675125	0.757920	0.231944	104.850428	6.000000	61.079865	1.057316	6.000000	0.040097	0.026435	3.000000	0.011131	9.070126	6.000000	0.019570	0.648246	3.000000	0.060189	1.092336	2.000000	0.024475	0.012970	3.000000	0.138109	0.290680	1.000000	0.105359	1.116086	6.000000	23.254544	5.410108	6.000000	0.040958	0.356524	4.000000	88.596832	51.765326	5.000000	0.293259	3.735900	3.000000	0.023640	1.109029	2.000000	0.368844	31.987804	2.000000	0.027412	18.759178	4.000000	0.027230
35	2	83.909327	36.150323	2.955220	16.969739	54.615453	46.360218	26.919486	7.513217	0.831342	0.354070	0.508544	0.792569	0.629071	0.660750	0.933414	0.457956	160.380095	6.000000	90.921783	10.277933	5.000000	0.031385	0.070411	2.000000	0.011542	5.345224	5.000000	0.108556	0.269513	2.000000	0.173056	0.132243	5.000000	0.054544	1.140642	1.000000	0.024148	1.009733	6.000000	0.017445	0.844227	1.000000	46.756895	11.172233	2.000000	0.019740	0.606825	6.000000	94.366034	29.545300	4.000000	0.010767	0.282254	5.000000	0.027673	0.200848	3.000000	0.034870	34.068426	1.000000	0.011824	46.849639	3.000000	0.086858
36	1	16.909700	82.713577	51.779989	19.200990	88.170493	67.660460	93.217066	46.621995	0.570766	0.988267	0.269654	0.595050	0.198610	0.687894	0.753504	0.397859	116.126171	2.000000	74.832492	0.797116	2.000000	0.018325	0.039646	4.000000	0.020220	0.153440	6.000000	0.026678	0.453406	1.000000	0.018174	0.466609	6.000000	0.052565	0.966437	6.000000	0.013634	1.326127	3.000000	0.105107	0.559764	4.000000	22.301165	7.608311	1.000000	0.039211	1.408402	2.000000	33.311591	14.515458	1.000000	0.025049	11.664019	6.000000	0.010822	1.662295	1.000000	0.029546	46.718045	2.000000	0.011160	19.351429	3.000000	0.121046
37	2	96.226065	70.551041	75.257932	36.876647	8.326482	29.474998	11.604615	88.870676	0.159127	0.138053	0.658146	0.615237	0.825706	0.318434	0.953454	0.679183	11.404438	6.000000	87.039165	1.027628	1.000000	0.021827	1.218517	5.000000	0.011940	8.671691	2.000000	0.029871	0.656483	5.000000	0.014239	0.967215	1.000000	0.031248	0.738702	6.000000	0.015802	1.343448	5.000000	0.016110	0.428004	6.000000	72.803054	11.767694	5.000000	0.012206	1.127800	6.000000	71.040519	46.663828	1.000000	0.025245	12.360929	6.000000	0.066514	0.078363	3.000000	0.076319	45.571339	6.000000	0.010577	16.363358	2.000000	0.036484
38	2	4.844826	46.452008	9.147822	83.638390	75.094672	59.276379	51.126826	35.990816	0.664857	0.160903	0.360265	0.428840	0.221120	0.232029	0.963314	0.861493	87.727759	1.000000	68.065547	0.256138	5.000000	0.011041	0.742244	2.000000	0.015796	12.372209	5.000000	0.010062	0.178388	4.000000	0.130330	1.264957	6.000000	0.023535	1.119383	1.000000	0.049345	1.220081	5.000000	0.016101	0.188892	2.000000	72.819787	5.793951	6.000000	0.013398	1.103335	5.000000	32.347964	43.980626	1.000000	0.069332	13.637289	3.000000	0.012261	0.928337	5.000000	0.012193	24.888597	5.000000	0.010868	37.640114	3.000000	0.017893
39	2	34.873278	69.346719	46.415651	2.801485	94.909628	92.179853	48.250180	74.232109	0.523073	0.224390	0.919848	0.853306	0.859215	0.877110	0.712695	0.201256	4.885983	3.000000	23.520072	2.871528	6.000000	0.013408	0.509676	1.000000	0.020211	1.665295	2.000000	0.012294	0.233144	4.000000	0.011234	1.191141	3.000000	0.078497	0.578880	4.000000	0.064698	1.533758	5.000000	0.014049	1.192265	5.000000	55.555810	12.497666	2.000000	0.087217	0.875137	1.000000	99.699855	53.338219	6.000000	0.014757	1.425020	4.000000	0.019145	1.281968	2.000000	0.012190	40.050885	2.000000	0.227757	11.243094	3.000000	0.014520
40	2	34.895323	38.300185	87.242570	31.790788	60.541417	82.418249	2.129506	33.336694	0.596329	0.414852	0.280505	0.310039	0.382626	0.645115	0.222643	0.795012	156.538724	4.000000	6.959928	11.866859	1.000000	0.517200	1.193459	4.000000	0.012461	3.153819	3.000000	0.012526	0.025542	4.000000	0.046859	1.406707	2.000000	0.045212	0.463956	1.000000	0.085218	0.262453	1.000000	0.023262	0.861543	4.000000	60.886602	12.443066	5.000000	0.015126	1.379382	3.000000	79.495928	27.321097	5.000000	0.025917	7.293102	2.000000	0.020227	1.309954	2.000000	0.018519	10.275748	5.000000	0.013987	38.305201	4.000000	0.011869
41	1	93.834680	31.114907	82.301981	50.209973	45.158317	82.215413	87.599614	65.659023	0.510704	0.317942	0.552273	0.467334	0.249129	0.183177	0.763974	0.437246	133.421772	6.000000	49.974387	6.999703	6.000000	0.185153	1.209812	4.000000	0.044262	8.371299	2.000000	0.028442	0.262082	3.000000	0.014353	0.198114	6.000000	0.012773	0.268260	6.000000	0.036139	1.291823	6.000000	0.012886	0.556321	1.000000	24.190374	12.613226	5.000000	0.268221	1.135061	1.000000	65.928524	39.164610	1.000000	0.169782	7.510050	4.000000	0.013005	0.808382	5.000000	0.014215	0.904692	5.000000	0.045613	46.750264	4.000000	0.197568
42	1	1.525496	10.042516	90.257834	69.938523	76.288448	87.782238	60.947712	62.362204	0.193444	0.221523	0.795134	0.830757	0.962335	0.477598	0.869387	0.381380	44.929459	4.000000	52.238206	12.333497	2.000000	0.028499	1.133617	4.000000	0.013859	7.465168	5.000000	0.018074	0.793732	4.000000	0.017712	0.802563	1.000000	0.011458	1.068130	1.000000	0.010538	0.506276	3.000000	0.090976	1.089708	5.000000	84.256306	0.254882	2.000000	0.137311	1.180453	6.000000	90.022630	41.748652	3.000000	0.013664	12.106649	1.000000	0.208886	1.575798	5.000000	0.047204	23.850768	3.000000	0.193271	43.302768	1.000000	0.011623
43	2	25.990991	77.041044	30.876335	89.483373	8.091868	71.697086	40.252537	62.260104	0.322620	0.767472	0.524737	0.288701	0.178875	0.811535	0.248822	0.182116	119.246165	3.000000	96.809259	6.624312	4.000000	0.010813	0.264242	4.000000	0.015614	5.965775	2.000000	0.014160	0.075667	4.000000	0.018457	1.544048	3.000000	0.022283	0.199375	1.000000	0.013624	0.171151	3.000000	0.059343	0.471646	4.000000	89.025151	4.187438	5.000000	0.014840	0.693867	4.000000	82.837473	53.865808	4.000000	0.054238	12.346717	3.000000	0.018063	1.263423	6.000000	0.010674	49.339604	3.000000	0.011259	40.582129	3.000000	0.024078
44	1	81.962879	68.278997	44.671056	95.149190	7.855410	36.300514	20.565344	88.974816	0.271567	0.761467	0.838124	0.106436	0.453449	0.134961	0.193603	0.173018	53.013650	3.000000	17.926921	7.587270	5.000000	0.014060	0.418848	4.000000	0.010041	3.455230	3.000000	0.011270	0.559112	6.000000	0.010903	1.497259	1.000000	0.018715	0.116550	2.000000	0.013908	0.736337	6.000000	0.022275	0.834515	1.000000	65.249471	3.727463	4.000000	0.044696	1.266786	3.000000	38.575027	56.257377	5.000000	0.014157	9.350986	3.000000	0.036586	0.393615	6.000000	0.016580	3.747223	5.000000	0.017942	44.748338	1.000000	0.010359
45	2	79.083590	66.746065	79.814097	1.095162	15.821600	20.085578	88.809589	27.354823	0.716367	0.616560	0.124194	0.963131	0.565613	0.912425	0.906363	0.364914	153.646626	5.000000	9.612767	1.050476	1.000000	0.011145	1.081897	3.000000	0.010130	5.854750	1.000000	0.017843	1.214695	2.000000	0.420066	0.926118	5.000000	0.013974	1.187406	5.000000	0.065974	1.436112	4.000000	0.024200	0.676282	3.000000	50.166036	13.837626	2.000000	0.044315	1.654226	6.000000	21.190350	24.209175	6.000000	0.061691	0.283023	5.000000	0.013319	1.391989	4.000000	0.019353	24.557881	3.000000	0.071526	19.666962	6.000000	0.019831
46	1	42.839123	93.978385	64.526775	2.278654	31.389089	9.753991	9.800916	8.844780	0.232831	0.112652	0.118149	0.393418	0.823372	0.714549	0.235679	0.614020	161.463805	6.000000	78.244492	5.486006	1.000000	0.010413	0.647814	1.000000	0.014577	5.607378	4.000000	0.017460	0.133376	1.000000	0.010042	0.361817	6.000000	0.033641	0.088753	6.000000	0.122350	0.457577	5.000000	0.018097	0.239867	4.000000	2.285880	6.968983	1.000000	0.017574	1.092338	2.000000	96.074345	54.958837	4.000000	0.031333	10.996427	3.000000	0.041833	0.726204	4.000000	0.178606	19.529070	5.000000	0.021355	19.980424	2.000000	0.022137
47	2	6.776256	79.132880	56.937532	10.381340	50.269680	97.386511	57.949118	10.550814	0.353174	0.554764	0.622340	0.374803	0.385055	0.750292	0.141426	0.560676	9.778259	2.000000	81.887761	0.495022	1.000000	0.010678	0.508400	3.000000	0.010368	11.649579	6.000000	0.027525	0.605796	3.000000	0.010014	1.426896	2.000000	0.038080	0.260803	5.000000	0.048197	0.352665	2.000000	0.022800	1.160174	5.000000	14.544149	0.246289	5.000000	0.035147	0.160937	3.000000	68.987252	11.986045	6.000000	0.048724	9.061456	3.000000	0.129087	1.019079	6.000000	0.058647	44.188037	2.000000	0.020569	35.533581	6.000000	0.028674
48	3	87.053267	13.567635	65.454037	59.565282	87.296481	90.024489	22.680619	64.573159	0.723694	0.441167	0.892127	0.570451	0.415948	0.427869	0.477862	0.959669	154.271204	3.000000	51.765318	12.157543	1.000000	0.010333	0.688913	6.000000	0.301821	12.426848	3.000000	0.023461	0.926788	2.000000	0.024529	1.182945	2.000000	0.012073	0.295887	2.000000	0.012306	0.156720	2.000000	0.026336	0.717639	4.000000	87.307252	8.465764	5.000000	0.018676	0.990498	3.000000	63.095159	7.420872	4.000000	0.019713	9.348942	5.000000	0.024284	1.538166	3.000000	0.012020	48.857258	5.000000	0.057386	11.894865	3.000000	0.031880
49	2	81.078411	57.939046	38.587414	56.981376	77.408103	55.873434	57.998560	4.348576	0.385045	0.426996	0.177241	0.285565	0.401337	0.970787	0.173548	0.698763	27.213480	1.000000	53.505210	0.785850	3.000000	0.056938	0.960907	3.000000	0.011153	8.882736	6.000000	0.165035	0.098558	6.000000	0.013776	1.115196	4.000000	0.129982	1.033467	3.000000	0.010365	1.264746	4.000000	0.019846	0.664773	1.000000	57.965980	4.717722	5.000000	0.065740	1.484164	3.000000	34.231844	47.869620	6.000000	0.016888	11.322645	3.000000	0.272706	0.342176	2.000000	0.020303	2.819137	1.000000	0.035416	13.325305	2.000000	0.023036
50	2	61.200244	29.752522	8.215656	51.876731	84.708249	87.301587	66.093631	32.062891	0.371315	0.743860	0.354822	0.163441	0.573649	0.689514	0.465005	0.542331	175.051142	1.000000	59.666033	10.108395	3.000000	0.013624	0.686102	4.000000	0.010933	4.382680	2.000000	0.014756	0.157920	1.000000	0.042042	1.209466	6.000000	0.010354	0.970770	6.000000	0.207751	0.869403	5.000000	0.011371	0.488677	4.000000	55.883585	5.406658	4.000000	0.316763	1.579365	4.000000	59.744097	16.065633	1.000000	0.126772	3.576912	6.000000	0.016147	0.713756	5.000000	0.021789	40.286644	4.000000	0.014143	10.785831	5.000000	0.012752
51	1	65.907601	3.693464	31.474149	79.288851	85.492600	97.339709	79.599568	31.509719	0.183153	0.358259	0.165047	0.464667	0.715131	0.158373	0.236007	0.282197	130.474783	1.000000	39.770163	7.950096	3.000000	0.062384	0.620521	4.000000	0.012866	10.277379	1.000000	0.010174	1.193836	6.000000	0.258963	0.211152	3.000000	0.021565	0.537605	5.000000	0.095099	1.465792	1.000000	0.575683	1.086907	1.000000	78.863733	2.142355	2.000000	0.010799	0.804441	3.000000	23.192959	54.386773	4.000000	0.019663	9.253051	1.000000	0.013207	0.577868	5.000000	0.016631	15.870582	2.000000	0.012710	27.700148	1.000000	0.012027
52	2	79.799628	4.208220	17.612696	8.489487	53.078244	43.948595	15.883191	4.149216	0.354185	0.351370	0.682767	0.343818	0.475309	0.486620	0.351271	0.755367	148.203684	4.000000	63.860215	6.972844	2.000000	0.070776	0.141297	4.000000	0.043137	11.743379	4.000000	0.158943	1.169520	6.000000	0.013355	0.983190	5.000000	0.018061	0.701938	2.000000	0.012015	1.109753	1.000000	0.010791	0.236318	2.000000	47.395530	1.337067	3.000000	0.013205	0.925929	5.000000	57.288871	51.054377	6.000000	0.068494	4.524739	2.000000	0.012246	1.474167	5.000000	0.032922	19.330697	5.000000	0.099203	29.547021	4.000000	0.014241
53	1	4.476885	85.315370	95.681722	39.123766	13.067902	2.304954	12.663651	11.919347	0.663211	0.871315	0.148704	0.991691	0.877752	0.980667	0.780838	0.949496	174.172455	5.000000	83.416181	9.614649	2.000000	0.024067	0.435154	1.000000	0.023830	10.290493	5.000000	0.033795	0.373693	2.000000	0.010767	0.992634	2.000000	0.013153	1.150983	5.000000	0.013853	0.599823	2.000000	0.013004	1.163162	4.000000	25.396045	8.386674	1.000000	0.014245	0.460483	5.000000	21.169986	38.615215	3.000000	0.011190	13.444230	2.000000	0.014879	1.413057	5.000000	0.017113	54.568286	6.000000	0.096551	15.335843	2.000000	0.017416
54	2	70.446130	7.767150	64.441585	5.033246	32.779772	20.252897	28.627834	78.557312	0.125930	0.913275	0.848316	0.838136	0.589733	0.125725	0.884439	0.248824	72.357742	4.000000	4.097547	9.661257	2.000000	0.011968	1.074421	4.000000	0.016430	8.574105	1.000000	0.110123	0.570359	3.000000	0.026594	0.728099	6.000000	0.011556	0.307340	3.000000	0.019648	1.319362	5.000000	0.039322	0.260444	3.000000	27.846525	6.967716	3.000000	0.015595	0.517575	5.000000	43.274113	21.036530	3.000000	0.021995	0.300293	4.000000	0.011223	1.234417	5.000000	0.017590	1.085601	5.000000	0.013796	34.873769	1.000000	0.032008
55	1	4.206791	16.353374	92.133683	43.224280	26.283562	34.298002	69.545382	42.783787	0.275138	0.216923	0.629567	0.661336	0.869396	0.819483	0.272605	0.601006	89.636694	2.000000	87.775522	1.467175	1.000000	0.100427	0.766582	3.000000	0.012566	4.785973	6.000000	0.018502	0.974612	2.000000	0.010650	0.468213	4.000000	0.026178	0.630856	3.000000	0.011352	0.691881	6.000000	0.804092	0.364390	1.000000	61.767815	7.344493	5.000000	0.013411	0.911976	3.000000	61.331394	42.700323	3.000000	0.051495	9.989512	6.000000	0.022361	1.589937	6.000000	0.264478	46.725434	2.000000	0.134945	57.136030	4.000000	0.015794
56	1	9.783297	95.088037	65.929259	31.890258	9.883955	66.518303	2.989259	77.031602	0.998520	0.512303	0.617751	0.154877	0.537494	0.872179	0.519695	0.426336	117.967838	6.000000	44.104579	5.560103	2.000000	0.023219	0.150186	5.000000	0.019395	6.171289	4.000000	0.051739	0.100491	3.000000	0.029811	0.622878	2.000000	0.188179	0.600217	5.000000	0.025678	1.622462	2.000000	0.042938	0.321804	6.000000	9.933046	3.289348	3.000000	0.010681	1.098426	5.000000	46.084941	19.102860	3.000000	0.161128	0.173549	6.000000	0.011210	0.472399	1.000000	0.011192	21.144761	2.000000	0.014195	53.299792	4.000000	0.010346
57	1	77.823767	38.951386	49.931155	88.578418	92.086070	90.070964	81.595058	18.886021	0.237104	0.572151	0.573738	0.355382	0.884734	0.233698	0.309919	0.540600	171.314815	1.000000	47.518059	12.080298	4.000000	0.023302	0.420148	6.000000	0.012198	2.641574	3.000000	0.019931	0.707453	5.000000	0.015717	0.801285	2.000000	0.035386	0.921576	5.000000	0.014680	0.531160	5.000000	0.526861	0.924833	1.000000	57.797795	6.643210	6.000000	0.033053	0.319465	1.000000	14.223730	48.827593	4.000000	0.010573	5.143209	3.000000	0.067440	1.190807	1.000000	0.016632	45.666828	2.000000	0.011543	11.299698	2.000000	0.012546
58	2	79.071043	62.372241	58.986234	94.073656	34.822820	67.869870	79.391511	61.049552	0.780340	0.621580	0.101916	0.965460	0.349920	0.213307	0.468788	0.707367	64.661859	3.000000	66.407002	2.416648	6.000000	0.021986	1.097248	5.000000	0.011916	0.405563	4.000000	0.010072	0.112059	2.000000	0.016739	1.543494	4.000000	0.042084	1.060547	2.000000	0.065295	0.677264	1.000000	0.015943	0.787337	3.000000	44.644057	7.203686	5.000000	0.044626	0.689303	6.000000	56.073154	38.463585	1.000000	0.044766	1.721234	1.000000	0.010256	1.617128	3.000000	0.065273	33.874707	6.000000	0.017692	24.386180	2.000000	0.025230
59	2	98.745803	21.354365	89.972143	28.218103	22.932875	45.361290	99.296820	23.681539	0.883549	0.414659	0.756767	0.457974	0.954339	0.293845	0.700644	0.856522	82.292716	1.000000	48.275008	10.916292	5.000000	0.019494	1.123128	3.000000	0.020533	1.594767	3.000000	0.019953	0.114914	2.000000	0.015428	0.672942	4.000000	0.021092	1.037391	3.000000	0.011669	1.335786	2.000000	0.020698	0.243505	6.000000	30.051197	6.441696	4.000000	0.020066	1.078758	1.000000	96.289333	35.694662	2.000000	0.013979	12.058465	1.000000	0.374012	1.396394	6.000000	0.108038	53.962718	2.000000	0.011180	27.175670	5.000000	0.017477
60	1	24.589228	75.623460	71.007479	43.025472	58.140012	2.045818	35.513790	96.171465	0.671675	0.885563	0.669274	0.540629	0.892136	0.558888	0.606096	0.744539	59.916353	1.000000	41.997660	5.676163	4.000000	0.010054	0.640265	6.000000	0.021547	0.314082	2.000000	0.020657	0.790307	1.000000	0.046316	0.100748	4.000000	0.011682	0.967045	2.000000	0.011805	1.401482	2.000000	0.028917	0.333688	1.000000	66.873781	1.085175	2.000000	0.047639	1.044325	2.000000	78.010325	51.103936	1.000000	0.048824	0.322829	5.000000	0.072029	0.782331	6.000000	0.026614	23.116699	1.000000	0.025574	9.936531	5.000000	0.026923
61	1	35.919672	17.774267	85.656018	73.315137	73.517067	44.912834	13.348983	33.614782	0.419516	0.862545	0.740636	0.199123	0.881131	0.502839	0.405267	0.444374	85.474729	2.000000	75.072522	7.010127	5.000000	0.013938	0.905088	5.000000	0.011762	12.620150	2.000000	0.011972	0.631536	5.000000	0.022726	0.872079	3.000000	0.094544	0.997319	3.000000	0.019897	1.313910	3.000000	0.132014	0.089631	5.000000	31.162838	1.015476	1.000000	0.011018	0.124190	6.000000	43.449627	26.446084	1.000000	0.015651	11.800980	1.000000	0.038191	0.532737	1.000000	0.010649	46.833920	3.000000	0.020741	45.590658	4.000000	0.016491
62	4	91.566191	74.540996	55.930943	68.085220	74.199986	82.666086	90.054189	86.461509	0.666663	0.671967	0.927817	0.408619	0.983964	0.810445	0.860173	0.687504	46.642603	2.000000	96.657341	3.992339	6.000000	0.012017	0.724678	2.000000	0.020106	12.039425	6.000000	0.013333	0.726581	3.000000	0.011987	1.308501	4.000000	0.012194	0.147841	1.000000	0.011281	0.953879	1.000000	0.012761	0.342721	4.000000	34.221265	4.989478	3.000000	0.016595	0.296478	2.000000	75.593593	13.132898	3.000000	0.014731	0.198091	1.000000	0.010073	1.298526	5.000000	0.014061	9.265781	6.000000	0.053053	53.276040	2.000000	0.076576
63	1	57.174171	2.975063	19.555468	53.364013	27.835748	36.448901	63.223915	63.546281	0.435871	0.311535	0.482268	0.736416	0.305971	0.794192	0.875852	0.501781	168.596055	2.000000	88.288881	3.925363	4.000000	0.017806	1.225257	2.000000	0.173581	10.560053	4.000000	0.011702	0.263824	2.000000	0.036208	0.828563	2.000000	0.106358	0.090048	1.000000	0.010571	1.141548	2.000000	0.018047	0.437294	2.000000	55.861071	6.919233	5.000000	0.057129	1.631525	3.000000	10.303431	16.788506	3.000000	0.014910	8.290403	4.000000	0.018877	1.430851	2.000000	0.016093	40.473894	3.000000	0.018191	39.783884	4.000000	0.010158
64	1	70.638655	31.245965	12.559663	41.227565	57.857906	45.982842	27.935235	17.661845	0.688411	0.613603	0.648070	0.763272	0.637260	0.840691	0.170432	0.297795	106.570464	4.000000	20.832053	3.323154	3.000000	0.771832	0.260732	6.000000	0.028875	10.712006	3.000000	0.019898	0.086409	1.000000	0.033299	1.254298	4.000000	0.038257	0.040768	4.000000	0.022550	0.594012	4.000000	0.010513	0.159705	6.000000	10.690894	1.791654	4.000000	0.010286	0.665528	2.000000	7.561787	51.338515	6.000000	0.010085	4.202015	4.000000	0.025135	0.037548	2.000000	0.012773	5.784330	4.000000	0.016859	29.921581	1.000000	0.014280
65	1	2.362929	30.225245	86.326770	41.588604	68.285981	62.183519	45.897280	94.057061	0.513255	0.555419	0.955904	0.671662	0.767210	0.967090	0.156307	0.210404	47.975709	5.000000	98.051646	8.526729	2.000000	0.015764	0.022217	2.000000	0.298638	4.025266	4.000000	0.017943	0.363668	2.000000	0.012200	0.082659	1.000000	0.010498	0.456661	3.000000	0.036935	0.582916	2.000000	0.020032	1.003384	3.000000	16.174715	3.969160	4.000000	0.013223	1.520310	5.000000	68.790785	5.322700	3.000000	0.027268	13.311974	3.000000	0.012741	1.125840	2.000000	0.027543	31.211432	4.000000	0.011884	44.698009	6.000000	0.010017
66	1	96.786410	27.423564	5.778162	73.188371	83.661308	26.518790	90.362249	93.252613	0.384481	0.443768	0.937284	0.355939	0.191195	0.862542	0.363640	0.252030	27.474453	2.000000	93.844067	6.751659	1.000000	0.010622	0.857454	1.000000	0.013961	7.035767	4.000000	0.101877	1.150158	3.000000	0.020811	0.945150	3.000000	0.011213	0.615773	5.000000	0.012303	0.853912	1.000000	0.010141	1.182115	5.000000	13.233738	5.511315	3.000000	0.022631	1.170636	2.000000	41.619648	1.505015	6.000000	0.010888	4.807576	3.000000	0.017127	1.609072	3.000000	0.013922	32.345970	6.000000	0.016764	52.580374	5.000000	0.104634
67	1	48.750027	96.779651	23.565650	57.505846	82.229090	50.871161	99.261550	33.952617	0.780787	0.646641	0.899148	0.337593	0.253498	0.750164	0.872744	0.479483	25.309052	3.000000	62.620469	7.723343	3.000000	0.014146	0.984436	5.000000	0.017191	6.917581	2.000000	0.058353	0.590498	3.000000	0.019981	0.075293	5.000000	0.013146	0.224517	4.000000	0.012575	0.913105	3.000000	0.015567	0.939215	5.000000	64.435535	6.649548	2.000000	0.079957	0.028624	2.000000	40.558958	55.917213	5.000000	0.010997	0.939834	1.000000	0.094605	1.362736	2.000000	0.015301	56.316970	5.000000	0.057553	49.579520	6.000000	0.045629
68	3	14.671630	35.416117	54.831360	11.017233	41.318088	74.026298	65.793733	27.313111	0.529535	0.886941	0.944203	0.496510	0.101726	0.538575	0.888231	0.450819	89.134156	6.000000	11.217427	8.699134	3.000000	0.014075	0.167578	1.000000	0.013675	4.127373	4.000000	0.021995	0.703109	5.000000	0.011282	1.208383	3.000000	0.039589	0.019394	2.000000	0.018613	0.238803	5.000000	0.871080	0.770803	3.000000	33.504524	6.887853	2.000000	0.024988	1.576350	1.000000	33.071267	4.017863	5.000000	0.026951	12.234168	3.000000	0.032787	0.989557	2.000000	0.012440	54.937388	1.000000	0.071724	43.197769	5.000000	0.015107
69	3	89.504796	34.994038	5.985861	43.882618	87.137901	97.106193	53.199547	19.808900	0.393291	0.168802	0.159276	0.997035	0.737893	0.343221	0.398013	0.718231	1.968331	1.000000	19.845284	6.099637	3.000000	0.030021	0.414406	5.000000	0.015600	12.093180	4.000000	0.024705	0.625783	2.000000	0.014506	1.471326	3.000000	0.022738	0.347757	4.000000	0.134357	0.319484	1.000000	0.011650	0.254319	4.000000	12.129357	1.223739	2.000000	0.012988	0.592184	5.000000	93.498815	35.804767	1.000000	0.013846	5.147064	3.000000	0.727257	1.157479	2.000000	0.031674	44.469540	5.000000	0.049953	45.338735	2.000000	0.018311
70	3	65.538907	48.954804	42.218178	49.315743	8.324119	91.282705	11.677804	35.404851	0.790267	0.883410	0.273953	0.172623	0.654355	0.701755	0.865008	0.976123	113.798047	1.000000	60.061884	4.771386	3.000000	0.277668	0.710131	3.000000	0.011350	5.627754	4.000000	0.030152	1.163426	5.000000	0.016310	1.056196	6.000000	0.015494	0.870915	6.000000	0.031359	1.164879	6.000000	0.012256	0.308096	3.000000	74.310681	5.843302	1.000000	0.011108	0.349935	5.000000	33.407998	40.870338	4.000000	0.026428	1.393655	5.000000	0.011359	0.190286	3.000000	0.012237	13.316856	5.000000	0.010774	7.406572	1.000000	0.014211
71	2	91.523201	81.223999	63.085698	98.548550	98.283627	90.941394	66.537145	52.003537	0.914197	0.240990	0.269230	0.964243	0.625044	0.706364	0.512899	0.320453	166.607004	5.000000	13.017865	2.297046	3.000000	0.074197	0.374206	4.000000	0.026814	10.258064	4.000000	0.011548	0.871733	2.000000	0.072244	0.201956	2.000000	0.066397	0.814224	4.000000	0.025771	0.602145	3.000000	0.016858	0.229298	6.000000	19.546066	5.187461	2.000000	0.010652	1.454170	4.000000	55.953012	52.124404	3.000000	0.010812	3.998541	3.000000	0.217667	0.180087	4.000000	0.016186	41.607029	3.000000	0.016383	10.254628	4.000000	0.011442
72	1	64.770532	51.536743	23.388414	28.933565	54.761833	14.788791	27.712083	78.610828	0.801204	0.222409	0.600849	0.934774	0.385755	0.349411	0.443643	0.912920	92.135676	4.000000	99.866001	4.342224	3.000000	0.025062	1.067810	2.000000	0.047916	7.546995	6.000000	0.011323	0.875356	5.000000	0.015227	0.062788	2.000000	0.010572	0.790827	3.000000	0.011238	1.312281	6.000000	0.018052	0.853101	1.000000	36.274927	5.246183	5.000000	0.017271	1.065702	6.000000	49.609493	16.640060	2.000000	0.016716	4.316502	5.000000	0.078444	0.306018	5.000000	0.018227	19.515582	3.000000	0.019251	7.747035	1.000000	0.025297
73	2	62.175238	5.165194	47.423178	34.023718	57.057635	78.596701	53.182952	48.144681	0.478212	0.273825	0.919056	0.466230	0.385299	0.378147	0.676480	0.876887	144.689197	6.000000	93.431768	11.784927	6.000000	0.056314	0.330443	3.000000	0.015232	10.415127	4.000000	0.027967	1.127598	6.000000	0.013309	0.640553	3.000000	0.673803	0.240424	6.000000	0.015347	1.465774	3.000000	0.011839	0.519398	1.000000	5.955921	4.770152	3.000000	0.079803	1.463455	4.000000	38.275639	8.513590	1.000000	0.012901	1.469856	5.000000	0.066237	1.010410	4.000000	0.018846	13.997434	2.000000	0.113337	53.805971	2.000000	0.040618
74	1	58.014061	26.104240	39.133663	21.332070	4.128541	40.215897	39.745491	49.116528	0.362607	0.742487	0.202383	0.218381	0.553419	0.663346	0.990094	0.505338	105.477750	3.000000	9.426685	2.428706	6.000000	0.012880	0.928521	4.000000	0.016232	3.521171	6.000000	0.021305	0.702762	3.000000	0.018720	1.312028	2.000000	0.039764	1.257817	3.000000	0.029584	1.590929	1.000000	0.051094	0.544993	5.000000	91.217476	8.958036	6.000000	0.021710	0.942349	2.000000	60.974241	42.589701	4.000000	0.020647	11.996535	2.000000	0.011112	1.019727	4.000000	0.343839	10.337619	3.000000	0.027400	55.166091	4.000000	0.026527
75	1	73.276524	50.573430	36.430505	66.356303	50.355435	1.885981	90.670370	20.531042	0.830858	0.512711	0.814640	0.774317	0.719177	0.626337	0.153958	0.135498	168.773758	5.000000	12.435683	1.664319	6.000000	0.041451	0.393077	3.000000	0.037805	1.564143	1.000000	0.011541	0.979791	5.000000	0.011159	1.295237	2.000000	0.010672	0.545851	6.000000	0.029518	0.472181	1.000000	0.014197	1.246456	6.000000	14.640935	1.023482	4.000000	0.011918	1.286717	1.000000	9.903366	2.565496	1.000000	0.011527	0.684719	2.000000	0.015668	0.870967	5.000000	0.011461	23.199944	3.000000	0.024485	39.950419	5.000000	0.017362
76	2	93.790099	54.017822	94.551734	89.447463	37.697318	3.411236	80.942169	70.776776	0.298896	0.276794	0.836097	0.619419	0.876822	0.581561	0.146403	0.517538	136.473800	2.000000	65.509660	4.784442	1.000000	0.079385	0.326453	6.000000	0.018619	1.862240	4.000000	0.013178	0.552798	3.000000	0.031081	1.649272	5.000000	0.380220	0.102105	5.000000	0.019485	1.615479	6.000000	0.010838	0.023405	1.000000	76.964416	12.965236	1.000000	0.015325	1.165494	5.000000	48.996419	24.403911	1.000000	0.022750	10.553619	4.000000	0.020674	1.327138	4.000000	0.016548	31.366346	5.000000	0.100644	51.722160	4.000000	0.019140
77	1	38.312409	84.448714	39.292084	6.580994	90.232542	12.310436	16.675352	24.542224	0.381495	0.659793	0.457653	0.569597	0.244018	0.217119	0.309704	0.718530	45.335662	5.000000	36.559765	8.274318	5.000000	0.014708	0.932661	1.000000	0.022045	1.062126	5.000000	0.013546	1.094896	4.000000	0.051686	0.665916	1.000000	0.086231	0.376421	1.000000	0.029722	0.690934	1.000000	0.014774	1.071422	1.000000	41.956554	13.978149	2.000000	0.022956	0.649178	1.000000	4.220046	48.170606	1.000000	0.010472	8.193346	3.000000	0.123381	0.797021	1.000000	0.016381	3.611163	5.000000	0.012252	50.130285	2.000000	0.021743
78	1	18.693003	73.364008	13.987673	96.743091	46.203858	94.156644	52.364799	70.505475	0.299637	0.552120	0.254601	0.880898	0.913615	0.363354	0.300890	0.270517	84.292125	6.000000	87.029974	3.850467	4.000000	0.469438	0.191509	3.000000	0.012364	8.800595	2.000000	0.055816	1.158870	4.000000	0.014538	1.438335	1.000000	0.046486	0.547000	4.000000	0.012464	1.377584	1.000000	0.015062	0.131810	2.000000	2.353174	5.734607	2.000000	0.031234	0.594395	5.000000	98.898236	2.999831	1.000000	0.014940	4.581354	5.000000	0.061878	1.308408	5.000000	0.023729	44.655177	2.000000	0.034621	24.616157	2.000000	0.010616
79	2	91.435562	9.122294	40.670505	62.089773	18.914287	8.529146	6.755377	94.459786	0.682623	0.516897	0.813510	0.977269	0.181984	0.587101	0.466415	0.480198	173.894171	2.000000	84.810309	3.247425	4.000000	0.051756	0.867212	4.000000	0.011526	8.135520	2.000000	0.058351	1.065182	4.000000	0.190664	0.784133	5.000000	0.016947	0.675827	3.000000	0.019010	0.445144	4.000000	0.015160	0.677783	6.000000	67.979489	9.042560	3.000000	0.017901	1.337531	3.000000	77.393590	47.613886	2.000000	0.010045	2.783828	4.000000	0.046624	0.187888	5.000000	0.027194	49.841953	6.000000	0.068644	1.751460	5.000000	0.011029
80	2	38.402315	40.460986	72.590601	35.118115	64.395094	98.917016	62.492006	7.159109	0.385416	0.962692	0.660240	0.945374	0.720439	0.243587	0.406980	0.409688	144.882809	6.000000	65.523599	11.823267	3.000000	0.041840	0.703991	3.000000	0.015745	5.628922	6.000000	0.015063	0.426592	2.000000	0.079166	1.662841	1.000000	0.016179	0.280537	4.000000	0.018725	1.524288	3.000000	0.037498	0.915183	2.000000	94.251207	5.903463	3.000000	0.019377	1.242384	4.000000	61.430272	22.925521	3.000000	0.082934	9.197173	1.000000	0.011633	0.638153	1.000000	0.327088	23.396299	5.000000	0.027027	25.481941	1.000000	0.020847
81	2	96.536713	1.228530	89.150917	2.351208	74.267441	24.491236	36.872589	36.935934	0.518680	0.222428	0.978653	0.237265	0.987783	0.633865	0.499190	0.605130	132.753803	1.000000	65.783873	12.926567	5.000000	0.015055	1.032804	5.000000	0.023529	11.540706	4.000000	0.011476	0.176958	1.000000	0.012179	0.018179	3.000000	0.031550	1.261600	2.000000	0.027286	1.639025	3.000000	0.011429	1.236256	6.000000	2.053130	1.351340	4.000000	0.011370	1.320601	6.000000	25.990189	32.944262	5.000000	0.010602	11.333668	1.000000	0.013422	0.556555	6.000000	0.387474	34.555150	6.000000	0.090478	45.402880	2.000000	0.022071
82	2	48.396364	61.903154	25.461404	43.135916	7.551715	34.371024	14.086379	68.019979	0.532748	0.562021	0.880227	0.293928	0.805158	0.684816	0.537834	0.482343	23.275384	4.000000	28.137747	0.582503	2.000000	0.018615	0.639693	3.000000	0.011083	10.574232	5.000000	0.012119	0.392884	6.000000	0.017287	0.915381	6.000000	0.010162	0.632372	5.000000	0.044079	1.353091	5.000000	0.022545	1.035144	1.000000	43.383054	1.104707	5.000000	0.029944	0.201831	3.000000	18.073776	16.855043	5.000000	0.089683	8.996229	6.000000	0.031509	1.221590	5.000000	0.015308	11.835862	5.000000	0.013128	12.592233	4.000000	0.032657
83	2	37.701141	28.908572	77.323234	18.519794	40.765599	71.696789	28.032720	34.227197	0.481801	0.504665	0.953431	0.513170	0.869519	0.330569	0.859476	0.993581	71.109240	3.000000	17.710628	1.219068	2.000000	0.026560	0.427652	4.000000	0.013880	2.508613	5.000000	0.013400	0.727786	2.000000	0.017180	0.767166	5.000000	0.037515	0.650526	5.000000	0.026636	0.673618	4.000000	0.054073	0.201032	2.000000	66.452320	12.752490	4.000000	0.036876	1.100992	6.000000	78.975498	32.490413	5.000000	0.012151	11.154009	3.000000	0.015276	0.510711	4.000000	0.012389	44.108883	2.000000	0.036598	52.879654	6.000000	0.034660
84	2	1.231526	89.686439	67.201315	84.429645	97.410223	44.748571	2.641121	72.536767	0.653117	0.261263	0.539372	0.864109	0.909045	0.712443	0.585290	0.222071	85.556814	4.000000	20.831394	3.983461	6.000000	0.026149	0.235074	5.000000	0.035264	5.395672	2.000000	0.019134	1.200720	5.000000	0.024507	1.017952	4.000000	0.011245	0.102979	4.000000	0.802832	0.074242	1.000000	0.015798	0.885073	6.000000	52.932338	12.477282	5.000000	0.024007	0.848064	3.000000	32.503395	27.745847	6.000000	0.024873	13.494493	6.000000	0.020332	0.869290	5.000000	0.027560	24.286300	1.000000	0.010020	41.697302	5.000000	0.059558
85	1	9.859512	56.925547	56.397280	84.874266	46.120060	7.515378	77.581267	30.229354	0.635109	0.566846	0.481832	0.664620	0.314840	0.391665	0.227923	0.971470	161.977670	3.000000	86.667504	2.159176	5.000000	0.014864	0.267497	3.000000	0.011951	1.044017	4.000000	0.024157	1.065789	1.000000	0.054891	0.397151	3.000000	0.010793	0.830970	4.000000	0.010702	0.858942	2.000000	0.012872	1.104951	2.000000	31.740728	1.525830	5.000000	0.017341	0.143030	4.000000	3.991870	48.619303	4.000000	0.014259	11.429372	6.000000	0.010417	0.806600	3.000000	0.014509	54.493802	3.000000	0.043143	20.398072	3.000000	0.022989
86	1	92.488806	93.111972	65.951083	50.503471	13.933823	97.270312	9.522558	67.883716	0.813568	0.309826	0.763949	0.232921	0.432970	0.428971	0.791517	0.437658	78.317500	5.000000	83.352107	8.222177	5.000000	0.078158	0.670329	2.000000	0.011027	8.315508	4.000000	0.021389	0.995706	2.000000	0.016593	0.722056	5.000000	0.029731	0.189150	2.000000	0.022015	0.840833	2.000000	0.012760	0.347602	6.000000	20.835368	11.666152	3.000000	0.066218	1.062839	2.000000	1.197618	49.953036	3.000000	0.040182	8.038989	3.000000	0.011938	0.277757	3.000000	0.046746	19.955732	6.000000	0.130295	20.143761	4.000000	0.058103
87	2	16.749895	47.764239	44.024012	66.075829	64.114989	73.212696	15.222860	96.982216	0.623766	0.823585	0.890893	0.623614	0.144237	0.350472	0.327105	0.850413	174.424597	6.000000	43.367533	4.083614	6.000000	0.163795	1.175841	5.000000	0.013899	6.441081	6.000000	0.012577	0.305825	1.000000	0.016708	1.535596	3.000000	0.032473	0.688208	3.000000	0.011311	1.022518	3.000000	0.022680	0.889423	4.000000	98.103624	11.683829	3.000000	0.029870	1.443703	2.000000	84.818931	7.910317	4.000000	0.018533	2.946582	3.000000	0.010498	0.920379	2.000000	0.012616	33.360493	4.000000	0.041871	4.170263	1.000000	0.019246
88	1	52.663971	44.584682	74.828153	74.219000	45.618202	66.008778	73.434472	30.352580	0.612449	0.255758	0.952627	0.277279	0.320473	0.677193	0.439654	0.873126	27.058432	2.000000	42.940103	3.847684	3.000000	0.313974	0.741065	4.000000	0.042008	0.873844	5.000000	0.011911	0.774112	2.000000	0.015589	0.132991	3.000000	0.034355	0.168483	3.000000	0.016771	0.223347	6.000000	0.029779	0.130953	1.000000	12.279165	1.322150	2.000000	0.015770	1.444768	4.000000	3.355236	48.547392	6.000000	0.179481	12.456280	3.000000	0.012258	1.293436	3.000000	0.022596	18.549385	3.000000	0.022326	38.974974	2.000000	0.025470
89	2	9.489118	94.144792	91.461139	61.011050	33.666458	53.961885	75.031959	26.055980	0.853990	0.330355	0.785040	0.913244	0.376339	0.878954	0.376020	0.390403	82.894948	6.000000	46.151012	8.443897	1.000000	0.025697	0.598420	1.000000	0.011034	3.094677	6.000000	0.011526	0.627637	6.000000	0.630659	0.846491	6.000000	0.025233	0.796094	5.000000	0.012447	0.370648	2.000000	0.012624	0.266400	1.000000	92.055732	1.249154	3.000000	0.037770	0.720778	4.000000	47.921143	51.937099	5.000000	0.015330	13.309635	4.000000	0.013267	0.515194	1.000000	0.019468	55.502492	5.000000	0.013985	7.202529	6.000000	0.013623
90	2	51.526101	4.057186	42.364796	61.506149	97.237436	62.634258	21.047342	77.352574	0.101047	0.449799	0.786565	0.722283	0.369567	0.787527	0.852254	0.373969	37.139681	5.000000	86.205322	12.883095	1.000000	0.135997	0.992310	6.000000	0.010281	3.958244	4.000000	0.011726	0.244387	4.000000	0.187203	1.465204	1.000000	0.015490	0.263946	3.000000	0.408935	0.110543	4.000000	0.023064	0.058723	1.000000	15.193736	9.714755	3.000000	0.039741	0.521201	2.000000	38.488362	21.917278	6.000000	0.011156	6.780448	1.000000	0.115231	0.806232	3.000000	0.011180	34.475404	2.000000	0.012745	5.553966	2.000000	0.262151
91	2	18.044192	68.173810	42.119087	2.353662	75.332961	51.636972	34.343525	2.370487	0.250524	0.698219	0.182082	0.229455	0.762798	0.308352	0.710888	0.502466	76.343876	6.000000	45.420015	3.377222	2.000000	0.029644	0.755436	1.000000	0.024116	6.510563	3.000000	0.013716	0.971546	5.000000	0.012462	0.119394	5.000000	0.024458	0.385456	1.000000	0.010292	1.173857	3.000000	0.051800	0.646653	1.000000	77.918735	0.304952	4.000000	0.012558	0.386314	1.000000	18.637146	8.017877	3.000000	0.248396	11.025028	2.000000	0.081714	0.612261	6.000000	0.026236	47.500362	6.000000	0.017454	45.911898	1.000000	0.013934
92	2	36.044242	92.339879	15.820752	69.234304	19.800833	37.854550	94.201684	25.123099	0.678238	0.753993	0.179562	0.317778	0.503976	0.136271	0.381862	0.962288	62.087187	3.000000	40.984013	1.583217	5.000000	0.010439	0.511453	5.000000	0.013672	5.292945	1.000000	0.016220	0.984395	2.000000	0.011508	0.130361	1.000000	0.010876	0.253541	6.000000	0.081619	0.470398	4.000000	0.119988	0.682845	3.000000	95.711596	13.650876	3.000000	0.011797	1.457884	6.000000	58.041405	47.758742	4.000000	0.012537	9.419246	6.000000	0.012933	0.456860	4.000000	0.011561	37.528100	5.000000	0.029617	57.188976	6.000000	0.021349
93	2	44.095583	47.495067	40.192912	6.668528	90.031836	69.623443	15.520882	69.330321	0.427996	0.291870	0.102060	0.428138	0.465869	0.355298	0.635078	0.203786	83.692989	6.000000	14.595416	2.572847	1.000000	0.037905	0.289071	6.000000	0.029083	11.360427	4.000000	0.016201	0.364861	2.000000	0.013968	1.197464	6.000000	0.016643	1.194620	2.000000	0.097146	0.372380	6.000000	0.058133	0.676007	5.000000	23.466260	1.567887	6.000000	0.080321	0.215081	4.000000	92.856974	27.132912	4.000000	0.015471	2.397224	4.000000	0.017114	0.892795	1.000000	0.015154	50.944412	4.000000	0.010829	31.443087	6.000000	0.010860
94	3	31.680395	39.643765	71.302536	31.227443	63.368205	61.827504	47.732908	36.118926	0.427202	0.240759	0.503914	0.620830	0.748394	0.993782	0.912211	0.998427	26.371993	4.000000	43.144532	3.742358	4.000000	0.086938	0.047730	4.000000	0.026442	12.309130	6.000000	0.050098	0.112924	6.000000	0.017027	0.888553	6.000000	0.017007	0.381786	1.000000	0.044546	0.097506	2.000000	0.058849	0.822447	5.000000	78.026803	0.794063	3.000000	0.032353	1.270395	3.000000	91.383717	30.017060	5.000000	0.011116	4.500469	3.000000	0.011446	0.212535	5.000000	0.024169	49.706734	6.000000	0.012281	28.023561	5.000000	0.069722
95	2	2.290391	19.199377	93.737533	72.235924	40.683790	46.027025	46.104724	48.540450	0.249298	0.721213	0.739233	0.797786	0.611820	0.361583	0.333057	0.695605	152.711076	3.000000	46.343937	10.392442	6.000000	0.010381	0.309405	5.000000	0.096374	12.279512	1.000000	0.023442	1.223037	1.000000	0.019153	0.852464	4.000000	0.010563	0.439036	6.000000	0.051367	0.624180	6.000000	0.013587	0.546808	5.000000	34.832538	12.095689	5.000000	0.012964	0.255277	6.000000	63.765452	30.967397	4.000000	0.024636	14.076871	5.000000	0.011972	0.467614	4.000000	0.015351	25.016069	4.000000	0.011994	52.582962	1.000000	0.024971
96	2	6.185394	1.360238	15.317139	23.387840	54.353623	77.190548	12.463396	9.452844	0.836889	0.693351	0.565653	0.606173	0.840708	0.105756	0.893485	0.422197	12.326452	6.000000	96.016076	6.371844	4.000000	0.010834	1.069015	6.000000	0.011210	14.193270	3.000000	0.050387	1.163985	5.000000	0.873836	0.655197	6.000000	0.012006	0.979511	1.000000	0.356958	1.350112	5.000000	0.024877	0.295314	2.000000	72.367174	6.300058	2.000000	0.011746	0.687150	6.000000	82.593261	33.264196	5.000000	0.079358	6.320555	6.000000	0.016576	0.834813	5.000000	0.011557	51.629243	4.000000	0.018664	5.393566	6.000000	0.017904
97	1	37.196970	59.577299	5.923876	14.738857	28.783871	71.136588	81.667012	83.855265	0.547673	0.872043	0.734702	0.353559	0.719236	0.153296	0.474426	0.463692	49.049157	1.000000	12.941322	8.703918	1.000000	0.025245	1.235368	4.000000	0.019048	0.394720	5.000000	0.019976	0.653790	2.000000	0.010660	1.652668	1.000000	0.012222	0.635753	2.000000	0.020363	0.558405	2.000000	0.053126	0.762763	6.000000	92.343344	3.839041	2.000000	0.012852	0.744300	3.000000	10.847660	4.327995	2.000000	0.082944	10.425511	6.000000	0.050388	0.651366	2.000000	0.026151	15.190449	1.000000	0.013877	48.353355	1.000000	0.039258
98	2	51.057438	7.975888	91.994424	43.711038	43.518613	12.295600	86.301390	15.310287	0.498648	0.212224	0.865633	0.208925	0.362922	0.883266	0.195024	0.629881	99.230722	4.000000	56.182679	10.123455	5.000000	0.014589	0.378002	2.000000	0.028647	12.617393	1.000000	0.042161	0.664028	1.000000	0.010024	1.524660	1.000000	0.011248	0.763743	6.000000	0.015000	1.603403	6.000000	0.032061	0.732299	2.000000	68.111152	14.088752	6.000000	0.042489	1.553596	2.000000	16.667015	33.814422	5.000000	0.010438	5.566551	4.000000	0.022646	0.688012	3.000000	0.042904	18.003424	2.000000	0.013471	50.714662	3.000000	0.023789
99	2	41.157538	30.910319	21.931054	13.910158	99.477183	24.070347	7.887491	7.871024	0.989285	0.708717	0.594411	0.469388	0.989847	0.754864	0.396518	0.299051	5.185068	1.000000	38.270155	5.675766	1.000000	0.013680	0.266856	5.000000	0.023874	3.801754	5.000000	0.049968	0.418639	4.000000	0.018580	1.202492	5.000000	0.018964	0.256750	6.000000	0.011598	0.913948	4.000000	0.020527	0.370033	5.000000	49.358551	11.226590	5.000000	0.021542	0.502690	1.000000	53.887108	1.755333	1.000000	0.047320	5.863601	4.000000	0.066336	0.681153	6.000000	0.029325	32.110571	4.000000	0.013573	49.964087	3.000000	0.023822
100	2	61.135786	65.228746	80.347558	57.458599	67.648606	3.619793	17.714198	4.950339	0.946400	0.758059	0.196898	0.836390	0.698676	0.843216	0.174784	0.484379	143.271563	3.000000	20.309541	4.928979	2.000000	0.069633	0.323628	2.000000	0.123662	12.878635	4.000000	0.057429	0.155813	6.000000	0.114403	1.069333	6.000000	0.032541	0.212440	6.000000	0.029606	0.213535	3.000000	0.014125	0.603243	5.000000	80.595176	6.867799	4.000000	0.015511	0.101734	3.000000	89.807382	41.759268	6.000000	0.071023	11.225467	1.000000	0.028049	1.464618	6.000000	0.052378	13.807391	3.000000	0.120099	29.837814	2.000000	0.079480
