1	3	90.776422	95.937345	16.677955	69.963317	18.036968	0.405413	0.416115	0.663417	0.666144	0.326163	1.462394	4.000000	0.021950	80.802156	6.000000	0.013606	49.121032	1.000000	73.345367	3.711658	2.000000	0.032884	0.819485	3.000000	23.822358	117.611474	1.000000	94.159484	0.173783	3.000000	0.015958	1.687990	4.000000	0.020990	20.831640	5.000000	0.020010	1.373661	3.000000	0.013580
2	2	40.522243	82.707427	19.116647	99.956959	21.677923	0.413086	0.378786	0.936318	0.949933	0.378869	0.607051	1.000000	0.021082	10.448220	2.000000	0.015366	10.273021	1.000000	85.114244	0.887857	6.000000	0.035281	0.048076	3.000000	76.944344	53.413424	1.000000	12.555115	1.464962	4.000000	0.181144	4.874634	3.000000	0.010078	48.506557	3.000000	0.018018	1.580691	5.000000	0.216866
3	1	24.280401	93.543112	97.346397	27.631640	85.148573	0.238208	0.872770	0.994908	0.864503	0.153837	0.049111	4.000000	0.033738	116.737355	3.000000	0.160598	47.711552	1.000000	78.286510	2.018878	6.000000	0.033541	1.161163	5.000000	13.452437	56.974447	4.000000	50.644967	7.931513	4.000000	0.072522	10.494852	4.000000	0.026828	45.560262	2.000000	0.010706	0.261513	5.000000	0.025583
4	1	21.349167	30.103795	84.794344	49.130628	5.944516	0.645231	0.288932	0.134255	0.403853	0.997017	0.808794	2.000000	0.017864	10.643811	6.000000	0.077785	2.657977	6.000000	19.763783	0.642555	4.000000	0.244265	0.813900	5.000000	23.616921	27.262945	3.000000	77.902392	11.172910	1.000000	0.018360	13.837154	6.000000	0.017859	22.609185	5.000000	0.018616	0.417990	4.000000	0.012541
5	2	47.740255	10.749254	76.203313	39.474595	31.452495	0.355321	0.855001	0.858628	0.350362	0.172121	1.193896	1.000000	0.010621	71.131273	4.000000	0.032834	24.264389	2.000000	83.245764	4.165346	4.000000	0.043575	0.971520	6.000000	32.604680	140.997165	2.000000	62.024178	2.981693	1.000000	0.010343	12.170172	6.000000	0.012784	8.180931	2.000000	0.012240	0.283691	4.000000	0.013698
6	2	7.793483	39.364621	33.123270	8.319507	25.592571	0.861447	0.542559	0.607573	0.999709	0.707154	1.454611	4.000000	0.012687	39.887605	4.000000	0.013620	54.842217	4.000000	33.342144	3.423031	6.000000	0.013491	1.011070	1.000000	46.290035	102.361151	5.000000	32.991436	12.652874	2.000000	0.024347	4.916876	4.000000	0.021933	0.802455	5.000000	0.174753	0.494376	3.000000	0.185167
7	3	67.111686	61.177147	55.390603	59.416251	99.454497	0.196352	0.870466	0.736400	0.461013	0.965428	1.386495	4.000000	0.012665	165.654032	3.000000	0.013536	8.399865	5.000000	62.418105	3.755416	4.000000	0.010132	0.187477	2.000000	8.194988	11.243403	2.000000	97.602955	5.498147	5.000000	0.012524	5.718753	3.000000	0.013776	2.861383	3.000000	0.045174	0.920445	5.000000	0.081116
8	2	92.801098	72.569660	47.522567	85.606026	98.533108	0.261755	0.661993	0.416128	0.578949	0.189186	0.051582	6.000000	0.029487	28.043176	4.000000	0.069764	19.357489	6.000000	85.705308	1.313584	5.000000	0.013536	0.113057	1.000000	62.401339	82.779375	1.000000	98.917573	9.615541	5.000000	0.010102	4.189417	5.000000	0.020599	52.910716	3.000000	0.028699	0.303759	3.000000	0.012082
9	2	34.000179	31.485532	91.241352	57.923672	59.418133	0.348712	0.799398	0.569226	0.636760	0.383485	0.129061	3.000000	0.224187	23.164457	3.000000	0.114891	14.983654	6.000000	8.633167	2.781401	1.000000	0.031166	1.009545	4.000000	96.406236	14.806880	4.000000	16.947531	14.505240	3.000000	0.016602	14.025634	5.000000	0.010444	46.272589	1.000000	0.014131	1.290472	1.000000	0.092120
10	3	51.675580	33.594122	98.014066	80.824023	35.963261	0.162209	0.943583	0.853013	0.267852	0.606726	0.966449	6.000000	0.011172	98.539714	5.000000	0.053110	9.005764	4.000000	8.462017	1.908900	2.000000	0.013493	1.234565	1.000000	60.750402	105.933583	6.000000	12.193663	3.551604	3.000000	0.201366	4.443007	6.000000	0.031172	16.668142	3.000000	0.033869	1.112126	5.000000	0.168628
11	1	47.287506	98.520761	84.898447	73.724577	43.369928	0.973742	0.993313	0.561135	0.436920	0.662329	0.378186	5.000000	0.011385	157.029962	5.000000	0.060092	52.005007	1.000000	16.217431	0.876157	2.000000	0.037200	0.765459	2.000000	23.606695	17.314283	3.000000	66.651055	5.121759	6.000000	0.039381	13.815406	4.000000	0.345394	1.633124	1.000000	0.020606	0.123531	1.000000	0.022572
12	2	14.821597	60.452767	64.124240	38.709758	66.401917	0.873023	0.842072	0.905833	0.900315	0.739937	1.217757	3.000000	0.038339	104.302426	5.000000	0.016726	10.666900	4.000000	68.334649	2.331079	6.000000	0.140275	0.981578	5.000000	76.386920	109.977157	6.000000	31.828908	4.942478	3.000000	0.019656	10.804038	5.000000	0.015589	13.701157	5.000000	0.104047	0.224493	5.000000	0.067523
13	1	41.471518	68.544411	40.767035	4.001874	3.372937	0.376364	0.258043	0.785704	0.360803	0.422540	0.290472	5.000000	0.039848	165.596471	2.000000	0.012757	50.635537	6.000000	17.733666	4.677409	3.000000	0.010770	0.626559	4.000000	77.089328	18.035493	3.000000	64.244358	14.465494	2.000000	0.258951	3.041495	2.000000	0.013144	45.270952	4.000000	0.037853	0.756981	4.000000	0.013607
14	1	22.142760	85.742002	57.868735	67.007762	12.219131	0.295577	0.688617	0.402083	0.778839	0.351475	1.404531	6.000000	0.013046	86.012554	3.000000	0.038754	41.772364	6.000000	75.876886	1.999042	1.000000	0.175315	0.088361	6.000000	73.297914	106.573816	1.000000	35.543498	14.149394	5.000000	0.165676	6.450426	4.000000	0.276827	43.741986	2.000000	0.011921	0.169135	4.000000	0.016519
15	1	84.311158	99.832805	64.836778	55.789334	24.379777	0.261024	0.490851	0.114450	0.470478	0.459886	1.226081	4.000000	0.293212	87.467682	5.000000	0.010563	7.550894	6.000000	42.226629	0.767646	3.000000	0.013145	1.044434	1.000000	52.215623	104.234373	5.000000	83.402936	13.843973	2.000000	0.032118	6.312223	3.000000	0.012615	25.453987	2.000000	0.042586	0.818221	1.000000	0.012065
16	1	95.420347	55.104892	4.567567	70.055793	36.927398	0.654573	0.896536	0.900936	0.410159	0.528256	1.268999	4.000000	0.014982	156.064069	1.000000	0.060425	46.308061	5.000000	19.657534	2.770484	1.000000	0.078968	0.865045	5.000000	12.349546	109.955938	5.000000	90.759627	13.961941	2.000000	0.014672	12.843379	3.000000	0.189375	21.119150	2.000000	0.010427	0.480152	2.000000	0.013855
17	2	74.494372	48.768963	90.376535	42.865030	31.192281	0.556973	0.665371	0.344409	0.165964	0.512128	0.046294	1.000000	0.773383	18.558437	6.000000	0.012523	42.770554	4.000000	59.813347	3.682645	4.000000	0.484799	1.580711	3.000000	11.578255	21.435354	6.000000	30.863555	3.543227	5.000000	0.021951	0.944558	5.000000	0.025929	47.673519	1.000000	0.010263	0.186055	2.000000	0.021966
18	3	45.539753	75.348620	94.771661	63.931127	80.980444	0.863770	0.806306	0.656373	0.782053	0.844212	0.657752	6.000000	0.029444	98.969127	3.000000	0.144541	7.956532	3.000000	53.601542	3.875432	1.000000	0.012051	0.552180	4.000000	52.978956	63.632492	4.000000	6.027783	8.168771	5.000000	0.013876	9.890547	6.000000	0.013478	3.797026	3.000000	0.012553	1.351917	4.000000	0.024462
19	1	89.049719	60.262622	10.568360	43.240072	40.581363	0.178132	0.668157	0.710182	0.952170	0.778048	0.921426	6.000000	0.054120	96.541610	3.000000	0.012832	15.167271	6.000000	49.494228	2.112446	4.000000	0.189564	0.138567	2.000000	58.893802	7.329870	5.000000	22.670666	7.948318	2.000000	0.017115	9.213169	1.000000	0.031097	28.761888	1.000000	0.035532	1.599068	3.000000	0.020259
20	1	72.008440	80.228137	55.853169	44.281063	43.489716	0.588758	0.297631	0.404605	0.838415	0.607306	0.665798	2.000000	0.212067	57.584875	4.000000	0.011359	43.245860	2.000000	69.729410	1.430986	4.000000	0.096088	0.178193	4.000000	5.373743	7.814067	3.000000	46.802035	6.696946	4.000000	0.020281	12.106556	4.000000	0.012578	19.211089	2.000000	0.013995	0.947529	6.000000	0.010033
21	2	76.767891	92.185540	26.426200	6.183526	19.960050	0.779846	0.388092	0.750141	0.364293	0.517817	0.182814	1.000000	0.189553	164.323971	1.000000	0.011831	7.074275	3.000000	11.368313	1.429591	4.000000	0.011099	0.269738	3.000000	34.592963	37.402373	6.000000	17.317630	12.500735	3.000000	0.104231	5.379355	6.000000	0.024474	53.980953	1.000000	0.063508	0.125889	3.000000	0.028621
22	1	79.434301	53.514741	77.885182	13.589760	89.226772	0.170660	0.800864	0.490967	0.500555	0.754816	1.034030	4.000000	0.019306	10.395305	1.000000	0.015261	19.281945	4.000000	71.658294	3.963487	6.000000	0.018180	1.280577	2.000000	74.303825	103.275715	6.000000	64.799430	11.977536	6.000000	0.121094	8.280323	5.000000	0.012580	36.809717	5.000000	0.017799	1.087753	3.000000	0.011921
23	2	70.684166	18.336498	45.389736	41.418094	42.840598	0.157867	0.490964	0.391148	0.712158	0.946549	0.508692	4.000000	0.012584	140.976788	2.000000	0.012529	11.396489	6.000000	67.320922	3.724587	6.000000	0.010530	1.280715	2.000000	23.881185	13.405099	4.000000	28.638925	4.980672	4.000000	0.010492	10.419875	1.000000	0.014236	34.747561	5.000000	0.012654	1.496072	5.000000	0.019671
24	2	15.526906	59.327060	84.844411	39.666221	90.389934	0.438594	0.531149	0.521921	0.369561	0.709493	0.985049	5.000000	0.032757	117.680327	3.000000	0.223130	14.160774	2.000000	50.633921	0.492249	5.000000	0.013318	1.133113	5.000000	56.195522	130.941406	6.000000	41.724568	8.861668	4.000000	0.385534	8.128257	1.000000	0.023655	22.101458	3.000000	0.021168	1.175924	2.000000	0.010890
25	1	72.766315	36.233118	9.636033	71.897453	80.642217	0.172303	0.118655	0.956891	0.305462	0.715378	0.333572	6.000000	0.014729	69.032764	4.000000	0.032683	4.969345	4.000000	98.393244	2.322258	2.000000	0.013033	0.180919	1.000000	99.981075	159.071774	3.000000	96.750033	7.803287	5.000000	0.030496	8.306787	4.000000	0.221131	12.426408	5.000000	0.019107	0.664452	3.000000	0.133200
26	2	8.140017	57.400481	95.268361	26.545805	6.866884	0.596294	0.632865	0.199035	0.285819	0.486784	0.968759	6.000000	0.010851	105.954962	3.000000	0.018130	0.713905	4.000000	58.146624	4.502733	6.000000	0.011397	1.614754	6.000000	66.802931	129.438077	4.000000	96.446677	3.299030	3.000000	0.021753	4.258664	1.000000	0.020484	36.860224	5.000000	0.014835	1.072989	4.000000	0.036375
27	2	17.550053	82.566895	11.395860	76.800498	91.591963	0.125487	0.787143	0.399959	0.301133	0.731523	0.627494	1.000000	0.012815	131.690329	3.000000	0.023390	49.228455	4.000000	36.359444	0.127473	3.000000	0.037560	0.089854	4.000000	79.551583	156.810852	3.000000	81.382302	1.470343	1.000000	0.014104	13.298369	3.000000	0.018408	25.933577	5.000000	0.038129	0.940749	4.000000	0.010319
28	2	17.907363	62.964977	44.083228	24.310246	52.631677	0.381320	0.379229	0.505274	0.115669	0.137139	1.509137	2.000000	0.037263	30.203844	1.000000	0.011229	4.357358	4.000000	34.339830	2.709338	3.000000	0.018117	0.658961	6.000000	25.387226	57.733847	1.000000	21.709485	13.472363	2.000000	0.016563	10.691807	3.000000	0.033843	1.971613	2.000000	0.017376	1.455615	1.000000	0.014885
29	1	36.538376	94.364953	31.342478	29.572979	65.870971	0.999634	0.570186	0.938490	0.998258	0.286823	0.396179	4.000000	0.043156	126.844654	1.000000	0.021818	30.794884	5.000000	60.478356	0.227318	4.000000	0.016306	1.444152	2.000000	23.483234	74.322819	5.000000	31.703493	1.848708	3.000000	0.022984	4.816679	5.000000	0.130773	37.307338	4.000000	0.016423	1.565986	2.000000	0.014199
30	1	44.448101	85.629199	88.871207	65.072417	45.670219	0.864915	0.515689	0.888966	0.919405	0.223985	0.576780	2.000000	0.025405	10.506110	4.000000	0.035377	41.488333	6.000000	35.170080	1.439480	4.000000	0.010370	0.064911	1.000000	28.265918	25.202546	1.000000	45.364147	9.933658	1.000000	0.019466	10.540427	5.000000	0.020497	13.330395	2.000000	0.010571	1.566923	3.000000	0.026493
31	2	92.483414	46.308970	44.214541	21.548126	63.750443	0.518192	0.753179	0.215359	0.141938	0.751317	0.647709	4.000000	0.156897	5.622895	6.000000	0.044606	10.031508	4.000000	33.208647	3.418600	6.000000	0.025010	1.204891	5.000000	66.339004	140.671559	2.000000	65.068521	9.678625	3.000000	0.010953	10.576436	1.000000	0.011343	7.746945	4.000000	0.016165	1.094765	5.000000	0.049065
32	3	26.444937	99.947255	19.144041	33.868313	7.026152	0.767036	0.372600	0.993464	0.209610	0.664473	1.487191	1.000000	0.025174	104.087918	2.000000	0.095478	44.429476	1.000000	37.335471	0.241756	6.000000	0.027182	1.295972	3.000000	74.451592	4.519963	1.000000	79.829647	10.624285	5.000000	0.012848	4.291531	5.000000	0.047323	27.314412	3.000000	0.010375	0.460987	4.000000	0.253110
33	1	74.465314	74.352608	35.037019	12.756364	54.758113	0.248525	0.983527	0.814222	0.229305	0.230081	1.260601	5.000000	0.013838	140.444749	1.000000	0.013743	28.213025	3.000000	26.396875	0.676620	5.000000	0.030726	0.904964	4.000000	78.063084	99.423207	4.000000	32.340878	12.148113	4.000000	0.067150	4.480549	4.000000	0.012407	27.191960	6.000000	0.014173	0.425866	4.000000	0.059010
34	1	51.466508	49.778599	51.489360	5.547194	4.319629	0.488627	0.711070	0.367328	0.809776	0.695993	0.396385	6.000000	0.011806	178.209192	4.000000	0.012002	43.508299	5.000000	18.523018	2.999557	6.000000	0.016432	0.142806	1.000000	55.156495	10.068579	4.000000	20.673587	7.772373	1.000000	0.010119	1.024135	2.000000	0.014291	5.240847	1.000000	0.084536	0.786982	4.000000	0.028337
35	3	30.260275	75.102257	74.750887	91.880917	82.607019	0.215085	0.262838	0.428458	0.925551	0.424347	1.560747	2.000000	0.031266	16.931340	5.000000	0.018703	17.894481	3.000000	1.783834	0.340673	5.000000	0.053546	0.653505	2.000000	53.493856	77.601042	5.000000	24.283481	3.580771	4.000000	0.012364	0.704811	2.000000	0.010308	44.597156	6.000000	0.013345	1.273802	2.000000	0.012378
36	1	22.945304	82.705269	25.975826	50.139626	57.986576	0.790224	0.607049	0.986635	0.730083	0.294153	0.130717	6.000000	0.012287	173.631903	3.000000	0.017414	45.220955	4.000000	11.527688	0.655102	2.000000	0.040853	0.084120	5.000000	17.507398	12.211631	6.000000	31.374588	6.867752	3.000000	0.098998	6.738254	6.000000	0.010486	20.882598	5.000000	0.038210	0.538898	3.000000	0.011119
37	1	83.970850	39.532237	13.252725	7.840913	38.950528	0.763708	0.525025	0.534125	0.219255	0.803284	1.641984	4.000000	0.212047	112.068749	1.000000	0.045152	5.099469	6.000000	66.069911	2.305725	6.000000	0.010029	1.528826	2.000000	75.918746	75.888062	3.000000	30.561980	3.215959	3.000000	0.015402	8.203763	3.000000	0.035454	53.209122	6.000000	0.014115	0.289211	3.000000	0.011823
38	1	18.249843	87.161436	77.760337	81.135524	63.899286	0.996106	0.116618	0.250904	0.655137	0.403610	0.781020	4.000000	0.016150	17.613133	6.000000	0.073694	7.546858	4.000000	98.233459	4.750940	6.000000	0.010360	0.745099	1.000000	14.086341	92.869656	6.000000	12.114452	6.780566	1.000000	0.022522	7.549283	1.000000	0.010185	56.041329	1.000000	0.018647	1.599786	4.000000	0.017483
39	1	16.493060	53.510123	23.970209	16.646189	24.287085	0.173078	0.107455	0.211649	0.662553	0.883718	0.285433	5.000000	0.018429	115.102670	2.000000	0.010954	48.167563	6.000000	16.551896	3.928263	6.000000	0.028402	0.551256	2.000000	9.027900	93.294678	2.000000	39.140554	4.616392	3.000000	0.079831	1.478810	3.000000	0.012361	12.629158	2.000000	0.014246	0.306472	6.000000	0.042936
40	2	21.030534	63.836983	43.030028	36.419347	46.398519	0.729886	0.653028	0.292551	0.604187	0.849616	0.493147	4.000000	0.010213	18.885560	2.000000	0.018410	2.441806	6.000000	28.325201	4.506622	2.000000	0.029000	0.897307	4.000000	25.550915	81.172341	3.000000	37.812274	1.685824	3.000000	0.030593	2.549952	4.000000	0.012181	1.071321	6.000000	0.011103	1.421107	4.000000	0.100468
41	1	2.644312	96.098726	26.145145	83.701190	80.314855	0.508825	0.557746	0.819845	0.390807	0.297533	0.655403	1.000000	0.058479	103.986328	3.000000	0.023914	36.757544	1.000000	89.227544	1.585717	6.000000	0.014599	0.283425	3.000000	58.080829	4.126500	5.000000	49.408302	8.596434	4.000000	0.016677	3.326333	5.000000	0.031452	55.973471	1.000000	0.308644	0.077276	1.000000	0.016165
42	2	98.851774	65.283865	39.191158	64.981540	82.455294	0.957090	0.470315	0.523798	0.511897	0.722950	1.182223	2.000000	0.010113	41.294805	6.000000	0.015632	3.460288	3.000000	9.664706	2.429752	3.000000	0.022859	0.575677	1.000000	19.093656	63.356685	2.000000	8.864320	8.438050	6.000000	0.035630	1.333818	4.000000	0.012497	16.151307	3.000000	0.012073	1.664034	6.000000	0.028225
43	1	9.585656	93.641870	64.888498	73.146459	48.756139	0.608667	0.180487	0.385522	0.684911	0.770416	1.279718	5.000000	0.032736	38.704382	1.000000	0.012553	27.798289	3.000000	10.329404	0.383812	4.000000	0.017733	0.263242	2.000000	71.129176	95.005041	3.000000	22.380704	3.081835	5.000000	0.012912	2.732289	1.000000	0.028114	56.825739	4.000000	0.010684	0.549046	1.000000	0.014403
44	2	26.856740	88.996319	33.653010	5.158108	73.973728	0.528232	0.838624	0.732612	0.606043	0.825238	0.505499	5.000000	0.061357	146.799865	4.000000	0.027391	44.590375	4.000000	45.063156	2.530655	4.000000	0.013554	0.898479	3.000000	18.359723	148.811774	5.000000	13.206115	13.413037	4.000000	0.011257	10.900461	2.000000	0.010379	57.242068	2.000000	0.025711	1.376817	4.000000	0.031071
45	1	69.991691	72.073969	56.951649	60.463595	79.114003	0.581324	0.265452	0.745123	0.155129	0.450865	1.214864	4.000000	0.037973	151.195498	3.000000	0.011044	1.148084	2.000000	80.299038	1.522712	1.000000	0.014744	0.451415	3.000000	50.112101	151.809724	5.000000	38.841204	3.729704	2.000000	0.022413	4.883858	1.000000	0.010317	55.191701	1.000000	0.015098	1.052728	3.000000	0.017332
46	1	80.032539	62.031066	6.959101	9.525745	64.057681	0.265080	0.228532	0.838203	0.363177	0.389445	0.351797	5.000000	0.128967	89.511662	2.000000	0.029774	44.142995	1.000000	36.599074	1.325527	4.000000	0.011663	0.805131	1.000000	25.009759	131.175930	4.000000	80.018294	9.399779	1.000000	0.032935	3.689139	2.000000	0.015529	39.640242	2.000000	0.030762	0.775374	3.000000	0.016708
47	1	64.608283	59.940864	4.405627	15.586698	87.564790	0.790134	0.783166	0.563678	0.717649	0.181863	0.555773	5.000000	0.016914	99.189837	6.000000	0.018009	48.581467	2.000000	78.226919	4.343967	3.000000	0.049043	1.658853	1.000000	53.801919	161.978980	1.000000	58.312054	2.679949	5.000000	0.184661	9.323641	4.000000	0.014582	17.566760	5.000000	0.092927	1.131629	5.000000	0.011561
48	3	24.374011	34.913434	54.752105	80.210393	33.992611	0.383082	0.165768	0.563492	0.216953	0.862685	0.307177	2.000000	0.065556	65.316977	6.000000	0.021677	44.581637	1.000000	18.710521	2.983803	4.000000	0.352672	1.235889	4.000000	66.973448	169.916779	3.000000	19.811281	0.360117	2.000000	0.012225	4.315753	5.000000	0.016306	16.414706	3.000000	0.016271	1.377406	4.000000	0.362295
49	2	40.183117	39.091487	24.596769	16.181140	38.058731	0.527815	0.983705	0.884670	0.855630	0.578789	0.251421	6.000000	0.080940	87.510666	1.000000	0.484212	16.847147	4.000000	59.221852	4.694429	5.000000	0.011862	0.088063	5.000000	31.678120	50.181586	6.000000	61.273328	6.837623	6.000000	0.012516	1.135941	5.000000	0.020820	12.315555	1.000000	0.032435	0.535131	3.000000	0.014549
50	1	19.093059	87.958192	44.377832	1.070023	33.397189	0.814550	0.114415	0.880819	0.144662	0.139918	0.392413	2.000000	0.023065	73.174607	1.000000	0.013539	31.492519	5.000000	21.058875	4.168822	4.000000	0.011007	0.054520	3.000000	2.347177	87.698855	2.000000	91.832703	3.358295	2.000000	0.011698	5.995773	5.000000	0.011058	3.632015	1.000000	0.017271	0.093469	2.000000	0.024533
51	2	95.303612	50.936463	87.670818	95.615404	78.316714	0.375871	0.445882	0.515219	0.421514	0.747186	0.500825	4.000000	0.012386	5.172356	5.000000	0.024315	47.360907	5.000000	21.886643	2.475287	2.000000	0.039558	0.021448	1.000000	40.544959	116.089773	3.000000	53.377022	12.018707	5.000000	0.014358	9.709336	6.000000	0.028318	44.774751	3.000000	0.017908	1.194303	1.000000	0.022067
52	3	34.213862	86.734491	33.523858	66.049139	89.110153	0.957296	0.129165	0.273078	0.108432	0.278857	0.598405	1.000000	0.023115	114.353252	6.000000	0.018479	22.019690	2.000000	19.626300	1.037205	2.000000	0.047200	0.836419	4.000000	32.442108	164.673730	6.000000	60.590982	5.252285	4.000000	0.108484	7.559929	4.000000	0.011565	33.414882	6.000000	0.056996	1.523403	2.000000	0.236289
53	1	27.544649	36.516010	51.974091	49.789686	89.714269	0.792879	0.448673	0.170758	0.429032	0.121858	0.292956	5.000000	0.013515	176.391680	2.000000	0.010104	32.639328	1.000000	86.815349	3.160651	2.000000	0.017165	0.673195	6.000000	61.124992	69.986625	5.000000	19.737143	6.401773	2.000000	0.386852	10.952664	5.000000	0.027246	13.051862	1.000000	0.122778	0.976970	6.000000	0.195300
54	2	75.935798	72.654207	49.495944	61.860766	48.567209	0.441473	0.370111	0.500343	0.727380	0.503023	1.348024	3.000000	0.128724	41.267781	2.000000	0.021030	41.865203	4.000000	83.022449	3.564774	4.000000	0.182438	0.305331	2.000000	24.780583	100.770561	5.000000	11.333957	6.067555	3.000000	0.011574	2.514784	2.000000	0.101665	27.347004	3.000000	0.010565	0.183207	6.000000	0.141433
55	2	94.622391	75.637044	22.069300	82.473177	45.659806	0.678905	0.129926	0.290568	0.217008	0.978751	1.052126	4.000000	0.041586	29.180788	3.000000	0.159166	15.768811	1.000000	96.006316	1.090441	6.000000	0.010784	1.606092	2.000000	88.172946	107.491071	6.000000	98.778122	9.850366	6.000000	0.021361	6.534971	5.000000	0.361558	31.609677	1.000000	0.014671	0.488206	4.000000	0.014027
56	1	6.903914	10.317682	32.633956	81.357716	5.796310	0.139505	0.344697	0.873571	0.472683	0.978864	1.662444	1.000000	0.013445	65.026157	3.000000	0.011463	9.635900	3.000000	28.956293	1.475166	6.000000	0.024455	1.150354	2.000000	42.885969	127.614804	4.000000	99.815705	5.600850	4.000000	0.011503	9.053717	5.000000	0.013666	25.317009	3.000000	0.011345	1.164056	4.000000	0.010868
57	1	91.397934	10.190308	75.195286	21.515131	83.096561	0.759912	0.189455	0.703963	0.545359	0.595465	0.181665	6.000000	0.065828	173.100229	4.000000	0.012846	42.859396	6.000000	54.925395	0.603415	1.000000	0.011866	0.328542	2.000000	97.075627	54.671616	2.000000	12.493411	14.157416	3.000000	0.170400	0.460089	1.000000	0.014528	42.541745	3.000000	0.034427	0.885081	1.000000	0.016034
58	1	5.259742	89.609467	70.489101	41.977532	78.786610	0.604041	0.427194	0.892005	0.362658	0.986903	1.356234	2.000000	0.029826	74.237934	6.000000	0.023696	41.604388	1.000000	42.581765	3.055216	6.000000	0.055415	0.230832	1.000000	83.697666	66.619444	3.000000	78.833113	8.061182	5.000000	0.064658	11.779044	1.000000	0.023474	34.005136	6.000000	0.024198	0.676854	6.000000	0.031795
59	3	3.323372	97.572880	22.827434	92.740930	79.906245	0.604540	0.709725	0.690173	0.375971	0.492114	0.445066	6.000000	0.012518	118.577906	3.000000	0.012120	49.799873	5.000000	40.393896	1.618609	6.000000	0.030997	1.373396	4.000000	87.241256	70.971697	2.000000	96.708844	6.624810	1.000000	0.015008	9.043704	4.000000	0.014964	56.412691	4.000000	0.013860	0.496186	5.000000	0.019155
60	1	8.270849	96.855828	77.174120	19.517359	40.321703	0.669352	0.209378	0.413924	0.717468	0.652681	0.893658	2.000000	0.137886	67.846740	1.000000	0.017195	40.104798	1.000000	34.096036	4.441284	1.000000	0.046036	1.193537	1.000000	63.351244	60.052837	1.000000	74.184555	7.633250	3.000000	0.011945	2.294769	6.000000	0.017311	30.765971	3.000000	0.047231	1.181835	4.000000	0.011405
61	1	67.464983	73.229921	30.650242	81.669699	91.202703	0.433662	0.785059	0.894949	0.306713	0.970856	1.105703	1.000000	0.011450	165.331179	1.000000	0.040173	25.043478	6.000000	50.326169	2.571620	6.000000	0.024411	1.242740	1.000000	73.425250	116.179663	3.000000	49.731245	12.416649	4.000000	0.013287	1.038334	2.000000	0.021708	16.746053	4.000000	0.028314	1.034932	3.000000	0.092153
62	2	65.826609	57.418790	24.113437	74.983740	33.867874	0.366587	0.527606	0.934863	0.278751	0.726974	0.481205	5.000000	0.441620	95.882367	2.000000	0.024401	7.802399	4.000000	72.669081	4.100184	5.000000	0.452989	0.878321	3.000000	11.109458	60.030448	2.000000	93.180908	6.336235	4.000000	0.053199	3.285272	2.000000	0.012482	42.814948	5.000000	0.017037	1.532235	3.000000	0.050561
63	2	27.292503	41.207299	30.205948	10.707495	85.774091	0.675594	0.286696	0.732423	0.398884	0.400358	0.924769	2.000000	0.010069	15.052979	6.000000	0.010047	55.411223	5.000000	99.632163	2.874194	2.000000	0.194209	1.323953	6.000000	76.148506	33.295324	3.000000	60.613508	11.672270	4.000000	0.011402	11.479304	3.000000	0.015928	48.545656	1.000000	0.021186	1.250237	1.000000	0.014012
64	1	47.585772	99.513786	59.652959	75.002621	33.629643	0.958347	0.300598	0.432959	0.423220	0.812347	0.363537	4.000000	0.018274	170.304571	2.000000	0.015610	34.587641	4.000000	76.195002	3.661043	3.000000	0.049201	1.518572	4.000000	37.840159	75.962071	2.000000	96.574261	5.892957	6.000000	0.076359	10.474994	5.000000	0.033332	50.193980	6.000000	0.052511	0.753943	3.000000	0.017088
65	1	7.807715	67.642309	84.676017	90.468788	83.179885	0.851112	0.332563	0.715437	0.675924	0.663253	1.410363	5.000000	0.021756	179.874702	3.000000	0.021266	7.822908	4.000000	12.420486	2.117763	5.000000	0.019243	0.990902	1.000000	63.823512	28.671637	4.000000	50.800454	8.766387	2.000000	0.013329	12.914124	2.000000	0.015965	3.097303	2.000000	0.017872	0.695509	5.000000	0.013353
66	1	54.978538	24.021553	7.642485	76.426582	95.152898	0.321205	0.236277	0.998786	0.669662	0.922915	0.317147	4.000000	0.011823	171.108044	4.000000	0.010363	43.399444	3.000000	7.568570	3.949925	1.000000	0.019614	0.141668	5.000000	60.533416	45.390786	4.000000	28.357100	10.485135	1.000000	0.010137	10.825624	2.000000	0.027948	37.901375	1.000000	0.010650	0.756248	1.000000	0.032760
67	1	38.743555	59.548848	95.120403	70.188023	66.502602	0.569150	0.610957	0.657610	0.444913	0.938621	0.650426	6.000000	0.011793	137.523711	1.000000	0.058587	52.296391	3.000000	88.559361	3.935211	1.000000	0.019844	0.596409	2.000000	19.681347	163.551137	5.000000	33.313825	4.116454	4.000000	0.017476	14.277400	4.000000	0.013842	2.138160	2.000000	0.037527	0.019975	2.000000	0.016683
68	2	31.269064	70.897826	94.496180	8.248388	94.703128	0.239783	0.612448	0.284107	0.308425	0.798956	0.914907	3.000000	0.012077	102.812699	5.000000	0.017157	52.299797	3.000000	63.405426	4.677068	2.000000	0.083817	0.718514	2.000000	63.890008	123.391386	2.000000	35.043814	13.788620	2.000000	0.012738	6.924484	3.000000	0.094460	27.023225	2.000000	0.010679	1.323710	2.000000	0.033629
69	3	73.941632	10.799848	89.003086	86.687829	88.879612	0.597505	0.836530	0.296422	0.987536	0.387656	0.866721	4.000000	0.025680	164.392302	2.000000	0.042862	18.451826	5.000000	6.917800	1.158041	4.000000	0.039242	1.286114	6.000000	68.970849	128.456604	1.000000	97.146541	5.129732	4.000000	0.012930	2.464089	2.000000	0.019129	2.504928	5.000000	0.012752	0.358034	3.000000	0.018711
70	1	45.922660	75.368847	91.742093	79.685073	88.717453	0.521602	0.362941	0.138748	0.224204	0.647387	0.408045	3.000000	0.034007	158.150073	3.000000	0.031556	23.686334	4.000000	80.895308	2.286826	3.000000	0.054346	0.097180	4.000000	4.275359	17.739910	6.000000	8.813218	11.190438	2.000000	0.012194	13.905786	5.000000	0.011926	3.065402	5.000000	0.103333	1.235097	4.000000	0.110833
71	2	20.057452	67.446936	11.205914	3.674023	32.905001	0.538637	0.923553	0.432979	0.109182	0.176033	0.396660	1.000000	0.011203	161.489167	3.000000	0.013199	43.068196	3.000000	83.987014	2.147776	4.000000	0.039345	0.986656	2.000000	5.160856	16.780981	6.000000	4.482838	4.169749	4.000000	0.046326	12.134529	4.000000	0.010271	15.325043	2.000000	0.018085	1.146296	2.000000	0.019790
72	3	31.507992	84.690069	67.937796	28.805737	21.487547	0.711834	0.437287	0.941382	0.476130	0.391262	0.360602	2.000000	0.013015	63.379060	3.000000	0.031753	54.814137	5.000000	46.840482	4.087244	4.000000	0.010324	1.598132	1.000000	45.235148	155.866127	5.000000	87.163732	10.016456	1.000000	0.020359	13.974220	5.000000	0.010329	19.575527	5.000000	0.011796	0.513460	6.000000	0.088233
73	2	71.481273	40.162563	65.444475	20.802238	30.317938	0.704197	0.174166	0.940865	0.203572	0.204004	0.394322	5.000000	0.019868	167.851329	3.000000	0.021776	46.828984	1.000000	62.787177	2.526361	5.000000	0.059821	0.084414	4.000000	27.713781	155.075064	6.000000	21.864905	9.362559	2.000000	0.129303	6.687771	1.000000	0.060506	33.525071	5.000000	0.013480	0.103471	5.000000	0.010774
74	1	27.497352	16.093399	84.198029	66.620246	53.026578	0.113544	0.847609	0.469978	0.868751	0.227266	0.228495	6.000000	0.037919	150.465367	1.000000	0.084692	45.685500	5.000000	77.045527	1.433413	2.000000	0.016246	0.312220	5.000000	67.770922	14.265413	4.000000	85.433335	13.277652	2.000000	0.010624	1.649859	3.000000	0.013555	15.725389	4.000000	0.012880	0.515319	1.000000	0.624832
75	2	53.821987	99.666201	76.859734	3.859529	6.530231	0.292119	0.837782	0.305500	0.238169	0.811713	0.922670	2.000000	0.015286	57.401265	1.000000	0.067791	52.178146	5.000000	50.654663	1.614224	6.000000	0.023728	1.063026	5.000000	42.486117	142.396626	5.000000	7.768240	0.974401	4.000000	0.018901	0.291824	1.000000	0.070157	54.433123	5.000000	0.016795	1.070722	6.000000	0.014654
76	1	94.445969	67.460018	39.533422	1.537158	54.915901	0.115978	0.156107	0.492101	0.952649	0.586469	0.028832	1.000000	0.409435	104.517221	6.000000	0.073941	37.742559	6.000000	62.528250	1.280381	6.000000	0.024079	1.267341	1.000000	2.185387	120.939376	5.000000	71.524715	14.480823	2.000000	0.070668	0.760864	1.000000	0.025853	46.564441	2.000000	0.216112	0.927258	4.000000	0.035422
77	3	84.693378	48.991117	69.508662	69.287299	17.384287	0.812236	0.523246	0.761271	0.111258	0.143398	0.671200	1.000000	0.020183	101.788184	3.000000	0.032473	7.849348	4.000000	62.155664	1.179539	6.000000	0.027475	0.130166	6.000000	14.923357	158.463583	2.000000	70.068836	4.609605	3.000000	0.011530	11.375557	3.000000	0.014223	15.827201	2.000000	0.016219	0.095157	6.000000	0.064914
78	1	92.888280	4.365040	9.918787	50.311991	36.085908	0.241707	0.808016	0.453960	0.966671	0.499789	1.307249	5.000000	0.019040	77.940819	6.000000	0.043191	0.899442	1.000000	13.439818	1.296199	3.000000	0.019904	1.571203	6.000000	85.055892	41.102926	3.000000	2.579721	6.560443	3.000000	0.099657	4.923595	3.000000	0.016212	57.007086	3.000000	0.011418	0.919176	3.000000	0.028925
79	1	94.490535	88.746216	60.500835	45.820170	46.476985	0.260017	0.348422	0.699959	0.577744	0.875301	0.929883	5.000000	0.027590	130.431048	1.000000	0.012655	35.254425	3.000000	58.878257	4.477421	3.000000	0.012239	0.482775	3.000000	11.733706	29.882414	4.000000	34.606821	5.389143	4.000000	0.027336	6.057371	4.000000	0.019867	3.892413	1.000000	0.021146	1.074160	2.000000	0.151396
80	2	10.723659	81.637027	54.396022	57.043300	47.874067	0.744125	0.500109	0.941230	0.181596	0.112201	0.498933	2.000000	0.017277	161.002475	6.000000	0.050729	55.964178	4.000000	30.190347	1.589086	3.000000	0.013003	0.618968	3.000000	68.017492	36.909710	5.000000	2.344269	4.331214	4.000000	0.167957	7.830449	2.000000	0.011828	10.613516	4.000000	0.029597	1.585405	2.000000	0.013041
81	3	26.626927	65.225483	10.320160	73.333054	7.462996	0.368105	0.828461	0.548467	0.397935	0.475477	1.215261	6.000000	0.038462	82.804707	5.000000	0.070260	41.014893	1.000000	99.249612	2.053580	2.000000	0.019338	1.416386	1.000000	3.930871	27.756656	2.000000	25.005161	11.673731	1.000000	0.021006	6.230786	6.000000	0.010568	42.633337	3.000000	0.011372	0.632496	2.000000	0.012116
82	1	56.052295	89.036328	96.878292	96.281224	26.092669	0.551170	0.551012	0.301622	0.961958	0.523975	1.170960	1.000000	0.016998	109.970707	4.000000	0.015741	16.987421	3.000000	70.868628	4.141981	3.000000	0.038057	0.838309	2.000000	87.075296	10.446643	1.000000	71.748138	11.908139	3.000000	0.014045	12.259096	6.000000	0.087418	48.045424	5.000000	0.015098	0.635810	3.000000	0.017802
83	1	51.266072	40.198771	73.110322	14.134606	26.100562	0.842762	0.546084	0.491658	0.289503	0.311414	1.363008	1.000000	0.011721	31.146149	6.000000	0.128518	22.956610	1.000000	47.446204	4.092147	2.000000	0.019888	1.332307	2.000000	41.965274	47.654462	1.000000	60.485955	7.820709	6.000000	0.025466	4.903865	1.000000	0.466656	15.932962	5.000000	0.010311	1.634776	4.000000	0.019028
84	2	68.866015	49.705903	36.340811	17.031742	59.227354	0.895400	0.339481	0.517454	0.708238	0.160814	0.130539	2.000000	0.017189	49.972356	5.000000	0.048493	37.764525	6.000000	2.086781	3.863447	2.000000	0.011437	1.318919	6.000000	49.530914	95.145694	1.000000	1.626753	7.304084	5.000000	0.010560	8.980141	1.000000	0.110918	50.342645	1.000000	0.011006	0.156947	4.000000	0.015472
85	2	49.346672	74.653546	2.815665	88.830768	77.096682	0.719434	0.235641	0.602771	0.168804	0.620918	1.361673	5.000000	0.014608	95.607264	5.000000	0.376820	53.823987	5.000000	66.233809	0.146106	1.000000	0.084883	0.835941	1.000000	84.543222	179.025163	5.000000	75.040440	14.381613	3.000000	0.022655	14.308623	3.000000	0.029854	57.218546	4.000000	0.011236	1.274523	6.000000	0.041949
86	2	37.055725	26.966034	9.855846	45.048716	71.723376	0.922202	0.204955	0.311532	0.640515	0.708208	1.672977	4.000000	0.011002	97.219497	4.000000	0.039584	52.309846	5.000000	31.390946	0.505105	6.000000	0.010486	0.442692	1.000000	84.257145	139.807160	1.000000	81.730782	9.339418	1.000000	0.029826	3.998112	2.000000	0.026246	30.366017	4.000000	0.020770	1.024112	1.000000	0.169311
87	1	18.072945	38.988837	41.121351	91.300048	78.588557	0.430215	0.367219	0.525824	0.316712	0.219579	0.747485	1.000000	0.019220	86.339107	3.000000	0.023837	46.802363	1.000000	14.534567	2.364282	1.000000	0.109583	0.620218	5.000000	48.441867	64.865106	5.000000	27.094703	9.377275	5.000000	0.019904	10.860655	3.000000	0.022427	56.806222	1.000000	0.039653	0.516939	3.000000	0.165092
88	1	11.184177	68.178038	14.311220	39.471061	11.722458	0.429075	0.646350	0.436553	0.959825	0.528304	0.786333	2.000000	0.022176	139.839470	1.000000	0.718490	18.893454	4.000000	12.790268	2.856662	5.000000	0.018052	0.315352	6.000000	16.007590	67.555857	1.000000	94.231282	12.778425	3.000000	0.011816	10.445087	2.000000	0.020016	45.325386	6.000000	0.013831	1.395112	6.000000	0.026965
89	1	29.316849	39.049370	3.718523	51.970364	3.894860	0.388252	0.370823	0.215305	0.350532	0.816694	1.539414	1.000000	0.062747	170.058934	3.000000	0.010987	43.478199	2.000000	28.991991	1.588656	4.000000	0.024722	0.990278	6.000000	5.778952	170.042739	6.000000	5.981810	8.557804	3.000000	0.012416	9.433356	1.000000	0.019492	41.085337	3.000000	0.011981	0.666455	5.000000	0.048567
90	2	74.751192	52.616979	92.376827	38.949500	17.075020	0.681309	0.921426	0.317169	0.605124	0.345589	1.520765	4.000000	0.010529	141.124432	1.000000	0.010229	19.153098	1.000000	38.134280	2.435601	3.000000	0.015079	0.204659	4.000000	30.396230	148.969728	5.000000	26.875879	12.018745	3.000000	0.012794	2.299791	5.000000	0.025717	48.663158	2.000000	0.010913	0.355180	2.000000	0.013317
91	1	45.603999	18.539694	10.148000	61.514163	92.909343	0.873682	0.936962	0.964929	0.401592	0.540584	0.279089	2.000000	0.021457	159.793406	5.000000	0.033205	13.364499	4.000000	49.719473	3.692380	5.000000	0.134460	0.624443	3.000000	99.492341	166.396187	4.000000	97.348522	4.810326	5.000000	0.011676	6.700643	6.000000	0.020733	36.380319	1.000000	0.020788	0.411695	3.000000	0.748189
92	2	53.317730	81.335777	50.900258	20.786320	69.184125	0.773499	0.511233	0.947279	0.309550	0.913982	1.307650	2.000000	0.013506	43.968946	4.000000	0.024058	48.907683	5.000000	81.289146	4.577065	4.000000	0.012397	0.479122	5.000000	72.017558	141.074969	1.000000	78.759316	12.757592	3.000000	0.024480	4.420055	4.000000	0.021104	20.750143	2.000000	0.016013	0.980780	4.000000	0.010310
93	2	72.321486	70.353203	17.905254	33.705428	21.667564	0.401402	0.850630	0.257627	0.953785	0.762779	1.603562	6.000000	0.013672	126.889305	2.000000	0.010537	46.476678	4.000000	32.485333	3.514774	6.000000	0.018955	1.571889	6.000000	64.916575	109.250808	4.000000	15.449835	2.537556	2.000000	0.011925	2.100329	4.000000	0.050478	36.552235	6.000000	0.032277	1.438703	4.000000	0.016674
94	2	20.219390	8.270149	59.589264	67.733331	79.033204	0.748522	0.145175	0.653145	0.119785	0.996074	1.242447	1.000000	0.045960	21.979782	3.000000	0.042144	2.972609	3.000000	7.400141	4.695037	5.000000	0.026034	1.217139	3.000000	49.201844	81.104230	1.000000	66.585077	1.698452	3.000000	0.012986	10.969741	2.000000	0.011888	38.618045	6.000000	0.016226	0.031971	4.000000	0.032827
95	2	67.758617	74.177418	64.780560	34.857012	21.534960	0.590377	0.501943	0.341955	0.569748	0.182879	1.365940	6.000000	0.550231	41.851743	6.000000	0.385129	17.032105	1.000000	78.215105	3.222390	1.000000	0.019568	1.373359	1.000000	23.293399	113.721720	5.000000	27.448336	13.595507	4.000000	0.012146	4.508382	5.000000	0.012636	12.387257	1.000000	0.021350	1.062606	1.000000	0.015243
96	1	39.748726	30.755428	67.628676	76.256389	9.226324	0.569471	0.278867	0.901938	0.896912	0.569974	1.521603	4.000000	0.185264	54.205717	1.000000	0.012744	39.627033	1.000000	67.762109	1.021649	3.000000	0.045951	0.271543	1.000000	95.223407	175.752790	6.000000	44.203423	6.605623	1.000000	0.010206	9.397321	1.000000	0.014380	18.082518	5.000000	0.010078	1.632810	3.000000	0.020889
97	3	46.224768	10.773436	63.252315	67.001280	17.589638	0.128936	0.344540	0.812529	0.918363	0.674863	0.067163	6.000000	0.017150	62.767429	2.000000	0.343830	33.750157	2.000000	5.343256	3.050942	2.000000	0.010744	0.598471	5.000000	32.280735	123.944659	5.000000	81.744840	9.603963	3.000000	0.094659	7.123642	6.000000	0.020548	15.190927	6.000000	0.019747	1.501802	4.000000	0.260147
98	1	26.971979	49.071799	20.648442	15.131409	62.038636	0.679292	0.468393	0.387200	0.724476	0.125566	1.488112	3.000000	0.711532	124.527366	5.000000	0.024413	12.312245	6.000000	57.074721	2.941688	1.000000	0.012448	0.243524	1.000000	29.974915	47.397025	5.000000	13.338607	7.378425	1.000000	0.010853	8.574305	6.000000	0.016705	4.159396	5.000000	0.047079	1.618336	4.000000	0.011687
99	2	4.040412	9.343535	88.267257	3.102020	8.835288	0.360595	0.162701	0.878836	0.943909	0.251133	0.736579	4.000000	0.020963	91.178678	1.000000	0.015750	41.911369	2.000000	55.136658	4.235244	2.000000	0.011426	1.112228	6.000000	33.397207	153.470218	2.000000	84.105091	10.676549	2.000000	0.021931	8.543381	4.000000	0.012856	7.600020	5.000000	0.023920	0.687975	6.000000	0.025914
100	1	24.288804	99.798492	41.114158	21.197020	10.176892	0.629675	0.331027	0.620260	0.460132	0.705934	1.025640	1.000000	0.084954	47.786875	2.000000	0.026993	38.604120	5.000000	33.988423	4.724181	4.000000	0.023047	1.044082	5.000000	21.754013	69.042956	2.000000	20.912007	10.108870	6.000000	0.014691	5.994277	2.000000	0.016114	30.366938	1.000000	0.026487	0.651706	3.000000	0.021945
