1	2	42	5.416739	-1.044849	0.279645	0.388286	4.076962	3.019916	6.073781	2.026068	-2.440862	0.866469	5.571620	-5.076624	1.503260	4.500509	-0.949934	0.246259	8.431702	6.687165	-4.774123	7.527631
1	2	58	5.416739	-7.808220	4.360656	6.575461	7.327832	-1.956163	-21.976189	7.382988	3.425349	6.789061	-0.993528	1.151152	7.468252	1.633393	3.587879	-1.454533	2.712560	0.914577	-5.759831	7.527795
2	4	57	7.834337	-2.252952	3.568504	5.825102	6.370017	-3.694847	-15.939985	4.117422	8.598459	7.459043	-0.422532	6.349504	2.808786	-0.728723	7.158998	-2.653319	-0.023787	5.748743	-4.278127	6.687330
2	4	17	7.834337	1.489991	-0.249119	5.658972	-3.311213	1.731658	-7.916084	4.117421	8.598459	7.446038	-0.422527	6.322960	2.806044	-0.721529	7.158998	3.603364	-0.023787	5.750052	7.079596	2.256963
2	4	11	7.834337	3.231047	-8.606192	-0.135985	-10.271302	7.525082	10.768416	1.137971	3.389634	1.333609	5.063066	0.689637	-3.149535	5.895680	1.270734	4.906529	1.549425	8.349678	7.855944	-0.529185
2	4	15	7.834337	3.229895	-2.987352	1.154373	-3.966770	2.897911	-1.458388	4.107082	8.598131	6.619039	5.059986	4.978343	2.585459	5.261614	7.158998	4.157128	1.537459	6.034638	7.855815	-0.527783
3	3	80	6.545732	-2.056241	7.228876	6.877983	2.903158	-5.067520	-16.680685	7.429795	4.955021	6.686918	-0.314491	6.491207	5.767261	-1.901131	8.171556	-2.263928	0.155303	-0.181406	3.849650	2.634137
3	3	11	6.545732	2.227396	1.161395	1.068836	-7.864854	4.538224	5.706107	1.972011	3.061929	0.400893	5.759755	4.124970	0.081542	6.534075	8.171553	5.017540	5.894763	1.236565	7.142298	1.273372
3	3	9	6.545732	-2.795421	7.230671	6.878055	4.342229	-5.567529	-22.675429	7.429795	4.955021	6.686918	-0.314491	6.491364	5.767261	-1.901307	8.171556	-4.851737	0.155310	-0.181406	-1.045315	5.569192
4	1	100	1.679505	-12.620147	6.919645	7.092414	6.696253	-5.063256	-22.975539	6.254992	7.102795	8.201704	1.267229	9.021989	6.508063	-5.345331	7.487111	-1.329895	2.486849	4.971727	-7.415610	9.179023
5	5	43	9.575191	-4.098435	6.499746	3.765387	5.656638	-4.994834	-17.507848	7.429022	7.998724	6.714583	-0.056413	8.237711	7.176114	-2.152453	7.637706	-4.406956	-0.227122	3.978597	-4.192285	8.760380
5	5	23	9.575191	7.267377	-3.442761	-8.440458	-8.746642	5.893814	13.899844	0.937097	2.581725	1.264751	5.969190	3.377027	0.884338	8.324780	1.882730	5.900779	6.330078	6.623890	7.053699	-1.634873
5	5	10	9.575191	4.909735	2.427327	-2.169566	-2.668890	-0.419994	-7.715880	7.429022	7.998721	6.701197	1.404351	8.237711	7.176114	3.039116	7.637706	2.830922	-0.227103	3.992295	7.053626	-1.568690
5	5	19	9.575191	4.929514	-3.442756	-8.424732	-5.048179	5.893811	13.306822	0.937097	2.581729	1.265771	5.969182	3.377027	0.884338	8.324780	1.882730	5.900776	6.330076	6.623881	1.707939	5.039525
5	5	5	9.575191	1.191630	-2.164441	-2.507193	-0.522001	5.196697	9.770740	0.937097	2.582781	1.297474	5.968931	3.377027	0.884338	8.324444	1.882764	5.743358	6.330015	6.623587	-2.889111	8.611909
6	2	26	4.912499	3.331576	-0.993816	-2.109586	-10.198816	6.623500	10.802985	-3.552772	1.867301	-0.856494	6.198463	1.680398	1.283539	6.847695	-1.528652	6.190053	3.271144	7.308551	4.170961	-1.324764
6	2	74	4.912499	-8.084178	7.978011	6.408954	4.825764	-0.620847	-8.146976	2.645071	7.773085	5.669827	2.879103	7.760324	6.175823	-2.917674	3.198388	-3.724387	-2.565044	3.270446	-3.218938	4.051514
7	2	64	3.849247	4.134492	-1.460674	-6.451136	-10.336420	6.270540	16.660638	-1.739123	0.468665	-0.018004	6.936916	-0.267728	1.991107	7.801046	0.568476	3.858635	6.438065	6.701557	8.255157	0.227433
7	2	36	3.849247	-5.386509	7.867760	4.736595	3.764737	-5.612668	-18.180033	4.480187	6.710252	6.605820	0.647076	5.342854	5.720517	1.771876	0.596813	-7.397869	0.623624	0.099110	-2.081487	6.854789
8	3	22	5.133433	4.708316	-2.984932	-3.804084	-11.301937	7.977146	15.947811	-0.393354	1.235095	0.140978	6.307731	-0.801051	3.406479	5.734654	0.918407	5.670314	6.236206	5.205112	6.760927	-4.232746
8	3	59	5.133433	-12.131877	6.828045	7.238121	4.977727	-0.752136	-19.820284	5.657927	7.056431	5.687697	0.065845	5.015043	7.185313	-5.150587	7.326772	0.171409	4.318077	0.219187	-2.959361	7.355675
8	3	19	5.133433	-3.263180	2.100497	1.105547	-0.835828	5.794438	6.380100	-0.393025	1.235099	0.144772	6.307731	0.873327	3.406480	5.683100	0.918407	5.668792	6.236206	5.204875	-2.724326	7.354806
9	4	29	8.837127	-6.094023	6.212203	8.026403	5.867518	-3.343229	-19.676932	7.640692	7.019429	5.939791	3.835650	5.805772	4.730175	-4.418822	6.137452	-4.299113	0.187703	3.071535	-3.872151	6.662099
9	4	55	8.837127	6.712088	-1.985315	-4.648009	-10.967804	3.427812	13.344700	2.927076	0.556300	2.145936	8.331518	0.897007	-1.784837	7.429193	1.307580	2.767935	5.683912	8.029025	7.952761	-5.583853
9	4	13	8.837127	6.635402	0.054981	1.894261	-4.417724	-2.517817	-6.633183	7.640692	7.019429	5.939791	3.835650	5.805772	4.718407	1.587117	6.137452	-1.227753	0.187703	3.071535	7.952760	-5.558282
9	4	3	8.837127	0.015755	6.164435	8.023909	0.621906	-3.335676	-9.723226	7.640692	7.019429	5.939791	3.835650	5.805772	4.728789	-4.417895	6.137452	-1.259285	0.187703	3.071535	7.881475	0.259415
10	4	9	8.224730	-2.511186	5.779356	4.386228	4.586561	-0.241674	-19.797178	5.798661	6.570395	7.419467	1.817234	3.248857	8.569557	1.855405	4.569909	-4.548272	0.893509	1.074661	0.782279	7.670098
10	4	53	8.224730	2.634909	1.311479	-5.447092	-11.593358	5.636090	15.514291	1.943756	0.013136	3.095329	6.718257	-0.883533	2.029702	3.822123	-1.965625	6.391557	6.155146	5.461288	9.005133	0.049112
10	4	36	8.224730	2.439243	4.590930	-1.173825	-4.902428	5.065257	-9.370612	5.798660	6.570395	7.419467	1.817241	3.248853	8.569556	3.772836	4.569909	6.224840	0.893509	1.074661	8.975865	0.169960
10	4	2	8.224730	-2.221595	2.631726	0.320982	-1.848356	0.303588	9.622462	1.943854	0.013136	3.095813	6.718224	-0.883500	2.032084	3.806429	-1.965625	0.585038	6.155133	5.461174	0.782306	7.642620
11	2	95	8.442260	-6.256023	7.306881	6.698672	6.862703	-3.321651	-25.873010	7.531356	6.635525	6.211611	0.626676	5.245203	7.185327	0.302732	9.608301	-5.577101	1.129253	0.316155	-6.740768	7.923021
11	2	5	8.442260	2.904406	-1.447563	0.851558	-3.130525	7.413198	10.611166	1.602801	0.298035	0.741565	6.750682	-0.431615	1.788536	4.320411	6.528881	5.726870	5.737899	4.990635	5.629270	-1.243802
12	1	100	4.280125	-7.456187	6.884618	7.030230	3.632209	-5.975855	-19.829288	5.581200	5.869099	8.889008	0.158883	3.700893	8.569575	0.718071	8.388647	-5.174428	3.505809	2.026032	-0.569439	6.976894
13	2	79	5.750640	3.078098	3.965390	3.895752	-2.908342	1.053896	-13.543237	8.681255	7.665747	5.216263	0.973983	7.337231	6.116341	0.658619	5.760758	0.913263	2.292425	2.075982	7.752001	-5.246878
13	2	21	5.750640	4.933603	-3.096244	-5.172884	-8.814650	7.277472	9.962731	4.471655	3.163272	-1.240958	6.005265	0.705248	0.704497	5.954500	3.789283	6.453469	6.799843	8.588248	7.752001	-6.388627
14	4	30	5.037837	-3.304735	6.781467	7.832648	6.842940	-2.821692	-21.692730	6.925362	4.967431	4.862447	1.177917	6.350771	6.964875	1.262036	5.506451	-5.226337	0.887739	3.682944	-2.648632	6.177807
14	4	39	5.037837	7.849104	0.697305	2.363965	-2.817962	3.318755	-7.198800	6.925362	4.967431	4.862447	1.177917	6.350721	6.964865	6.839085	5.506451	2.551824	0.887739	3.682944	7.838030	-2.971338
14	4	29	5.037837	7.851139	-5.611834	-0.849353	-9.011918	8.295346	12.710552	1.217771	-1.176253	1.745659	6.013133	-0.120398	2.625947	9.355203	3.516946	5.676094	5.166259	6.913755	7.838030	-2.971338
14	4	2	5.037837	1.905270	5.544868	6.188305	0.116624	3.022393	-12.308003	6.925362	4.967431	4.862447	1.177917	6.350771	6.964875	1.306720	5.506451	1.049990	0.887739	3.682944	5.841000	-1.439165
15	2	90	4.795734	-5.361715	5.498473	7.195046	6.613205	-3.950603	-13.723321	3.996560	8.399628	5.534095	5.620769	6.201367	8.378610	-4.490572	5.251586	-3.335744	5.512738	5.957037	-9.611145	7.415403
15	2	10	4.795734	0.260592	-1.063773	0.570866	-5.782490	4.366015	3.691295	-0.347911	4.425371	0.018802	7.032226	-0.225987	3.866028	3.257905	5.188623	4.078570	5.999503	6.776771	-7.604228	7.379327
16	2	84	6.040850	-7.983725	5.298625	9.116027	3.292756	-3.919866	-14.218405	6.850006	7.116453	8.203773	3.937437	6.589641	6.955258	-1.570933	5.341056	-6.028108	4.250998	4.804878	-3.278183	7.430338
16	2	16	6.040850	3.010560	-5.162365	-1.866233	-10.418237	3.968698	14.410819	0.457958	1.327407	2.229009	9.318431	0.481456	2.718746	7.399192	4.525874	6.280569	5.960487	6.147920	6.810762	-1.417048
17	3	34	5.935888	4.217963	-2.093999	-0.992375	-6.925503	7.400291	5.807310	2.866958	3.865990	2.239490	6.906191	2.184455	0.835657	6.781199	6.827142	6.894382	7.768513	5.134237	5.795676	-3.199721
17	3	13	5.935888	-1.070508	5.258637	5.606634	4.439249	0.364147	-20.474268	6.703555	6.757928	6.347108	2.594246	6.698777	6.614399	-4.937475	6.959794	-2.975388	5.940283	1.141542	0.218676	4.513953
17	3	53	5.935888	1.967219	4.447660	4.624439	1.622573	3.105555	-12.019013	6.702667	6.757928	6.347108	2.594247	6.698777	6.614399	-2.834706	6.959794	5.306581	5.940284	1.141542	4.513078	0.720996
18	2	53	6.812365	3.322264	-1.698444	-3.870499	-8.775733	4.935684	11.456608	1.853022	1.214254	-0.208501	6.251384	1.497318	0.113115	8.077703	1.849849	5.955443	6.890827	3.820149	6.532900	-6.198766
18	2	47	6.812365	2.114918	4.464689	6.676599	-4.389235	-0.839428	-9.657376	6.052355	6.653250	5.302333	2.640108	6.449404	6.254070	1.090256	6.796051	1.286889	6.296304	2.922262	6.495630	-4.592758
19	3	51	6.864618	-5.998666	7.332202	9.048202	5.382489	-4.489821	-9.137948	5.679913	4.787331	3.801148	1.848622	5.554675	5.587397	-3.103484	4.087271	5.618190	0.968987	6.015337	-2.687595	5.039656
19	3	41	6.864618	3.973114	0.783331	-1.682633	-5.638975	8.026965	13.390936	3.148464	1.185914	-2.605133	6.538242	-0.711790	-0.527302	4.424527	0.790623	9.461426	6.307336	6.781451	5.334754	-3.660232
19	3	8	6.864618	-0.007441	4.128364	4.007755	-1.420173	8.014588	5.833134	3.148588	1.187324	-2.604768	6.538228	-0.683296	-0.526497	-0.018271	0.790867	9.286910	6.307332	6.781451	-1.836242	4.124922
20	1	100	8.949883	-8.067996	4.905949	8.014140	6.565120	-2.007583	-11.221031	6.990434	6.078480	6.081946	0.125600	6.916757	0.342359	-1.485297	5.031642	-7.761623	1.902863	6.308765	-6.701967	8.166218
21	3	67	7.821455	-8.020946	3.728902	4.920901	6.508703	-3.434592	-17.639595	6.481596	6.852858	5.573046	3.749810	5.248192	6.644602	-2.869340	3.148923	-3.160826	6.271269	2.355381	-4.011798	5.979768
21	3	16	7.821455	2.840141	-7.253088	0.204428	-6.171084	8.298483	13.503898	0.741265	2.004995	-0.475682	7.128605	-1.230337	1.351362	4.690428	1.847816	5.053282	6.704733	3.255571	6.522718	-0.360646
21	3	17	7.821455	1.779785	-0.866055	2.928503	-0.384073	2.748733	-2.591885	6.481594	6.852858	5.571785	5.057501	5.229996	6.641500	-2.766275	3.148923	2.785272	6.540892	2.357118	5.310699	1.398151
22	3	75	8.262664	8.680161	-2.124863	1.174440	-3.038925	-2.326543	-12.022236	5.723581	4.681272	5.902372	-0.038294	6.283844	8.725438	4.080669	7.969151	1.619051	1.688626	-0.712763	7.018167	0.729657
22	3	23	8.262664	-5.207141	4.255748	6.789823	7.588710	-7.739944	-26.734666	5.723581	4.681272	5.902372	-0.038294	6.283844	8.725444	-1.991947	7.969151	-0.341026	1.688626	-0.712763	-4.042130	8.411207
22	3	2	8.262664	8.683273	-8.335574	-1.671165	-5.278338	4.094347	3.371344	1.801992	-1.745945	2.721798	5.848909	3.430535	3.029144	5.428418	6.017158	5.868400	5.382842	3.456650	7.018167	0.729657
23	3	34	7.901507	3.786678	-2.845335	-4.840679	-3.650882	6.680499	14.816662	0.328430	-0.308680	1.274243	6.336776	1.528440	0.346040	5.844274	1.696029	3.983344	6.035958	6.434313	6.227953	-2.354386
23	3	56	7.901507	3.607209	2.477255	1.567661	-0.144720	1.156384	-7.564741	6.614170	5.652735	6.716360	0.418331	5.510042	6.917230	5.121797	6.832599	3.429848	0.290498	3.856433	6.224176	-2.339751
23	3	10	7.901507	-1.779965	6.918682	6.170585	7.800329	-2.277165	-17.814560	6.616742	5.652735	6.716360	0.418331	5.510042	6.917945	0.785054	6.832599	-2.452370	0.290498	3.856433	2.074527	5.945513
24	5	36	7.393026	5.523205	-10.395653	-4.518176	-11.224083	7.087283	11.504220	-0.536868	0.280680	0.406364	4.224560	3.399007	0.937540	5.206029	1.456525	5.849000	3.649729	1.709918	7.641933	-3.147878
24	5	33	7.393026	5.258788	-10.395653	-4.303113	-5.502008	7.087283	9.078876	-0.536868	0.610728	0.406364	4.224560	3.399049	1.030515	5.206022	1.456526	5.848999	3.649729	1.709918	1.463082	3.451845
24	5	17	7.393026	-0.040813	-3.319602	6.400014	6.892035	-3.427992	-18.826093	5.651328	6.642574	6.762917	-2.391485	5.943156	7.104001	-2.864235	6.735963	-5.203382	-0.462169	-3.200855	-4.282939	6.459217
24	5	3	7.393026	-2.681338	1.367834	6.411308	6.902728	-3.448338	-19.785566	5.651328	6.642574	6.762917	-2.391485	5.943156	7.104004	-2.867429	6.735963	-5.203392	-0.462169	-3.200855	-4.285396	6.709289
24	5	11	7.393026	4.984614	-4.841797	0.996771	0.987296	1.199664	-4.290547	5.651328	6.608460	6.762917	-2.389900	5.941486	6.992282	3.382240	6.729726	-0.989551	-0.461822	-3.200855	1.463058	3.451846
25	3	23	4.170688	-1.000647	-1.274764	-0.322149	1.113201	1.302272	7.610120	4.016844	-2.503416	1.727481	6.570977	1.891188	0.937975	5.868601	1.010505	1.262277	7.214597	6.178638	-0.112900	6.443881
25	3	69	4.170688	3.770294	-4.428043	-2.572001	-11.255466	4.061846	16.173576	4.016844	-2.516539	1.727480	6.570978	1.891188	0.937975	5.868647	1.010505	5.403616	7.214597	6.178638	7.165538	-2.217155
25	3	8	4.170688	-7.398386	2.332643	5.477265	7.678635	-7.291990	-10.568551	8.193331	2.379763	6.309735	0.196761	6.486153	6.490598	-5.337500	6.453276	-4.092990	2.281973	5.049356	-2.308875	6.516881
26	4	30	6.128796	1.538754	2.530006	-0.421636	-3.095584	3.900855	14.190104	2.002791	1.575127	-1.293616	8.017960	1.085072	0.744952	5.658160	4.863260	6.694386	5.292885	8.410300	7.887644	0.731238
26	4	23	6.128796	-3.567981	6.997848	6.749194	4.731996	-7.444080	-22.556861	8.498691	7.811991	3.831092	1.376298	6.928558	7.020124	-1.916165	7.689612	-1.265298	1.735295	7.775388	2.204011	6.320308
26	4	46	6.128796	-2.141789	6.941417	6.749194	4.152969	-7.412736	-17.945875	8.498691	7.811990	3.831082	1.376298	6.928558	7.020124	-1.916165	7.689611	-0.893015	1.735295	7.775392	7.875245	0.850674
26	4	1	6.128796	1.141968	2.691274	0.343500	-2.251177	3.095787	9.117876	2.002831	2.100088	-1.251336	8.017960	1.085072	0.744967	5.646920	5.215875	5.193939	5.292885	8.409584	2.214072	6.279307
27	3	72	6.345187	-1.894999	3.059499	6.670245	5.121526	1.761296	-26.467811	3.884532	6.309547	7.327589	3.000386	5.727064	6.260323	-9.020452	8.135321	1.246295	2.315667	-1.425279	-6.963024	6.266358
27	3	11	6.345187	3.130542	-6.965453	-6.137360	-1.417352	6.848537	9.503124	-2.377041	2.258234	0.991161	7.532537	-0.618714	-0.305768	3.614725	4.874481	7.779792	8.341839	4.614378	2.885172	0.103825
27	3	17	6.345187	1.910088	-2.712645	-6.032975	0.753697	6.848534	7.664120	-2.377041	2.263172	0.991176	7.532537	-0.618709	-0.305616	3.614725	4.883350	6.973677	8.341839	4.614378	-4.394839	5.394005
28	1	100	8.192076	5.160703	-5.884174	-6.648696	-7.484547	6.569764	16.160718	1.298908	4.068052	-0.282269	6.322152	3.334251	2.553531	5.968616	2.600408	4.082737	4.852671	8.985148	6.122552	-4.864970
29	3	27	7.885472	5.106854	-3.964185	-8.590749	-12.671902	9.343290	9.579594	1.131318	0.483395	0.952318	6.802247	-3.301773	1.873721	7.087163	3.270848	7.111497	8.700270	3.590576	6.389838	-3.529006
29	3	64	7.885472	4.841681	2.285181	-2.975369	-5.958233	2.987846	-15.413862	7.658275	6.567634	5.446213	0.327189	3.339216	7.460431	7.087039	6.462815	3.392669	4.626977	1.360467	6.389838	-3.390036
29	3	9	7.885472	-0.952941	8.026196	1.358910	6.120221	2.114236	-25.531603	7.658275	6.567634	5.446213	0.327189	3.339216	7.460431	6.744042	6.462815	-5.288537	4.626977	1.360467	-0.534931	6.954071
30	2	63	7.870035	-8.197248	7.144515	5.950588	4.997901	-3.191199	-15.485081	7.947953	5.030933	6.804751	6.314618	6.545093	6.736622	0.567299	3.674630	-2.852951	4.699340	2.444949	-9.155347	5.618924
30	2	37	7.870035	1.175888	-0.631172	-1.477894	0.458775	5.395608	5.675580	1.930392	-0.916353	2.606591	8.884342	0.000836	0.486004	6.015365	-2.730465	5.917707	4.699990	6.973675	-4.661016	5.556312
31	1	100	7.791542	-9.767844	5.103313	6.295276	6.630347	-6.593983	-28.944154	7.251564	6.745965	7.850179	0.623370	3.709665	6.582637	0.313257	5.349371	-8.998113	-1.523858	-0.086915	-7.396950	8.373473
32	3	55	7.090579	3.558866	2.055946	0.890529	5.147411	0.109834	-11.392157	5.410792	5.355796	9.593380	0.315894	5.231969	8.436121	3.783063	6.476230	-0.257638	1.951671	-1.386691	0.226872	2.123235
32	3	19	7.090579	3.560260	-2.533327	-2.927771	-1.038241	6.143763	5.961149	-0.436454	1.773370	9.172016	6.737622	-1.067650	3.803210	5.442477	0.485535	6.931511	6.521821	-1.383570	0.227137	2.123233
32	3	26	7.090579	-2.871972	6.376472	4.572461	7.787236	-6.226258	-21.788125	5.410792	5.355796	9.593380	0.315894	5.231969	8.436121	2.562804	6.476230	-1.947023	1.951671	-1.386691	-8.749772	6.844011
33	2	62	5.953646	-4.037338	6.711210	5.244675	4.733603	-4.778628	-13.103742	6.728169	7.132368	7.034103	-0.244773	4.717139	5.426623	0.680343	5.317617	-7.815606	0.817091	6.739964	-7.030276	3.521870
33	2	38	5.953646	-0.822180	2.622673	-0.618377	-1.722112	0.286887	8.326696	1.090706	0.545154	2.360998	5.233352	-0.848711	0.511119	6.870841	1.246604	4.662921	5.148558	9.234216	0.986765	0.618169
34	2	96	4.769919	3.183387	-7.812780	-1.896341	-7.203161	7.031820	15.500452	2.937251	-3.335240	4.926988	9.679768	1.503768	1.710342	6.114512	-2.073751	6.225078	6.083008	6.508408	6.000257	0.344290
34	2	4	4.769919	-8.369778	4.759542	6.949814	5.207891	-4.912404	-11.747704	6.936893	2.915654	6.049510	3.688116	6.716122	8.303366	-2.590493	-1.040099	-4.949967	3.252153	5.195421	-0.843373	7.195750
35	3	44	4.343346	1.499082	-2.121871	-0.781256	-3.864130	0.128987	-9.176053	8.893641	6.827552	5.052090	0.725536	6.402066	6.910670	1.320312	7.534509	-2.298423	2.031938	1.686437	6.225288	-1.881772
35	3	43	4.343346	2.417271	-8.237954	-7.812263	-7.877916	6.628289	11.108920	4.444740	0.219800	2.010328	7.115112	-0.002886	1.156941	7.373905	5.569785	3.957387	4.933974	5.545976	6.241334	-4.290138
35	3	13	4.343346	-1.727732	1.308927	1.116839	1.054012	-1.510900	-16.756273	8.893642	6.827552	5.053090	0.652911	6.402066	6.910670	1.317625	7.534509	-5.148252	2.031938	1.685028	1.923546	3.778866
36	1	100	6.927496	-6.477326	6.719793	4.915145	7.259013	-6.288954	-22.990506	5.741753	6.613307	6.867165	2.101173	6.690051	6.937375	-3.808513	5.398126	0.865601	-1.431667	-0.102456	-1.192387	6.539018
37	1	100	6.196883	0.011312	7.125172	6.791303	1.040018	-0.150148	-22.455878	7.294689	6.185690	6.285160	1.840840	6.033581	8.624251	-2.460735	6.574117	5.398644	0.206511	4.779241	-0.238020	6.378494
38	2	2	6.339495	4.232784	-7.209751	-1.298991	-12.009422	7.421483	11.492519	1.032536	2.438538	3.144315	7.653831	0.141502	0.535736	6.510483	6.218696	8.544823	6.452889	1.428839	5.507971	0.089153
38	2	98	6.339495	-7.509027	3.426086	6.504157	5.502999	-4.150296	-16.494153	7.251516	8.410236	7.322421	2.645216	6.778436	5.655471	-0.613724	7.171198	-2.610391	3.636042	-3.825021	-4.316095	7.520411
39	2	97	6.768376	-9.134804	7.353556	8.351251	7.045497	-4.403272	-11.903630	1.814549	6.838923	7.055703	0.981553	7.024003	6.659839	-0.966018	4.223091	-4.891594	2.296667	6.130607	-4.557453	7.452469
39	2	3	6.768376	3.503062	-3.709462	-2.737046	-9.610659	6.923863	16.255817	-4.530520	3.157464	0.549290	6.050548	0.983790	0.905856	8.153706	0.585125	7.343304	7.474507	8.158199	5.405828	-2.388775
40	2	80	6.626716	-2.965371	8.010221	7.953297	6.501755	-6.446258	-14.740438	7.698447	3.694282	6.723799	0.336760	6.245825	5.847552	0.125152	1.083647	-2.049801	1.260925	2.212700	-3.191478	5.306508
40	2	20	6.626716	1.817030	1.287633	4.330839	-2.240403	3.336943	13.366038	2.269525	-2.254445	0.664949	6.201007	0.291959	0.674867	2.992038	-0.282587	5.799628	7.118387	4.822303	5.900106	1.743273
41	3	50	7.270684	-6.860770	3.628083	6.588710	5.363977	-4.676765	-9.564830	6.056738	4.136977	5.453386	-0.542856	3.759247	6.306127	-1.078166	5.282844	-2.322309	0.462290	5.696761	-4.232908	5.672456
41	3	39	7.270684	2.515893	-4.438136	-4.520672	-3.456268	6.398117	18.217614	-0.574617	-2.149703	0.981036	5.599029	-2.109179	3.980645	4.168849	0.873772	5.573085	6.741053	7.182154	7.608328	-0.968039
41	3	11	7.270684	-0.426297	-0.122733	0.541357	1.195757	4.759298	8.235629	-0.574617	-1.819965	0.981036	5.599027	-2.106383	3.980645	4.168844	0.873774	4.225363	6.741053	7.182154	-1.430432	5.230605
42	3	38	5.209171	4.827443	-2.547925	-0.851584	-5.303664	6.351443	14.721443	1.100269	-0.661354	1.569252	7.873261	-0.115519	0.051469	7.134644	0.517301	5.924433	6.421588	5.082701	7.619848	-4.333524
42	3	21	5.209171	0.484512	7.326383	7.903562	2.323314	-1.917994	-14.213014	7.661332	5.445511	6.117069	1.929229	4.723274	5.187228	2.900730	5.916343	-3.476663	4.366975	3.135099	6.881125	-1.417654
42	3	41	5.209171	-3.155149	7.457986	8.262112	6.205908	-4.421561	-23.533421	7.661332	5.445534	6.117546	1.929229	4.723274	5.187248	2.900730	5.916369	-6.111407	4.366975	3.134547	-1.425443	5.337088
43	1	100	8.936156	-8.233664	6.298416	7.010421	7.627811	-5.073281	-14.842660	7.827176	6.158502	7.155964	-1.360821	8.467463	3.630385	-5.675872	1.899887	-6.048783	2.058009	3.955565	1.295860	4.281344
44	3	67	8.168069	-6.587970	7.768862	5.740056	6.598359	-4.362553	-13.177687	1.676466	5.922007	7.827833	-1.355933	4.902216	4.025414	-3.265118	7.118086	-6.968879	-0.445288	4.505706	-6.049662	6.454514
44	3	11	8.168069	2.565353	0.769278	-2.024922	-4.688541	6.541613	4.444994	-4.213381	-0.111027	1.336904	3.462733	-0.786690	-1.034172	5.173015	0.714953	4.700133	1.244913	8.215530	-1.235689	5.209687
44	3	22	8.168069	6.347312	0.767034	-5.414794	-9.576099	6.811523	10.114771	-4.213577	-0.111633	1.335889	3.464252	-0.789963	-1.036092	5.175216	0.714539	4.700148	1.246965	8.215532	5.479956	-5.106051
45	2	93	6.558413	-3.089277	8.755599	8.166906	5.585491	-4.504192	-23.573062	5.942605	6.824207	3.808167	2.777472	6.646955	8.515932	-0.032544	7.428249	-4.703964	2.626659	5.284742	-8.656923	4.285096
45	2	7	6.558413	-2.286509	8.547960	2.657461	-0.739040	3.054782	3.965531	0.709715	0.633860	-1.535445	8.216100	3.757638	4.514280	5.547397	1.503496	6.282348	7.908839	5.749946	-8.276767	4.263593
46	4	60	6.647265	-2.995361	4.616510	8.602919	6.989449	-8.518163	-15.161814	6.357144	5.400989	2.488611	2.549861	4.004396	5.919457	1.619467	8.124604	-0.097621	3.901660	8.577890	-5.042548	5.839666
46	4	21	6.647265	3.687206	2.083849	2.874392	2.631784	-2.782205	-6.683288	6.357136	5.400989	2.488611	2.549861	4.004396	5.914278	7.053513	8.124604	2.916683	3.901660	8.577890	3.719226	-1.191419
46	4	13	6.647265	6.681015	-6.232996	-3.384802	-5.870828	3.556104	9.797497	0.886676	-0.224493	-3.997980	8.901307	-1.829512	1.820364	7.617345	1.991109	5.861631	7.388953	8.578015	3.719260	-1.191470
46	4	6	6.647265	6.629674	-0.202375	2.862964	0.750735	-2.782203	-6.523824	6.357134	5.400989	2.488611	2.549861	4.004396	5.913672	7.071759	8.124604	3.823113	3.901660	8.577890	3.719260	-1.191470
47	2	39	8.772085	-14.786926	6.782196	5.487237	4.217535	-2.907049	-15.567055	4.264627	7.972591	6.086553	-2.451512	5.012707	6.189271	-0.946332	9.380279	-6.567239	1.526564	1.606882	0.124267	4.514198
47	2	61	8.772085	2.234194	-1.747633	-2.039514	-10.277731	8.534806	14.856739	-1.198554	1.810527	2.859159	3.982285	1.633251	-0.360716	6.524828	3.315978	4.335313	3.634992	5.772035	8.389169	-6.601566
48	4	13	7.974416	6.095655	-0.520546	-0.723623	-10.351072	4.617016	8.475409	0.129726	1.894951	1.789890	6.975847	0.143393	2.591161	5.132396	1.410833	6.186690	5.837392	6.445988	8.452990	-6.000801
48	4	18	7.974416	-7.157626	8.171532	5.875731	5.535069	-5.723245	-18.956041	5.252950	7.384868	6.851427	1.096586	6.539728	6.464915	-2.538042	6.949730	-5.940913	0.923204	4.772842	-2.505632	6.101377
48	4	46	7.974416	-1.372996	8.171279	5.635786	-0.465351	-5.616435	-10.221383	5.252949	7.384868	6.851068	1.115902	6.539728	6.464915	-2.538041	6.949730	0.526873	0.923307	4.773149	7.022459	-0.490750
48	4	23	7.974416	-1.158032	2.780056	3.388019	-5.367043	0.813349	4.992937	0.178807	1.894958	3.702093	6.837516	0.143836	2.591164	0.344678	1.410841	1.325872	5.837391	6.387754	7.150722	-0.490760
49	2	26	5.803326	5.685243	-5.493508	-2.893129	-5.420617	5.811387	9.261350	5.938495	2.576332	0.162271	4.410684	-2.817075	-0.634088	7.012151	6.954838	5.809025	7.234831	4.908166	7.353155	1.730668
49	2	74	5.803326	-8.292139	4.326900	8.704737	6.795055	-5.358256	-22.087350	7.862897	6.690499	5.601452	-2.147047	2.953663	3.712478	0.251384	7.061405	-4.503686	3.376112	-1.124693	-5.120379	8.208565
50	4	20	8.165628	2.073396	-0.184841	-1.038660	-4.085306	7.204784	7.184990	3.476038	0.554916	4.632585	6.908792	-2.387938	-0.586735	8.555771	2.660245	7.438517	6.389095	2.444088	0.419828	6.271753
50	4	26	8.165628	1.643852	6.172130	5.944608	1.671605	2.442081	-21.221905	7.845122	6.661084	6.943487	1.204383	3.839833	4.338759	1.737653	7.669210	-2.176765	0.194867	-0.175267	-0.781664	6.711412
50	4	15	8.165628	3.785501	3.617789	1.857679	-3.267590	2.620854	-11.369808	7.845122	6.659342	6.943487	1.204383	3.839833	4.338587	8.192928	7.669040	3.672994	0.194867	-0.175267	7.222647	-3.278262
50	4	39	8.165628	3.941583	-2.687369	-4.407366	-9.014579	7.247129	11.918336	3.476031	0.339787	4.632584	6.908792	-2.387938	-1.938731	8.555773	2.610635	7.461718	6.389095	2.444088	7.223659	-3.555302
51	2	64	7.861077	-8.261137	5.819182	6.049609	5.090483	-2.737703	-14.186317	6.708385	4.624421	7.812483	-2.824988	6.004249	3.301467	-0.145307	6.458347	-0.885428	0.982999	2.147089	-4.895371	5.936678
51	2	36	7.861077	4.761506	-5.294028	-6.834252	-10.485864	9.000691	7.615292	3.026675	0.341139	1.365037	2.553155	0.758703	-2.985831	6.663494	6.445974	5.966126	0.983115	6.220306	5.887226	-6.034047
52	1	100	8.939586	-7.173254	5.923352	3.854051	6.374704	-7.242192	-17.714360	6.196991	7.681279	8.216390	4.498363	3.957936	7.978678	5.876758	7.655582	-4.684480	6.385020	2.233977	-3.462653	6.670134
53	2	74	3.848289	-11.075334	5.842870	4.394202	8.721499	-1.514347	-33.082890	6.550563	6.361278	6.087205	1.534170	5.972885	6.750276	1.047772	8.037248	-4.384631	2.324623	0.547600	-1.528414	7.023946
53	2	26	3.848289	2.434767	-1.235786	-4.731513	2.988889	7.645523	2.877827	0.149783	1.125431	0.827925	6.711925	4.042392	2.468470	7.726611	7.511908	1.271689	7.277343	3.133691	9.219715	-0.785137
54	2	43	7.081491	7.988201	0.217389	7.058057	-5.841361	2.186716	-4.708994	7.996608	6.844927	6.113717	4.106773	4.201063	6.455418	6.583770	6.523485	4.227090	6.295748	4.387873	6.359799	-3.339730
54	2	57	7.081491	8.000103	-3.147055	1.082345	-9.539919	7.229714	17.163040	4.528953	1.114321	0.153909	7.163257	-1.932179	0.236476	8.192949	1.989829	4.229546	6.308860	6.492839	6.360005	-3.339861
55	4	9	7.856623	0.881859	7.244465	5.001056	6.326455	0.738441	-10.359357	6.498017	4.663686	2.123354	1.506784	6.588044	3.382910	0.237172	4.494469	-3.844523	0.363071	5.154545	0.568898	6.571418
55	4	84	7.856623	3.118628	-1.932517	-0.004827	-5.930384	6.833325	8.263640	5.115603	0.669138	-2.294141	7.465688	1.772680	-0.720891	7.220632	0.987365	7.850243	4.651472	5.163544	8.628175	-3.335343
55	4	5	7.856623	0.897421	7.236472	5.000878	3.763050	0.738601	-4.925312	6.497930	4.663686	2.123354	1.513719	6.470404	3.356102	0.520740	4.494469	-3.844323	0.363071	5.154545	6.306744	1.170387
55	4	2	7.856623	-4.626630	7.479645	5.003730	6.820188	0.718937	-10.512803	6.498017	4.663686	2.123354	1.506783	6.588337	3.382975	0.234961	4.494469	-3.865493	0.363071	5.154545	-3.444106	6.782395
56	4	64	6.603950	5.152733	-5.868748	-6.333083	-5.047962	6.352118	16.158905	1.326160	2.713423	-0.524430	4.383611	1.987603	-0.307842	5.371395	2.041049	5.527774	5.327199	6.305057	6.487015	-3.455937
56	4	27	6.603950	-8.401316	6.299610	5.411820	8.102850	-6.075346	-22.126761	7.720898	7.200775	5.450693	-2.077415	5.492491	5.768965	-0.915464	5.620872	-4.140292	1.325280	4.932265	-1.069668	6.535684
56	4	5	6.603950	1.843705	0.671550	4.922523	2.034083	-1.110565	-13.773177	7.720898	7.200775	5.450693	-2.077415	5.492491	5.768965	-0.882082	5.620872	-3.948588	1.325280	4.932265	6.478271	-0.610513
56	4	4	6.603950	4.801518	0.486524	-0.442522	0.020142	0.289836	-8.289058	7.720898	7.200775	5.450687	-2.077415	5.492491	5.768944	3.686452	5.620872	1.241610	1.325280	4.932268	6.487014	-3.455903
57	2	89	6.747715	-7.327512	7.504804	7.491946	4.439158	0.093165	-21.143326	4.747636	5.825036	7.598696	0.271708	6.745591	8.360862	-6.864905	7.105505	-1.503932	-0.645047	-0.705215	-8.149910	6.890791
57	2	11	6.747715	4.067106	-3.477178	-1.847254	-4.506684	6.836263	11.090991	0.224226	0.040638	4.055585	6.401634	1.878638	2.437561	5.584205	4.424896	7.821487	5.554294	2.911457	4.458440	-3.163395
58	2	34	6.786200	2.462212	1.576921	-1.810498	-7.360115	7.088325	13.847138	0.597683	2.741233	-2.245770	0.543191	-1.614711	3.777921	5.147048	7.265555	7.831437	5.550771	6.042862	7.776761	-6.284747
58	2	66	6.786200	-6.898134	7.079044	6.761597	7.319865	-4.004233	-18.832241	7.186415	8.643934	3.782362	-4.571399	4.771436	7.608363	1.481125	7.804272	-2.156687	5.550769	5.944969	-2.686630	5.085226
59	3	42	6.853506	2.505634	-0.796632	-9.504600	-4.611010	9.701161	13.149740	-3.310770	1.262378	-2.028233	6.597485	0.412439	2.595465	6.399452	1.172434	5.314937	4.593229	6.901283	6.304145	-2.136696
59	3	55	6.853506	-5.131698	6.338911	2.368627	7.046762	0.317789	-17.852808	3.184899	7.297885	4.614878	0.598898	6.747530	7.593014	1.687652	4.405976	-1.505020	1.518146	6.684733	-3.403630	6.832983
59	3	3	6.853506	0.840184	1.449430	-5.259294	0.607570	9.213051	7.207894	-3.308068	1.262378	-2.028233	6.594076	0.414302	2.595466	6.399452	1.172434	5.251440	4.593180	6.901283	-2.479705	6.383695
60	2	71	4.959334	-6.295627	6.857311	8.718195	2.063140	-6.807466	-22.619460	5.677235	4.792137	6.364275	-0.780247	6.191901	8.956775	-5.091926	6.438114	-3.689147	2.013922	2.319447	-3.117210	6.461065
60	2	29	4.959334	2.917172	-3.664793	-2.182076	-12.102273	5.443373	14.809712	-0.890743	-0.985631	1.181065	5.326645	1.612901	3.571934	4.484785	1.043996	6.331407	7.659802	5.420253	6.358643	0.371854
61	2	75	7.283275	-4.378124	5.699741	9.006229	4.613353	-1.989336	-20.016863	4.941298	8.001341	4.418699	1.758738	7.224727	6.530818	-4.611962	7.406378	1.849754	0.430804	8.151992	-6.581464	7.614037
61	2	25	7.283275	6.776588	-4.174030	0.853732	-13.018575	6.800193	10.876268	-1.520326	2.185017	-2.101186	8.373828	1.151080	0.273155	7.404222	3.140319	9.165463	4.938675	8.357071	5.806904	-0.059880
62	2	64	8.107033	-4.584870	8.607194	6.077478	4.590154	-6.145387	-16.366817	7.106590	7.070258	7.042905	-1.901102	6.266639	4.282261	1.050904	5.775846	-4.605894	-1.378059	3.953394	-4.020187	7.054352
62	2	36	8.107033	3.697745	-1.984482	-5.656418	-13.189561	5.230024	11.409069	1.050314	2.073153	0.666469	4.566661	0.456004	-2.037561	8.496821	0.888266	5.318321	-0.514983	6.250934	7.792918	-2.259501
63	1	100	5.643712	-4.404354	6.484791	3.763126	5.852917	-5.325866	-12.632442	4.784756	6.501116	3.820117	0.825817	8.532195	5.123834	1.319596	8.186621	-0.677918	4.208566	2.960887	-7.875452	6.799259
64	2	56	4.632493	3.055117	-3.425562	-3.082430	0.273905	7.103920	10.968334	-1.280812	4.190304	2.322822	5.358473	0.840917	-0.881004	2.729647	1.720888	3.067027	4.682635	4.384347	1.545602	6.811058
64	2	44	4.632493	-11.075635	6.777266	6.566288	7.576327	-5.007017	-16.207210	5.222587	7.160383	5.185627	-0.934698	7.442800	5.320397	-7.822976	5.936524	-6.100753	1.070858	2.500697	-4.349168	9.097355
65	1	100	8.195509	6.022555	-5.819663	-4.022004	-11.042504	6.162790	13.096000	1.283685	-1.223843	-2.796830	7.669277	1.577731	0.730542	5.518747	-1.026434	6.246774	1.754634	6.752879	7.675835	-5.720345
66	2	62	6.694804	1.369901	0.659749	0.811855	-0.621642	3.663726	9.175593	-1.362052	2.134471	4.517667	7.641777	-1.467417	0.589952	4.927870	5.459389	7.271084	6.856449	5.541478	-0.626543	7.451506
66	2	38	6.694804	-2.751171	6.674627	7.056701	5.646450	-5.078903	-9.158823	4.111165	5.690928	6.724500	2.106154	4.962154	6.512079	-2.469314	6.128922	-3.149996	1.186216	2.161442	-4.093071	8.376856
67	3	22	5.726154	2.130203	-3.855292	-1.161168	-6.443356	4.834833	16.133169	0.303500	-2.933338	0.254657	6.563175	1.646890	1.814163	4.221440	3.097196	7.392830	8.166074	7.138431	6.347108	0.910657
67	3	58	5.726154	-0.144377	0.161800	1.266226	2.654913	3.388740	9.472857	0.303500	-2.933338	0.254658	6.558019	1.646889	1.814184	1.133965	3.097196	2.153981	8.165519	7.138431	-3.750828	6.402365
67	3	20	5.726154	-7.032933	6.245181	7.351714	7.058502	-4.778236	-12.978647	4.759667	3.544377	6.822750	1.216881	8.248426	8.398651	-4.440377	4.083546	-2.793221	2.787048	3.077859	-4.651394	6.658585
68	4	48	7.132894	3.830391	0.488703	2.892725	3.908461	4.876950	-27.176761	6.747837	7.087519	7.843417	0.237227	2.707226	8.059414	5.814688	7.791883	4.431657	1.208331	1.360815	0.567242	5.130202
68	4	32	7.132894	5.937417	0.181236	2.334996	2.590247	4.909611	-21.346350	6.747836	7.087518	7.843417	0.237240	2.707226	8.059414	6.144731	7.791883	5.417076	1.208331	1.360815	5.021071	-0.960653
68	4	15	7.132894	2.089566	4.493751	3.826079	4.275403	4.566873	-28.651094	6.747837	7.087519	7.843417	0.237227	2.707226	8.059414	4.399204	7.791883	4.040858	1.208331	1.360815	-0.538763	6.308982
68	4	5	7.132894	5.940749	-5.553445	-4.058921	-3.677748	9.598086	10.815274	3.068017	2.689274	1.977637	6.608533	-3.389678	3.110494	6.551623	2.492896	7.151658	7.493210	6.140455	5.021072	-0.962558
69	4	39	8.220637	5.701934	-7.403291	-6.481215	-9.388992	6.414002	9.690321	1.999422	-1.434670	4.272544	6.954400	1.238758	1.073964	5.661218	3.119661	3.610578	5.291745	-1.613867	6.653628	-0.341189
69	4	11	8.220637	2.303545	-0.174153	-1.089661	-2.030088	2.461887	-3.323544	6.646001	4.709600	8.818489	1.057133	6.719842	6.305913	-0.333651	5.339868	1.967724	2.280788	-3.206413	6.619664	-0.142812
69	4	30	8.220637	-3.158982	4.399599	5.212022	9.333215	-4.145545	-16.020797	6.647033	4.709644	8.818538	1.057081	6.719842	6.306016	-2.260205	5.339877	-7.046179	2.280747	-3.206413	-3.352630	6.775930
69	4	20	8.220637	5.391664	-7.402031	-6.481215	-6.431752	6.399420	7.077831	2.023983	-1.434669	4.272906	6.954399	1.238758	1.073964	5.661218	3.119661	3.610310	5.291744	-1.614560	2.403607	5.976925
70	2	41	5.632762	-8.896708	7.601410	6.582079	1.952480	-4.607432	-12.062164	7.477761	6.521788	7.726729	6.282271	7.917859	5.896784	-2.192943	4.866571	-0.130267	7.200842	4.167759	-4.507485	5.207606
70	2	59	5.632762	-3.650906	4.922391	0.321253	-4.259338	1.790982	5.698307	2.907097	0.681753	1.433132	6.424545	1.438834	-0.682543	4.310817	-0.894333	2.048360	7.200843	7.498614	-4.499265	5.207601
71	2	53	3.167036	1.238199	-2.992178	4.140362	3.837002	1.012744	6.840413	-1.512170	3.212592	0.194636	8.543698	3.082301	-1.057748	2.980080	1.491160	-6.274821	7.232608	5.992898	1.168130	5.418859
71	2	47	3.167036	-8.193435	9.169364	6.933715	6.568148	-5.402707	-15.240064	4.715098	8.228191	5.373037	2.779022	7.506728	5.208083	-6.144624	6.596515	-6.891775	7.000861	1.866351	-2.527493	5.967539
72	2	54	4.990593	-6.844323	6.751437	5.333783	8.918457	-5.221498	-18.702084	6.677409	8.053440	2.570433	3.037685	6.208666	5.344151	-1.350673	5.490369	-3.768251	2.777851	6.912773	-7.501300	7.915526
72	2	46	4.990593	1.196595	-1.280299	1.492596	-3.940904	4.322219	8.240687	2.039600	2.376653	-4.031434	8.068058	0.616789	-1.246255	4.032228	-0.899017	7.068216	5.329969	6.915965	-1.997571	7.816431
73	2	72	6.854575	3.399720	-2.489772	-5.115249	-10.865124	1.549629	12.378719	-1.605798	-3.871975	-0.740231	6.569875	-0.004702	0.689476	7.303400	1.944080	1.813901	5.491550	5.402914	7.789148	0.870227
73	2	28	6.854575	-8.664917	7.308748	7.250651	3.600713	-11.397543	-11.190022	4.909597	2.388200	4.563068	-0.036651	5.780873	6.694301	0.181224	1.997370	-3.993830	0.800822	4.681581	-3.789984	5.468646
74	1	100	4.503200	-3.721442	7.472923	6.420497	3.871159	-8.546933	-23.708208	5.916935	7.909682	6.516167	0.958918	2.541600	7.837841	0.480293	7.355087	-2.463663	-0.873059	2.028166	-2.065502	5.145621
75	2	83	6.232755	-10.254213	6.882256	5.236618	5.558021	-7.585220	-12.010119	8.404943	3.988640	7.856723	0.181989	2.652312	6.224460	1.158172	4.898747	-2.228476	-2.233203	3.215368	-4.344169	7.169970
75	2	17	6.232755	4.334387	-3.051543	-4.136480	-12.260133	4.273459	6.093011	2.173058	-2.557118	1.299920	6.349623	-1.769774	2.296963	5.540699	2.421014	4.580773	3.135872	6.904125	4.824999	-0.662277
76	2	66	6.737008	-10.310735	6.421132	6.398648	5.191948	-2.212572	-20.758694	7.360215	5.290829	6.223694	-0.814585	7.651755	7.490127	-4.881444	5.797604	-4.111245	-1.947516	0.421461	-4.424316	8.563541
76	2	34	6.737008	2.108696	0.584975	-5.530464	-2.618874	7.041338	5.892918	1.237141	1.396623	-0.122730	5.706375	1.059240	0.886947	6.029107	1.308232	8.444236	4.599257	6.881096	1.124750	7.394945
77	2	90	6.468908	6.346192	-2.116089	-7.091704	-6.663339	6.140069	14.281818	-1.096974	-2.720478	2.565516	5.607033	0.803067	2.208800	6.633770	-1.228403	7.290422	3.994366	8.716511	6.983451	-2.463722
77	2	10	6.468908	-5.561540	8.037862	5.188650	8.625306	-5.041992	-9.514755	5.363518	3.694611	8.616415	1.969893	6.452223	7.942570	-5.269389	4.327240	-2.422426	3.642372	5.297332	-2.392767	7.439136
78	2	51	5.938166	3.419646	-4.202233	-2.786360	-2.831702	6.285809	13.177644	0.570048	-1.630221	0.507366	5.612020	3.000563	2.267372	5.352133	-1.838172	5.343298	5.041957	5.808347	5.408760	3.591993
78	2	49	5.938166	-11.023117	7.204964	6.597051	8.534895	-4.877469	-17.330348	6.626782	4.998764	6.102521	0.985248	6.646348	8.698048	-2.996682	3.454245	-7.634795	3.444871	4.528153	-0.301820	7.449585
79	2	64	6.614044	-3.346488	6.473481	0.643252	3.101469	-2.098235	6.259398	0.929299	1.618923	2.289063	6.396056	1.744848	1.190646	6.934296	0.874621	2.173565	2.331204	7.868640	-1.616758	7.776515
79	2	36	6.614044	-8.561022	7.545419	6.633817	7.806883	-7.399738	-18.155366	6.540877	7.682823	6.717187	0.619970	6.116112	7.561519	1.136982	6.109735	2.173552	-3.137770	3.730126	-1.617654	7.777120
80	3	46	4.722012	-5.543696	6.185221	8.994139	7.273779	-1.662811	-18.763756	6.611595	8.490270	5.209942	1.954317	4.365551	5.038999	3.520935	6.533929	-5.667296	2.466577	6.290125	1.321601	2.586445
80	3	53	4.722012	0.336156	6.153971	8.765228	3.390690	4.524708	-12.166848	6.611440	8.490270	5.209942	1.957052	4.365551	5.038999	3.520935	6.533929	-0.080189	2.466577	6.290125	6.701589	-0.627243
80	3	1	4.722012	4.446279	-4.805372	3.335146	-8.870652	7.608844	7.020556	6.299041	1.865795	-1.018377	7.028872	-2.218314	0.602234	7.154782	2.896903	6.234919	6.546075	7.129311	6.792073	-2.362850
81	2	86	5.897439	6.182858	-2.540291	-1.453193	-10.916239	6.098903	16.020879	1.803177	-1.021300	0.588932	9.386878	-0.395907	2.703665	5.507458	0.129505	5.522392	7.215198	5.394021	7.063600	-1.787160
81	2	14	5.897439	-4.726381	6.011304	6.446311	5.737778	-2.955863	-9.539047	7.346662	5.208639	6.087620	3.321858	4.801918	6.248000	1.787256	5.773453	-6.206212	7.158204	4.167757	-1.756535	5.461247
82	1	100	6.454935	3.610302	2.070604	-7.224693	-11.865247	5.843097	16.765836	-3.223098	-2.092643	-2.272155	7.883481	1.605500	3.337361	6.427400	2.455782	7.492839	6.921066	7.778599	6.759183	0.589054
83	3	75	6.951136	3.708456	-3.814634	-4.847819	-5.606938	8.226205	17.558494	2.819068	2.133388	3.767794	7.168292	3.236123	2.547703	8.062539	1.297916	5.049421	6.616384	5.933719	6.648016	-5.112815
83	3	14	6.951136	-1.945185	6.369293	5.882586	5.427116	-0.091140	-16.141299	5.269614	6.772513	8.207523	1.663454	8.544197	7.617282	-3.888850	6.135448	-7.654920	4.044619	0.265635	-4.985601	6.335458
83	3	11	6.951136	3.254226	1.302980	2.057861	-1.485215	2.752798	-3.736746	5.269614	6.772434	8.207523	1.663678	8.544197	7.602948	1.278744	6.135431	-0.932782	4.044619	0.265635	6.639724	-3.896286
84	2	79	5.803844	-9.322859	6.261034	7.019689	8.971956	-4.178170	-21.511737	6.177218	5.545718	9.274252	1.873326	6.119162	5.223336	-1.611632	5.691028	-2.308035	1.688871	5.413874	-5.297225	6.397376
84	2	21	5.803844	2.767664	-1.027220	-2.421484	-9.392139	6.365266	15.704805	0.218930	0.379275	4.951667	6.473800	0.563412	-0.217458	5.751695	2.462994	5.999395	6.333445	7.625815	5.674992	-2.028354
85	2	56	3.658203	-9.398248	4.776263	6.675553	6.795713	-2.199879	-19.470201	6.151846	4.830718	8.021398	2.419389	4.196048	8.179200	-5.219793	7.915097	-6.947490	1.832225	3.217951	-0.364625	5.541342
85	2	44	3.658203	2.636993	1.405871	-0.832152	-9.023289	8.015500	14.817277	-0.151865	0.003275	3.246071	7.619001	0.679951	1.631875	7.452897	4.413665	3.090703	6.807592	6.337645	6.197029	-2.112337
86	2	94	6.058501	5.823292	-5.500493	-6.383958	-8.931322	6.399384	14.852332	4.607110	-0.913091	0.576384	6.163994	3.149173	1.506363	7.197351	0.609816	7.549090	5.950816	6.508990	6.072837	1.198907
86	2	6	6.058501	-4.912209	6.176913	5.986606	6.596799	-3.637912	-16.349658	5.256466	5.362110	7.093578	-0.217322	6.774661	6.856028	0.063124	6.922914	-3.864762	1.533349	3.490157	-3.700754	5.948917
87	2	47	7.267735	-10.052704	7.682918	4.499964	8.315547	-3.219958	-18.085946	5.504468	5.840513	9.038030	1.323603	6.930503	6.812677	-0.863607	8.222101	-2.038459	2.260086	-0.111318	-1.936171	4.387049
87	2	53	7.267735	4.148693	-1.815052	-7.712756	-5.081137	6.645948	12.013395	-0.276813	0.266056	3.794946	7.530053	0.549546	1.350194	6.435265	2.706155	7.201959	6.150093	5.219663	6.253379	-6.420874
88	4	52	7.826713	-8.913197	5.987338	6.526023	6.175299	-4.239382	-20.113893	7.766897	6.726200	8.786200	0.304570	5.697885	7.876282	-1.805847	7.546696	-0.668099	5.192472	1.229121	0.495685	6.802650
88	4	33	7.826713	3.602767	-4.522615	-5.298267	-7.941833	7.615119	15.961425	3.207975	0.946043	5.567988	6.886874	0.270855	2.250626	6.130722	4.092390	7.200915	6.153452	6.169625	7.074919	-1.622697
88	4	10	7.826713	1.758216	-0.578131	0.424188	1.254090	5.950243	11.259624	3.207975	0.946043	5.570185	6.886870	0.270918	2.345461	6.110501	4.092390	6.170729	6.153452	6.165372	1.953837	5.600793
88	4	5	7.826713	3.591832	1.142300	0.712331	-3.456780	2.317448	-6.150983	7.766897	6.726200	8.748109	0.306320	5.697840	7.870747	4.768259	7.546696	4.153444	5.192475	1.235700	7.074745	-1.614087
89	3	54	8.646478	4.559437	-6.289737	-3.529002	-1.695781	6.229271	13.948529	-2.919646	1.784865	2.313421	7.930380	1.645904	2.049086	5.278245	3.195127	6.847042	2.856165	6.665618	7.887365	-6.477932
89	3	37	8.646478	-9.399145	6.451532	6.670277	7.536506	-6.341289	-17.547520	3.561432	6.830156	7.211775	1.561475	7.550222	6.877707	-3.332395	5.814210	0.112797	-3.032863	4.128211	-2.779178	5.170877
89	3	9	8.646478	4.404139	-0.030934	0.073755	-0.846605	2.666137	-3.966251	3.561431	6.830156	7.211725	1.604156	7.550222	6.877707	1.648883	5.814210	3.902041	-3.032862	4.128248	7.887183	-6.452031
90	1	100	4.961568	-10.874184	9.207600	6.746367	5.693486	-7.734248	-20.554241	1.219967	6.801098	6.828453	3.322971	7.997494	5.363865	-5.294321	6.327528	2.032847	5.294677	1.185853	-3.851414	6.713067
91	3	28	6.603799	0.783778	2.586062	6.038729	5.420261	-5.640592	-13.400561	7.463879	6.794232	2.829893	1.371579	7.054704	7.370224	0.500649	6.728114	-4.363819	5.155476	1.566206	-4.799510	8.722028
91	3	2	6.603799	-0.932361	4.129217	6.310603	6.790069	-5.860894	-16.617965	7.463879	6.794232	2.829893	1.371579	7.054704	7.370351	0.480010	6.728114	-4.364155	5.155476	1.566206	-6.946384	8.735050
91	3	70	6.603799	1.659341	-3.916467	0.878816	-1.060886	2.522403	9.098167	2.847846	0.539259	1.784329	7.926788	4.663989	3.322897	7.001668	2.668782	6.336065	6.353843	1.735842	-3.506083	8.485969
92	3	76	4.505749	-9.785486	6.959608	7.851476	7.347676	-5.070508	-27.266917	7.049090	9.708026	7.130229	1.130417	6.263326	6.300050	-0.244921	6.001495	-6.348654	1.990139	2.523342	-3.156737	6.204475
92	3	12	4.505749	1.704930	-3.851965	-4.275545	-4.351261	5.117594	5.692322	0.833114	5.323677	0.759194	6.354978	0.684277	0.918130	5.950365	6.001132	5.303811	5.761152	8.028269	2.742162	5.473404
92	3	12	4.505749	1.705044	-3.852190	-4.275558	-4.473286	5.118397	8.331713	0.831372	5.309065	0.759193	6.354978	0.684277	0.918043	5.950365	6.001121	5.306047	5.761152	8.028269	7.972310	2.075400
93	3	92	4.505445	-11.850163	5.733037	7.053133	6.819641	-8.471864	-17.841944	9.224386	6.848662	7.024765	2.909233	5.688889	5.394370	0.010976	4.178755	-3.772962	4.177956	-0.421851	-4.151659	6.571637
93	3	6	4.505445	2.398597	-4.212589	-2.078020	-6.352716	2.917403	12.706635	5.094789	0.663888	0.677693	7.689252	-0.030292	-0.040077	6.114524	-1.828510	4.437060	5.079871	5.577324	8.442917	-2.357693
93	3	2	4.505445	1.445258	-2.711799	-0.963547	-1.358528	2.914263	9.232598	5.175287	0.668169	0.677693	7.689252	-0.030292	-0.040077	4.463910	-1.828510	2.308314	5.079871	5.577324	2.295907	5.428506
94	2	87	6.198455	3.092196	-5.787111	-4.860285	-8.035053	3.723969	16.892174	3.684171	1.155545	-0.597792	5.291430	1.364690	-0.337233	6.294922	-2.752183	3.524753	6.003458	6.535520	6.479030	-1.630683
94	2	13	6.198455	-9.673494	4.776344	8.000003	7.009142	-8.612926	-12.394066	5.009262	5.234326	5.120524	1.596573	7.991287	4.738713	-1.689094	2.753104	-4.395942	0.714503	6.208387	-3.285389	5.601320
95	3	32	7.335294	-4.020065	7.910944	5.954854	6.386856	-6.461391	-17.539942	7.722934	6.642762	4.552763	2.640282	6.710661	6.846596	0.994075	7.331428	-2.579256	-1.237495	6.330417	-1.028554	8.635876
95	3	53	7.335294	2.330106	1.184135	-4.013406	-6.104399	5.691350	11.204943	2.141644	2.450541	-2.089283	7.637379	0.493811	1.567500	7.996762	3.049835	8.660374	1.528529	6.937303	7.197187	-3.003353
95	3	15	7.335294	1.351901	7.032029	1.074950	3.081079	0.068172	-3.771614	7.722908	6.586297	4.552712	2.672276	6.710660	6.846596	5.533749	7.330645	-2.312603	-1.212249	6.330500	5.873892	-0.457485
96	2	56	4.178938	2.326333	-3.243352	-2.870964	-5.410736	6.431232	15.590272	-0.266663	-3.724981	2.251531	3.353392	2.210806	1.685410	7.229075	0.418103	6.635164	3.869536	7.652867	5.930360	-4.086990
96	2	44	4.178938	-1.508056	-1.402233	-1.440430	-0.558442	2.056270	8.053494	0.984170	-3.724981	2.253412	3.333858	2.210806	1.685410	7.229074	0.418103	-0.158801	3.867084	7.652705	-1.147107	3.462574
97	2	68	4.220390	-9.000716	5.997886	6.792455	6.163398	-3.020372	-17.740512	5.566074	7.917066	5.640407	-0.041498	5.783968	7.063245	-4.792288	6.160312	-3.395808	3.677543	4.500438	-0.951324	5.812736
97	2	32	4.220390	-2.334858	0.695360	1.993880	1.929802	2.766088	5.127626	0.848612	4.575295	2.195840	5.133119	0.496491	1.971803	0.272745	4.654406	3.164848	6.369422	6.229437	-0.951280	5.812736
98	2	91	7.619586	-9.732050	7.486538	5.835194	7.323028	-2.652316	-22.179133	4.889157	6.947491	6.770847	-1.665613	4.801538	7.105759	-3.148048	8.802830	-1.999996	0.592435	4.020823	-6.962379	6.682509
98	2	9	7.619586	3.119620	-3.995014	-3.233358	-3.390937	6.922263	9.961290	0.942212	0.748621	0.452338	3.895021	-0.650161	1.292778	6.080947	4.684235	8.115319	2.249152	7.800679	4.040218	-3.210670
99	1	100	7.786057	4.651956	-6.497673	-2.667103	-5.422126	3.315785	18.042734	-0.408225	-2.382275	0.902037	6.486497	-0.527814	-0.057454	4.700809	0.715355	5.168032	8.984279	7.966284	6.461098	-8.295285
100	2	90	9.892446	6.250244	-3.852909	-4.186077	-9.075577	8.053460	12.740033	-2.981818	3.825368	1.109223	7.199802	-0.227553	2.985027	8.043777	7.067881	5.395913	6.034478	9.158635	6.055970	-2.830504
100	2	10	9.892446	-0.552518	8.378567	2.890824	7.716538	-3.176997	-10.174242	3.633529	6.241733	7.071091	1.573380	5.859718	8.644095	5.380904	7.070179	-1.013235	4.276994	3.758112	-1.351669	7.844636
