1	2	51	8.711872	-6.343817	-1.382273	3.901202	7.116168	-10.497105	6.598964	6.794215	6.270821	7.282150	5.917923	-5.934562	3.595516	2.670413	5.436356	6.251752	5.034560	7.589012
1	2	49	8.711872	-2.680523	5.809620	-2.290241	7.116005	8.657633	0.413063	0.653374	-0.147910	1.623493	-0.666070	0.477268	-1.203180	3.923443	1.000005	0.736707	-0.244554	8.101357
2	2	68	4.894975	-6.564060	-5.036785	8.103231	4.733424	-11.915942	6.647661	3.141682	7.426519	7.043516	6.506218	-0.746366	6.934343	-3.322060	7.926397	5.889777	2.589925	5.855999
2	2	32	4.894975	-0.657300	5.402743	2.002566	-0.189087	6.421015	0.657856	-4.008826	2.764469	5.029470	0.877966	8.848409	1.351335	1.675063	3.282972	3.678062	-1.882434	5.856273
3	2	78	6.275213	1.080067	6.142265	2.404794	4.596096	9.511346	-0.226173	-4.230892	-0.319066	-0.293292	1.570377	6.673153	2.284046	7.457125	1.190450	0.590444	-0.774556	6.846151
3	2	22	6.275213	-3.967477	-5.848787	7.155770	7.706541	-13.192872	5.581486	4.631790	7.900527	6.131197	7.401680	-2.089310	7.150472	-1.454072	7.053499	7.005911	5.464068	5.620729
4	1	100	6.240642	-7.945005	-1.209161	9.191982	8.146643	-11.411699	5.463682	7.672114	6.435515	5.390611	8.153503	-5.917439	4.772657	-3.115835	3.357987	2.122707	7.788186	0.758325
5	2	98	6.866900	2.268430	6.337921	1.865810	1.809565	7.576957	4.247321	-2.310385	-4.349159	-3.661429	0.212002	7.705542	1.743426	6.430357	1.069086	5.695811	4.620894	2.707700
5	2	2	6.866900	-3.382524	0.922472	6.461968	8.280313	-8.845860	5.473251	6.847030	5.861571	1.609068	5.429136	-1.681769	6.823095	-2.452391	7.448930	6.597193	6.360223	0.504231
6	1	100	7.963936	3.391777	7.306782	2.048080	-0.267425	2.034276	0.462692	-4.552487	-2.016684	3.934845	-0.834407	5.739486	-1.539157	6.669072	2.044558	1.875893	4.072535	2.667424
7	1	100	4.706369	-1.071173	0.551702	0.604768	3.384596	4.071400	-0.182084	6.123388	-0.025091	0.588104	2.472200	1.170216	0.302153	5.005189	-3.532601	3.684999	1.649035	7.010839
8	2	55	7.843715	0.764830	1.513459	7.653680	1.922838	-11.360959	8.745806	-1.519417	1.638346	5.304869	8.241045	-2.871745	6.057224	-0.168215	7.399287	5.195503	8.707061	-0.285699
8	2	45	7.843715	3.249666	6.497105	5.257039	-1.507920	4.502798	3.955741	-9.264597	-3.499400	1.623185	1.626801	3.367082	0.297317	4.020800	2.184143	2.148582	2.461590	4.980642
9	3	47	9.260209	-2.692335	0.038156	5.323384	6.356721	-18.748721	8.899666	7.739253	7.905178	6.761348	6.913985	2.381004	6.706152	-1.968925	6.792528	4.312231	8.360279	1.376941
9	3	40	9.260209	3.589309	5.762167	-0.811600	0.921973	5.279549	3.545037	-1.842511	-0.359423	0.714951	0.975044	6.699142	1.823215	6.545634	1.384914	-0.728357	3.538802	2.402171
9	3	13	9.260209	3.541329	3.867015	5.323384	0.922135	-13.645452	8.899666	3.232716	5.333380	6.761348	6.913985	3.853985	6.706003	1.167051	6.792528	4.312231	8.360279	1.376941
10	4	42	7.085760	2.984871	4.091354	6.092875	3.424433	-7.304449	6.271129	2.532397	0.982747	6.155191	7.217103	5.798422	4.590606	5.353334	3.692683	8.404792	6.865929	-0.587575
10	4	44	7.085760	-0.809226	2.128383	6.092875	8.193898	-12.061282	6.271129	7.479641	2.018310	6.155191	7.217104	5.790641	4.590956	5.347602	3.692683	8.404792	6.865929	-0.587575
10	4	7	7.085760	2.991646	5.477638	5.619346	3.423389	-0.475708	6.159712	-2.995071	-0.684251	4.984286	2.743433	7.435068	-1.354418	5.355339	0.294763	5.959400	5.777125	1.500079
10	4	7	7.085760	2.991781	6.396541	1.851465	3.423369	2.901794	1.182505	-3.004955	-3.203191	4.984269	2.743398	7.714103	-1.354436	5.355368	-2.382627	2.752317	3.414337	5.815149
11	2	66	2.652425	-3.973688	5.564836	3.629108	6.577003	1.786909	-0.956659	-1.181404	-0.803735	3.826144	1.111583	1.163731	-0.100760	1.013815	1.860800	-2.323254	1.040795	5.721297
11	2	34	2.652425	-8.171205	-3.808128	7.091019	6.577012	-10.673914	4.649044	5.030288	4.747703	5.911395	4.867924	-4.770991	5.572681	-3.132492	8.364705	3.924486	7.206170	2.508660
12	2	59	7.443170	0.754793	7.221410	0.526702	5.147348	6.327114	1.718171	-2.049095	-5.994158	-4.135541	0.338779	5.289012	-1.740430	7.056257	0.283934	2.968490	0.307394	4.686327
12	2	41	7.443170	-5.060525	-2.172752	6.766426	6.606721	-11.904045	8.050646	7.069024	6.182558	-0.014087	6.315457	-4.083342	4.534187	-2.633967	6.336822	7.740217	6.867784	-1.641971
13	1	100	6.040530	-3.877521	2.014976	3.561786	6.707980	-10.747704	7.735541	7.456045	3.120924	6.117060	6.060073	-1.458836	5.086353	-1.091241	3.378636	6.217470	6.628378	3.474857
14	2	39	6.658688	1.730886	3.501172	5.702285	2.010969	-5.992855	5.062110	3.791597	2.543676	2.953534	5.974221	-0.342789	7.569925	5.519950	4.159739	5.743614	7.969607	0.219102
14	2	61	6.658688	1.732400	5.866920	1.123278	2.010728	6.145746	-1.511736	0.407211	-3.165137	-2.895275	0.335557	4.458913	5.534502	5.956478	-0.580651	2.907504	2.047413	5.234367
15	2	73	7.658593	2.265987	4.372518	3.666098	4.763337	7.461357	-2.503589	-0.636760	0.581613	-1.947491	-0.407122	6.927323	2.301545	5.256124	-0.206369	1.715223	0.797327	6.435419
15	2	27	7.658593	-2.025695	-3.034105	8.463532	7.586499	-4.734395	3.004312	5.802101	8.837306	3.874226	6.065726	-3.105371	8.752119	-3.175286	6.162079	7.598948	5.183398	3.809150
16	1	100	4.653478	3.307743	4.817948	-0.101112	1.123761	4.497013	-0.149457	-2.329795	-2.891835	2.436309	0.521477	7.001835	0.330962	5.859545	2.824248	0.790808	-0.557742	7.132993
17	2	60	5.491160	-3.004426	6.765944	0.871712	5.982561	7.382582	-0.337742	-2.090768	-0.100374	5.088018	1.276633	-1.410465	0.309012	3.220376	2.248080	1.875868	1.618520	7.338073
17	2	40	5.491160	-8.818582	-3.432898	5.808625	5.982804	-18.076544	6.274971	6.269704	5.172776	7.521153	7.024520	-5.702254	6.852956	1.386248	6.626620	5.801306	7.605239	2.000703
18	2	43	6.639122	1.625680	5.926509	-3.640188	4.257102	8.896548	3.183196	-4.891283	1.139136	3.117859	2.709913	6.555996	-3.010325	7.789528	1.328240	-2.923085	-1.503346	8.545864
18	2	57	6.639122	1.625680	5.831378	2.580645	4.257102	-5.460144	6.420017	0.788979	5.854713	6.869062	6.709413	0.455456	3.509835	-3.796706	7.506573	2.219395	3.794766	8.001183
19	1	100	5.573006	-3.968029	0.199501	1.669730	6.087703	-14.256683	5.785021	5.406467	6.828091	3.635507	6.883684	-2.636518	9.334599	-5.172605	9.290766	4.156050	9.267172	-0.196911
20	1	100	5.842733	-13.534785	-3.496511	5.313109	7.172798	-21.005519	3.396051	8.171838	5.111022	6.018642	7.694071	-5.289472	7.342750	-6.971372	5.171691	7.018413	7.737126	0.676513
21	1	100	7.795973	-5.133108	-5.754617	6.812379	7.777349	-11.587845	2.475731	6.810844	9.216493	5.800858	8.859727	-4.840214	7.464414	-4.230964	7.068895	7.168507	6.557749	6.359847
22	1	100	7.022846	-2.242553	6.781169	-0.175082	6.801943	0.753513	1.828996	0.473719	-2.169134	2.239059	-2.457076	4.070136	0.795658	4.284800	2.987810	-0.401724	0.217048	7.800746
23	1	100	6.990816	-1.820149	-4.241301	8.008531	8.247246	-15.034288	7.116401	5.166020	5.089726	7.664382	8.665275	-0.493993	6.856128	-5.613840	6.695768	6.039638	7.128850	2.201935
24	1	100	7.274130	0.842191	3.878372	-1.839732	5.816366	9.029059	3.996163	-4.128489	-1.051931	4.838509	-3.049765	5.944043	3.796346	2.343313	0.925938	1.683535	2.766935	8.556411
25	2	63	4.749306	-9.539681	-0.232152	4.600868	5.446251	-15.588326	6.783277	4.065153	6.140177	6.968245	7.777632	-5.955232	3.118888	-7.408268	6.215058	7.561482	6.020218	1.670369
25	2	37	4.749306	-4.111447	5.132471	-0.637568	5.364589	4.111979	2.628414	-2.551688	1.693637	1.612411	2.759230	0.075728	-3.174768	-2.326266	2.181839	2.095887	0.682642	4.441512
26	2	92	5.873434	-3.958451	-5.390915	6.930067	5.786907	-24.059559	7.349051	8.994264	3.671771	8.231433	7.090767	-4.253633	6.453813	0.170039	6.207026	2.664966	7.172288	5.454015
26	2	8	5.873434	0.677607	3.378787	2.438573	3.476760	3.968807	1.295310	1.261765	-3.867888	3.987336	0.677967	4.927777	0.239123	7.977516	1.368581	-0.472600	2.792227	8.599796
27	1	100	8.126679	-3.660435	-4.464449	8.715743	6.619709	-18.800101	8.386316	5.963357	8.613750	6.601858	8.849197	-9.489858	7.588626	-6.368299	6.396456	7.406623	3.254983	9.531506
28	1	100	6.739503	-5.512989	-2.863240	5.701357	6.706385	-24.549523	6.834435	6.900384	6.618123	6.763665	6.877250	-11.308292	7.580142	-6.411440	9.511900	5.540265	5.884705	2.257633
29	2	51	6.015530	-2.340764	0.519412	6.308281	5.478411	-12.322247	5.023011	1.841380	8.150122	4.739399	7.216268	-0.939172	8.282444	-3.762506	8.104657	9.173061	4.986777	2.090675
29	2	49	6.015530	0.144359	5.927220	0.229668	4.943010	6.017988	0.291744	-7.214698	2.073495	0.830191	1.142331	6.073086	4.750396	5.226602	1.527789	2.773950	2.456436	2.821012
30	2	49	8.065310	-3.205410	-3.365458	7.286376	6.296537	-16.218721	6.491476	5.518023	9.104351	6.340313	6.634125	-0.560403	6.344406	-1.926145	7.562190	5.306756	6.735509	0.974554
30	2	51	8.065310	1.703483	6.271403	2.699332	1.382823	8.129168	0.923981	-7.126428	-3.000940	4.840937	0.343771	2.670247	3.434003	3.379502	2.329186	2.795393	0.438818	6.944553
31	2	49	9.021154	-5.283528	-6.651465	9.484071	3.137738	-11.416680	6.137606	7.668268	5.937466	1.832737	6.312717	-1.988783	6.951209	-9.104831	6.860608	7.718088	5.079958	1.084689
31	2	51	9.021154	1.653987	4.693588	4.347888	-1.398324	11.412441	2.498336	-3.031897	-5.319577	1.822050	2.035766	7.962672	2.044511	1.333946	0.412526	4.614129	-0.531427	5.945735
32	2	43	7.410894	1.744997	3.929551	2.780774	5.218567	-11.586571	6.761896	4.076376	5.106293	6.839796	8.121706	1.281280	6.046023	0.183078	6.777402	7.529122	5.539088	3.370678
32	2	57	7.410894	1.777599	7.643367	-1.841194	5.218508	8.417087	1.062893	-1.519220	-0.087434	1.263891	1.532862	6.409240	0.117367	6.150326	5.032032	6.186966	1.128043	3.928320
33	2	69	9.120452	-2.983862	-0.200629	5.549838	7.856755	-19.791582	6.259494	3.149589	5.368506	7.048186	6.829202	-2.731322	6.768275	-2.862183	3.726801	2.146874	6.100434	3.266689
33	2	31	9.120452	1.634803	6.509906	-0.240791	3.698844	8.417780	1.327137	-5.284052	-2.903362	1.455407	1.017189	2.616615	2.409011	4.425110	-1.020796	1.923342	0.816423	6.208191
34	2	86	6.986747	1.267258	6.547693	-5.213569	1.719915	13.647524	2.577708	-3.160998	-3.283034	2.230510	0.917777	5.702162	0.423081	5.992359	1.946058	6.774771	3.595777	5.817582
34	2	14	6.986747	1.267258	6.547348	1.362729	1.719915	-2.199896	7.029358	0.596354	2.635019	5.616954	7.139675	1.470363	5.367008	-3.208905	5.420366	8.798760	8.089534	1.326816
35	1	100	8.243040	-0.060109	5.966656	0.167940	6.168260	8.652247	0.511270	0.210995	-7.817590	1.536534	2.918181	3.753774	-0.575048	6.350992	1.317115	3.162135	2.262267	7.091689
36	2	57	5.410434	-6.559141	-6.420565	6.797756	6.358829	-17.463973	4.958383	5.493573	4.352791	4.665220	8.834040	-1.230343	7.270687	-3.364064	6.862792	3.155647	6.173207	3.633155
36	2	43	5.410434	-5.336702	0.375738	0.165397	6.358817	1.976839	1.903827	-0.518949	0.410476	2.838400	2.983545	3.262816	1.934177	0.541568	5.161772	1.894599	2.158217	6.799692
37	1	100	5.970842	2.078817	7.001953	1.424653	-1.333154	7.007545	0.246246	-5.314776	-2.141683	0.217130	-0.666015	4.247063	2.603808	5.477274	1.236866	-0.402408	-1.783071	7.483551
38	3	30	9.644358	-0.280509	5.369083	7.199502	6.341365	-10.089019	6.819380	4.904698	5.190077	8.017270	3.950730	-1.377291	5.041522	-2.616150	7.853612	4.582826	3.445434	7.596811
38	3	16	9.644358	1.402620	7.258723	2.008193	2.497908	1.526022	5.132029	0.183129	-4.097286	5.274576	-0.597868	4.776863	-1.397465	6.093479	6.025658	4.582718	-2.513620	7.596935
38	3	54	9.644358	1.401538	5.888175	7.199356	2.498995	-5.398599	6.819380	4.065196	-0.151322	7.991682	3.897055	-0.944223	5.041489	1.471952	7.823477	4.582826	3.445378	7.596811
39	1	100	7.539460	5.399889	7.358456	0.854069	-2.561364	7.263967	2.478736	-2.013847	-4.302745	0.634978	-1.928240	6.496650	2.562889	6.540253	3.127533	1.908967	-0.246466	6.176499
40	2	86	6.007472	1.169726	8.731338	1.448604	1.196569	6.595097	0.632082	0.557400	-0.030340	1.282610	0.382334	5.601312	-4.411761	6.686298	4.351447	2.763231	1.620754	3.336542
40	2	14	6.007472	-2.005101	-2.857491	8.031077	3.109776	-7.118219	6.139048	6.591357	8.283472	7.749410	6.755902	-1.766645	0.995808	-0.063456	8.241901	6.236095	6.658140	-1.378251
41	2	95	7.037510	2.922604	4.475347	0.318736	-0.146532	8.912470	1.885197	-3.382729	-2.138643	0.458420	-0.341906	7.647316	-0.244174	7.339459	0.147572	0.389474	1.094785	6.205170
41	2	5	7.037510	-1.494215	-3.971857	6.911455	4.803812	-8.763040	8.098965	6.389524	5.060368	5.825173	6.285056	-0.045633	5.865826	-5.312081	6.740095	6.532405	7.181513	2.621113
42	2	45	3.641357	-12.278280	-0.269243	4.585042	5.803751	-10.574733	8.000401	3.267282	4.972399	3.555747	8.231723	-5.991397	6.243164	-4.160662	6.062664	3.943105	5.191449	6.794768
42	2	55	3.641357	-8.440684	2.554236	-1.285368	5.803751	2.912678	2.890490	0.415147	-0.639529	-2.540555	2.894184	0.586746	0.491373	1.096413	-0.324187	-1.808296	0.440749	7.330207
43	2	87	3.678492	-0.619833	6.834677	0.159408	3.485258	5.887781	0.622991	-3.541423	0.575338	0.569078	0.128698	5.029139	3.024241	5.996498	-0.200370	-1.689993	0.314960	6.293417
43	2	13	3.678492	-0.867671	4.278720	5.654458	3.938699	-8.764879	5.796452	1.265074	7.337480	4.270134	6.580105	-1.400461	7.456702	0.301767	6.191760	3.070456	5.151068	4.780136
44	2	91	4.896467	0.202988	7.169236	-2.396200	3.642404	10.233586	2.038805	-2.178717	-5.157320	-0.067584	-0.524036	6.728418	-3.245019	9.822340	0.694788	2.209867	4.645674	2.394663
44	2	9	4.896467	-5.859172	1.220110	3.909086	6.819942	-4.557350	8.230101	5.747642	6.608222	1.481006	5.303544	-5.725207	3.274230	-1.958834	5.686417	5.964255	6.508513	2.278075
45	2	28	6.597124	-2.006264	-5.223649	8.651390	4.696620	-15.092283	6.775137	4.468797	6.227313	8.679574	6.519969	-3.376997	3.839674	-2.176071	5.772005	7.652787	6.005305	2.377873
45	2	72	6.597124	2.435806	6.069083	3.198677	-1.206039	5.973736	0.864653	-4.401345	-4.744167	8.603971	2.299447	5.224114	-2.643003	5.705964	0.337711	4.903585	0.103010	5.859668
46	2	60	6.142021	-1.170327	4.643917	4.130779	6.271428	-6.236661	6.047501	6.410244	1.172426	7.640799	5.781553	-3.402183	4.759409	0.549056	5.677951	7.413845	4.000444	3.007619
46	2	40	6.142021	-1.104354	8.493966	-1.058864	6.260062	5.260944	0.360767	0.626617	-4.834166	6.675575	1.550937	2.957281	-1.175356	5.903132	2.378371	6.243261	1.638289	3.243201
47	3	13	6.282491	-4.035589	-3.524096	9.457044	6.808465	-8.319180	3.144827	6.443069	6.129012	5.495340	5.543212	-3.581372	8.104086	-2.343291	6.112002	4.736717	6.584311	0.922156
47	3	41	6.282491	-4.035555	-2.963044	9.025040	6.808465	-0.121824	-0.028614	5.623239	4.389708	1.474345	0.679059	2.166843	1.575188	2.639089	4.692396	1.721383	5.105626	6.430532
47	3	46	6.282491	-0.603612	3.850786	5.255486	6.409088	5.850556	-2.949542	4.365748	1.963893	1.474251	0.646880	7.416344	1.574429	6.660362	1.347007	1.436940	3.500142	7.072411
48	1	100	6.416056	1.923489	5.854764	-0.461578	2.568736	9.188655	-0.408857	-3.739616	-2.065299	0.959736	-0.194692	4.127573	3.622304	5.793350	2.091126	2.134347	-2.386390	5.387353
49	1	100	7.337947	0.482439	-1.971368	6.750001	5.480355	-14.080647	7.267588	2.511068	3.926204	7.077282	6.468805	0.165357	6.678560	-5.081377	1.640650	-1.324477	6.697759	1.113101
50	2	66	8.209546	-0.594220	-5.639048	6.679547	2.437236	-7.862185	6.275266	8.663955	3.954044	6.347661	7.140209	-0.710501	6.302483	0.724943	6.557446	7.347451	6.436601	1.942300
50	2	34	8.209546	2.985633	6.630597	2.217801	-1.322851	2.997753	0.129812	-1.326048	-3.857556	1.690174	1.710877	6.090000	-0.287336	5.257880	3.744144	2.150073	4.177224	3.965374
51	1	100	7.228250	-3.190748	2.732106	5.011911	6.180789	-13.283680	6.043496	7.436464	6.815219	6.982597	7.401072	-6.599893	5.248129	-4.088673	2.512509	6.384775	5.448465	1.484858
52	2	74	8.186393	1.788301	3.159862	0.411743	3.533327	12.819392	4.125422	-3.751078	-3.479197	1.342886	-0.201785	4.612553	1.401288	5.822492	5.646654	7.601569	-0.888648	9.222738
52	2	26	8.186393	-0.277333	0.407221	6.407175	4.664757	-4.516159	6.325865	3.506876	7.442485	7.112140	6.095838	1.298891	7.424432	0.422414	6.588279	7.634950	5.219971	8.163093
53	1	100	8.672640	-2.871405	-2.756531	6.933942	7.289509	-21.181581	6.206994	7.182317	0.086309	7.331258	7.893656	-4.898291	9.086168	3.125106	6.331903	7.182320	5.871722	2.368351
54	10	26	6.256287	0.442400	-0.080881	7.659466	4.504526	-9.414560	8.339209	8.477602	-0.144844	3.892289	7.964129	0.406175	6.617587	0.532765	7.751731	6.161892	4.909243	3.620432
54	10	2	6.256287	1.738012	3.886895	4.620947	0.575182	1.169066	6.660046	4.845747	-3.739476	-1.017333	2.753634	6.759353	5.517054	4.585421	4.833652	5.831642	0.101457	6.704555
54	10	11	6.256287	0.442462	-0.076314	7.578104	4.504311	-1.187095	7.598316	8.217122	-2.827323	-1.017333	2.754152	5.468468	5.548374	4.556958	7.602678	6.161886	0.141381	6.704555
54	10	1	6.256287	1.738717	3.942097	3.778458	0.575545	-0.208624	6.464799	4.608788	-3.926154	-1.017333	2.753624	6.784768	5.516658	4.587864	3.576813	3.101304	0.100700	6.704555
54	10	1	6.256287	1.737708	3.879782	4.524358	0.575464	1.325560	6.622277	4.810234	-3.814786	-1.017333	2.753632	6.771228	5.516886	4.585720	4.650203	5.854306	0.100921	6.704555
54	10	2	6.256287	1.737279	3.877327	4.229080	0.576230	1.531940	6.489667	4.699007	-4.010208	-1.017333	2.753627	6.788071	5.516655	4.586925	4.095415	5.476723	0.100237	6.704555
54	10	1	6.256287	1.738720	3.911641	4.810320	0.574857	0.552850	6.703232	4.902267	-3.603045	-1.017333	2.753639	6.715116	5.517700	4.585496	5.190575	5.532285	0.103608	6.704555
54	10	2	6.256287	1.738524	3.903126	4.758122	0.574898	0.790783	6.698117	4.890456	-3.635666	-1.017333	2.753638	6.731376	5.517459	4.585339	5.093318	5.663019	0.102803	6.704555
54	10	3	6.256287	1.738120	3.889821	4.651148	0.575103	1.105430	6.670440	4.856430	-3.715721	-1.017333	2.753635	6.754530	5.517123	4.585359	4.891022	5.809875	0.101683	6.704555
54	10	1	6.256287	1.738180	3.891564	4.667622	0.575064	1.066930	6.675726	4.862122	-3.702849	-1.017333	2.753635	6.751626	5.517164	4.585334	4.922295	5.794781	0.101821	6.704555
55	2	84	3.687934	-1.482068	7.192420	-0.262053	5.269739	4.828345	0.406894	-3.277991	-3.422908	1.513219	2.212583	-0.193210	2.778614	3.202544	2.886638	1.278496	-4.678385	6.612767
55	2	16	3.687934	-2.150151	0.914146	6.204669	5.282861	-3.476840	6.380461	0.960835	2.770197	3.905128	7.291621	-3.688363	6.280973	2.469864	7.268613	6.673113	0.148770	6.612712
56	3	78	6.484159	-0.209726	-8.117574	6.659455	1.058406	-19.619004	6.750318	6.854512	5.455457	7.042521	8.356171	-1.591635	8.173952	-4.586454	7.276335	5.645079	5.405025	-1.502252
56	3	10	6.484159	-6.034821	-8.466827	6.659455	7.318201	-24.728779	6.750318	7.432486	6.330324	7.042521	8.356171	-3.057838	8.173952	-4.671264	7.276335	5.645079	5.405025	-1.502252
56	3	12	6.484159	1.720135	2.146513	0.248043	1.057789	8.432810	0.899560	-2.191450	-0.379891	0.998193	1.956973	6.398436	3.473464	6.845487	0.814190	1.724120	-0.952837	3.991842
57	2	42	5.693636	1.313837	1.961651	5.859857	1.010411	6.674192	-0.340944	-5.037239	-3.650819	5.968318	0.084571	8.429018	3.976456	5.542952	-1.941586	0.923970	4.839947	5.027184
57	2	58	5.693636	-5.239858	-5.787737	7.228833	6.371559	-14.102554	5.935061	5.274728	6.410422	7.243489	6.235641	-0.832254	5.793691	-3.844526	4.361987	1.126664	7.202627	3.493545
58	1	100	9.741713	1.404020	5.911561	2.562911	1.037339	4.268083	3.093902	-2.200382	-2.588805	7.543733	3.571740	9.103600	0.394851	4.014285	0.594918	-0.934737	2.738631	5.391753
59	1	100	4.274263	-10.523659	-0.435522	4.998456	8.460263	-18.100807	6.776196	7.621902	6.328230	8.191667	6.229082	-2.032659	6.709260	-1.786757	3.289355	2.775926	9.498131	0.445124
60	2	87	5.680778	1.376242	7.035842	0.128005	-3.467216	9.235461	-0.105991	-4.758602	-4.471648	0.900767	1.667157	5.226719	1.957882	7.658370	-0.364820	2.025991	-1.158628	7.371731
60	2	13	5.680778	-0.188436	-3.910039	6.546510	-0.047598	-5.254315	4.949910	6.463915	2.095346	5.679643	5.408887	-2.576949	6.184870	5.509155	5.951239	6.674997	5.377016	6.199008
61	2	71	5.334316	-2.643462	-2.084950	6.954662	7.158991	-15.356969	7.071028	6.237582	4.088883	-1.815075	1.582199	2.061383	6.055364	1.969638	5.453635	-1.039440	5.607644	2.979331
61	2	29	5.334316	1.089129	7.276179	0.955877	5.318708	2.095969	0.488231	-5.660733	-0.896205	-1.898802	-4.189546	7.455045	1.232825	7.425284	1.714644	-4.378657	1.341162	3.770736
62	10	81	5.599351	2.575679	7.601534	5.600260	2.311506	-3.654833	5.503745	0.918900	1.484388	5.725242	4.781476	2.704875	5.473226	1.197481	4.702313	6.379511	7.303405	1.646808
62	10	1	5.599351	2.577455	8.345552	3.320759	2.311505	-0.128289	4.947280	-0.303169	-0.753530	0.814919	0.901511	4.355004	2.436444	4.664099	3.303141	5.549491	7.121851	1.719638
62	10	1	5.599351	2.577515	8.442389	2.546552	2.311505	-0.623992	4.865957	-0.303176	-0.946593	0.551272	0.847190	4.356362	2.382637	4.838694	3.283876	4.652081	7.060668	1.813279
62	10	1	5.599351	2.577442	8.255075	4.216841	2.311505	-0.479173	5.279463	0.237097	0.471912	1.279877	1.277459	4.239302	2.568430	4.414385	4.229472	6.098680	7.250792	1.670423
62	10	1	5.599351	2.577468	8.206568	4.780173	2.311505	-0.810907	5.394450	0.498110	1.047496	1.802968	1.705362	4.144395	2.687412	4.222962	4.536610	6.238203	7.279666	1.662145
62	10	1	5.599351	2.577551	8.220073	5.254929	2.311505	-1.216618	5.457191	0.703222	1.369775	2.708397	2.445214	4.007286	2.872951	3.978106	4.663574	6.241994	7.286861	1.665849
62	10	2	5.599351	2.577451	8.333305	3.440282	2.311505	-0.144003	4.998562	-0.230278	-0.585841	0.861583	0.935807	4.342637	2.450992	4.633282	3.441305	5.644981	7.144983	1.709119
62	10	1	5.599351	2.577447	8.235933	4.417628	2.311505	-0.592175	5.327647	0.337302	0.701770	1.434943	1.406042	4.208192	2.606007	4.351269	4.364668	6.164318	7.264233	1.666226
62	10	1	5.599351	2.577612	8.296560	5.346007	2.311505	-1.484174	5.467098	0.779780	1.432883	3.177323	2.975173	3.909739	2.993431	3.906447	4.683461	6.146926	7.280072	1.678692
62	10	1	5.599351	2.577488	8.198485	4.957740	2.311505	-0.932621	5.420221	0.571443	1.183489	2.051124	1.903861	4.106016	2.738694	4.147848	4.593983	6.255764	7.284179	1.661710
63	3	49	6.151505	2.779735	4.373191	8.355273	1.603229	-5.904121	6.414780	0.900062	3.607073	5.656473	5.977132	2.433924	5.325667	-3.942368	8.095590	8.069888	5.534437	7.272560
63	3	23	6.151505	2.942898	8.069447	2.083120	1.603142	6.675355	0.378335	-2.590613	-1.763227	2.798438	1.665712	6.997662	-0.744082	5.910261	3.271260	1.931054	-0.973150	8.138206
63	3	28	6.151505	-2.868639	-1.139521	8.355273	7.402788	-13.371158	6.414786	5.280214	5.773445	5.701736	6.080040	-3.733892	5.325667	-6.398319	8.110858	8.069910	5.534438	7.272560
64	2	99	6.654863	0.537729	4.878846	0.018501	2.388007	10.562779	3.655340	-7.611805	-2.860493	4.183068	3.487039	6.028760	-0.903777	4.954683	-1.310351	-0.015298	1.778960	6.269595
64	2	1	6.654863	-2.149930	-0.050943	4.287392	5.096556	-10.928345	6.935146	3.638524	3.712339	5.947369	7.977018	-0.193083	4.168842	0.854082	4.575242	2.344545	6.667607	4.680435
65	2	16	7.159968	2.624586	4.502626	0.418554	1.793382	6.414795	3.751316	0.047772	-6.490674	1.660694	-1.464870	6.027319	1.585099	8.966949	2.981143	6.081128	-0.664526	6.046145
65	2	84	7.159968	-0.469896	-2.087981	6.772898	4.272195	-12.277896	8.003357	6.171170	5.408642	4.585222	4.766293	-3.430498	6.226518	0.894526	8.636793	7.785225	5.645827	3.725229
66	2	35	7.035825	2.138173	6.588152	1.914170	1.192864	6.334187	4.338203	-5.529380	-1.987326	3.678127	0.774079	5.825815	1.633190	4.995890	1.506344	0.832412	0.855678	4.675525
66	2	65	7.035825	-0.365033	-6.561532	7.742766	1.208552	-14.500067	7.267133	5.959810	6.955704	6.795087	6.236097	-0.915855	8.276454	-6.224996	7.747140	6.620858	6.483123	1.578767
67	2	50	6.616021	1.847136	6.303824	0.113652	2.671950	6.707907	0.845893	-2.315707	-6.647000	5.643486	1.376641	7.886204	1.605015	7.505629	-0.033302	0.087951	3.744439	6.248477
67	2	50	6.616021	1.846396	4.772913	4.580086	2.672125	-13.157479	5.236792	3.430353	-1.416446	5.884599	7.217422	1.774831	7.557674	4.861521	6.045220	4.691085	7.562500	0.360379
68	3	87	5.732907	7.338363	7.897872	1.065814	-0.256667	8.093621	4.302312	-4.917422	-3.064759	0.517669	0.114496	3.644191	-0.553712	5.717162	1.149113	3.538335	1.848389	8.604114
68	3	1	5.732907	-1.244352	1.593983	6.754485	6.236387	-12.842859	6.602250	5.747394	7.416129	6.541402	6.507751	-8.650982	5.974126	-0.221106	5.469647	7.144018	6.244298	4.999406
68	3	12	5.732907	7.337770	6.701872	6.141914	-0.256667	-2.273072	6.098619	-0.233430	2.732754	6.540722	6.504820	2.397922	5.973530	0.641068	5.393667	7.042504	6.243480	5.000526
69	2	42	7.473780	3.542835	8.027136	2.487758	2.677802	4.718040	1.623118	-2.721118	-6.269684	3.957566	-0.503936	6.239406	1.423583	5.837109	0.118405	-2.619255	2.009315	4.076963
69	2	58	7.473780	-2.442477	-1.707825	8.184248	4.039712	-19.562965	6.655127	6.678664	4.523149	8.065771	5.399646	3.242973	6.652962	-0.216355	6.141982	3.306172	8.404821	-2.083500
70	2	16	5.359861	-0.961677	2.588984	6.255579	5.784610	5.330503	4.239528	0.608093	2.085184	4.605753	3.358040	1.509945	1.875630	7.065147	3.307315	6.238650	0.081339	6.551033
70	2	84	5.359861	-1.503153	0.980202	7.589657	5.885755	-15.590248	7.160890	7.195354	7.030147	7.068199	8.241450	-2.109967	8.377113	-5.008588	5.611311	6.751451	6.311571	4.640900
71	1	100	8.022936	-6.106934	-7.468598	6.526308	4.149307	-17.706621	6.890223	7.431164	7.291706	4.970440	6.623132	-2.892987	6.982115	-5.755341	5.132237	2.652863	5.146547	6.714117
72	1	100	2.501170	-8.725883	0.302124	5.527690	6.503940	-16.970573	8.655573	7.102230	7.203344	7.671583	7.808882	-5.294343	6.462022	-5.580647	6.153774	6.633383	1.754774	5.214793
73	1	100	7.037125	2.658980	5.409753	-0.300905	2.663333	7.592439	1.338233	-7.429774	-3.201706	1.412588	-1.226293	4.034759	4.116671	3.960204	-0.557136	1.531198	1.158605	8.538841
74	1	100	9.102973	3.095575	1.237910	4.791667	3.403634	-7.217371	7.281518	3.831439	-0.193386	6.103414	3.286767	2.735346	5.741452	4.920653	5.888546	8.372082	4.498071	7.478105
75	2	59	7.205123	-0.084648	3.566365	5.478728	4.710047	-14.776036	3.810553	2.705853	7.293384	7.233364	7.630432	1.652299	7.078620	-1.339055	2.691801	1.423731	8.115626	3.081555
75	2	41	7.205123	0.099353	4.939391	-0.792776	4.699911	9.146133	-2.251473	-4.127299	2.866738	2.093757	1.131184	5.534155	0.963640	5.245558	-3.587992	1.398366	1.536805	6.127433
76	1	100	7.193651	-3.604319	-3.053320	2.978129	5.173180	-22.309520	8.754762	7.219272	6.185117	4.556734	6.064660	-3.884224	8.125337	-3.757590	6.114766	4.159041	7.680446	-2.287077
77	1	100	8.031506	1.638642	9.298739	0.146652	-1.293441	5.355429	-0.033504	-6.298945	-6.545216	1.373518	2.965421	4.869179	1.720582	7.096419	1.060155	-3.053205	1.471709	5.552442
78	2	76	6.791557	-2.794351	-3.045982	7.417974	6.148301	-15.228109	7.371156	6.343988	7.891813	6.112564	9.000512	-3.095875	9.210802	-7.777369	7.153673	5.712835	8.194495	-0.722566
78	2	24	6.791557	-0.592622	5.473598	3.025348	6.143457	4.753759	1.150367	2.637536	-0.729911	5.776584	5.643552	6.596075	3.611820	3.712741	1.292003	2.115211	2.941663	4.662336
79	2	86	6.662021	0.964750	6.401056	0.527102	4.482165	7.797816	0.117366	-2.657027	0.277843	0.054615	-0.123048	3.029533	-0.724087	2.778350	1.051116	2.743416	0.200794	8.254050
79	2	14	6.662021	-4.490959	-2.920212	7.132072	6.176333	-5.684994	6.548019	7.943716	4.278515	5.393569	5.650255	-6.963153	4.872927	-2.005015	7.322543	6.021884	6.464276	6.608104
80	3	75	7.476393	1.720841	6.079714	-0.414709	0.223845	11.246458	2.006969	-4.352575	-2.068476	2.558369	0.321967	7.452383	3.207779	3.668351	-0.125704	2.429794	1.666175	6.655961
80	3	21	7.476393	1.412565	3.230137	4.766578	0.538936	-4.713775	7.601613	2.249080	3.539691	7.299347	6.546022	4.471343	6.311814	1.704780	6.359499	6.305886	5.972112	3.623484
80	3	4	7.476393	-2.698469	-1.076200	4.769210	6.270819	-9.882744	7.601613	4.618011	3.656650	7.299347	6.546022	-1.351311	6.311815	-2.471410	6.359499	6.305886	5.972112	3.623484
81	2	41	6.984963	-1.844267	7.475967	-0.230599	7.461192	1.901288	0.569791	2.797865	3.107107	1.685652	2.930307	3.800524	0.814348	2.715490	1.579986	0.686983	2.778935	6.892399
81	2	59	6.984963	-2.127777	1.655305	4.822838	7.461591	-15.643177	6.955132	7.280280	6.634642	5.511453	6.190403	-1.882492	6.302512	-5.596159	6.168794	6.162602	5.893856	1.116539
82	1	100	8.175258	-8.447912	-5.106665	7.542811	8.254084	-13.569543	8.414039	5.647767	6.547371	2.490873	5.865746	-5.762480	1.753144	-7.968490	3.875574	4.312108	7.799181	3.659748
83	2	31	8.815306	-2.644819	-3.917941	9.110506	6.369705	-9.764078	5.057289	7.321769	4.625655	4.983169	6.598205	-3.784829	3.935815	0.932455	2.920969	-1.167765	6.081602	0.379586
83	2	69	8.815306	0.078161	3.439607	4.142635	3.595262	4.945040	-1.122172	1.598020	-3.569265	2.033619	3.695828	3.775512	-0.713770	6.656090	-2.583366	-1.246731	1.361954	6.373027
84	2	96	8.008965	-2.706976	-7.299395	9.197659	6.471117	-13.613121	5.055609	9.564997	6.767789	3.169949	4.739889	-3.415129	6.769389	-2.893594	6.624390	6.348621	7.941952	0.527719
84	2	4	8.008965	2.789646	2.892888	3.280977	1.445713	1.621157	-1.508694	1.264798	-3.895258	0.020453	-0.966119	4.458621	5.144650	7.917754	1.574825	3.088836	7.031937	0.766440
85	1	100	6.336067	-7.576801	-4.269439	5.749248	6.755806	-8.947616	8.367232	5.838562	6.694546	5.536113	3.864648	-7.582679	3.436994	-3.295032	7.075765	7.073513	4.848508	4.508242
86	1	100	6.616917	0.562724	7.338977	0.083737	4.778720	7.902169	-2.436411	-1.144199	0.977872	5.173890	4.177327	6.995331	-1.088206	7.023599	0.194900	1.556160	-3.579398	5.984155
87	2	89	7.997150	-6.196813	-4.898890	7.411974	7.109206	-9.176003	3.783405	7.948324	6.729346	6.227986	6.305945	-3.042663	5.024362	0.061697	8.189050	5.625380	1.504948	9.093004
87	2	11	7.997150	0.588657	7.138346	1.530174	3.785662	8.772889	1.808176	1.010260	-0.593986	0.167715	-0.227841	6.442375	-1.571913	6.849212	2.328357	3.772131	-1.248483	9.139957
88	10	38	5.808929	-0.601399	6.424214	-1.314843	7.948005	6.501635	1.403909	-7.112854	-0.592597	0.732065	0.766608	4.366829	4.593554	5.955916	0.514887	1.467262	0.173355	7.660645
88	10	43	5.808929	-0.601564	5.888671	3.802913	7.948020	-1.817616	7.737487	-3.315636	4.564228	5.003581	5.707553	3.231465	7.174522	-1.462750	5.473664	4.684390	6.429899	5.304020
88	10	1	5.808929	1.706883	5.923587	3.871896	2.928910	-1.875478	7.715093	-2.395829	-0.963484	5.001785	5.761470	4.938370	7.114547	6.748558	5.632055	4.596674	6.464827	5.304528
88	10	7	5.808929	-5.492787	0.780481	4.464804	7.970332	-8.690281	7.899779	4.455052	4.675661	5.018564	6.050573	-1.918052	8.817891	-4.327151	6.181463	6.154557	6.687585	5.302902
88	10	1	5.808929	1.706892	6.011818	3.654903	2.928913	-1.881156	7.628545	-4.284640	-1.055971	4.997870	5.629315	5.495841	6.948549	6.880938	5.162129	3.532789	6.262980	5.304993
88	10	5	5.808929	1.706933	6.424219	-1.539687	2.928873	7.541697	1.395894	-7.139223	-6.152319	0.280973	0.407908	6.287683	4.593479	7.201049	0.514065	1.467262	0.168420	7.662812
88	10	1	5.808929	1.706887	5.946125	3.868086	2.928910	-2.152660	7.706169	-2.339185	-0.963405	5.000967	5.766485	4.953304	7.096625	6.786415	5.632279	4.382797	6.455659	5.304642
88	10	1	5.808929	1.706876	5.898991	3.812306	2.928911	-1.333029	7.709373	-2.923362	-0.996307	5.002639	5.704325	5.123011	7.102303	6.710726	5.485073	4.762876	6.422418	5.304375
88	10	1	5.808929	1.706876	5.900128	3.821834	2.928911	-1.381951	7.711471	-2.854619	-0.990793	5.002602	5.712616	5.095625	7.105699	6.711848	5.508079	4.760389	6.430511	5.304386
88	10	1	5.808929	1.706886	5.937766	3.872572	2.928910	-2.064471	7.710120	-2.333673	-0.962180	5.001276	5.766983	4.937398	7.105143	6.772497	5.638792	4.467128	6.461236	5.304600
89	2	70	4.790870	-0.042114	-1.176245	6.569496	1.799363	-19.398429	6.954572	5.271015	8.671860	8.066860	6.720170	-2.785240	4.983980	-3.897550	5.547191	6.671089	5.809173	1.438842
89	2	30	4.790870	1.235793	6.436476	0.352600	-0.394634	6.935246	1.710763	-2.169782	3.955391	1.846611	3.461250	5.137438	-1.595092	3.632498	0.271077	2.003111	2.017831	5.241357
90	2	90	7.246853	0.921558	-0.911016	7.315356	2.094615	-15.461279	8.179169	3.579828	3.756713	5.651930	6.952595	0.717493	9.539260	0.592188	5.607205	7.217804	7.502597	2.105792
90	2	10	7.246853	-1.096170	-3.992556	7.315356	6.235315	-19.224627	8.179169	4.718628	5.759849	5.651930	6.952595	0.029462	9.539316	-3.120544	5.607205	7.217804	7.502597	2.105792
91	2	69	7.751099	-5.037976	-4.419401	6.509377	7.287715	-16.732622	6.386900	7.473022	7.144545	1.484760	2.697691	-5.964395	7.895002	-3.623968	6.626495	2.625217	5.695038	2.374505
91	2	31	7.751099	0.413305	7.189058	0.078362	4.605405	4.824423	-0.168964	-1.459402	-1.186887	0.300709	-3.887035	3.715379	1.974309	3.045360	2.229515	-3.926858	0.126025	6.783765
92	3	45	3.275246	1.437125	5.820338	-2.606927	1.550565	6.799727	1.572126	-0.964643	-0.689132	0.155557	2.035499	7.577023	-0.817745	7.070139	-0.089465	-3.963901	0.028182	5.773911
92	3	43	3.275246	-1.961059	0.874370	3.674320	6.422395	-12.501906	6.535629	7.771398	6.549683	4.066652	8.501075	3.402078	5.377487	1.279377	3.894394	0.187314	5.937056	4.190352
92	3	12	3.275246	0.983288	0.890222	3.674320	3.474945	-6.335872	6.518864	5.730871	4.527207	4.066652	8.501062	3.414623	5.375927	1.280378	3.894394	0.187314	5.937039	4.190374
93	1	100	4.352531	-8.039572	-2.755822	7.938324	5.716872	-19.464202	7.807089	4.789829	5.923948	4.971094	4.799307	-3.256751	7.618865	-4.851645	7.425643	2.340980	7.115519	-1.151125
94	1	100	5.841336	-0.325414	-0.893608	4.851942	4.915242	-6.418691	6.733567	6.719585	7.341595	5.797154	7.664552	2.818136	5.165444	-1.608683	6.123882	4.767997	4.270666	5.014986
95	1	100	7.220211	7.944595	8.482408	0.620086	2.325083	4.781585	4.099471	-0.498504	1.293468	3.983494	-3.232291	7.259716	-1.609458	6.181463	-0.429443	1.400551	3.562353	3.951015
96	1	100	6.970250	1.239290	8.176803	-0.017174	2.232937	7.402532	5.894511	0.945616	-2.857029	4.541789	0.680603	8.842919	-1.303467	7.323859	1.643647	1.490888	6.300348	6.491964
97	2	34	7.073297	-1.254821	-0.750695	7.249957	3.241433	-10.934273	5.088110	4.525424	6.209039	8.592668	7.584564	-0.801783	5.937473	-2.761695	9.551857	6.375091	9.056107	-3.178822
97	2	66	7.073297	1.216271	6.297819	1.038417	-2.591211	7.447998	0.830648	-2.124284	-3.940183	3.497673	1.944114	5.370797	-0.598444	5.750461	3.664667	1.476975	6.014878	-0.975459
98	2	35	6.460268	-2.201753	-3.331770	6.390747	5.560526	-17.056632	7.249542	5.951094	6.463639	5.787134	5.287450	-5.502895	6.391369	-3.990400	7.793592	7.441019	5.278232	5.682127
98	2	65	6.460268	0.637242	5.706247	-0.011035	4.604013	7.371579	1.954738	-3.756153	-3.476240	0.644199	-1.001075	5.838916	1.411836	5.961168	1.307736	3.135682	1.272924	5.982025
99	2	82	6.872992	-0.617969	5.418869	1.579386	6.314099	7.477180	1.934962	-2.230192	-3.061912	3.259411	0.883468	8.695083	0.662159	6.113873	2.192614	1.069827	5.106527	6.892856
99	2	18	6.872992	-1.979829	-6.223828	7.335809	6.552773	-11.789741	7.879843	4.474598	6.494653	6.381017	6.383225	2.386411	7.264592	0.640649	6.667336	6.998576	9.431893	5.910181
100	2	93	3.703803	-4.811599	3.295770	-0.288250	6.576521	4.941650	2.184660	6.304958	-2.510402	4.515968	1.201619	1.754152	2.119039	1.906046	-3.529386	1.851453	0.542938	8.645279
100	2	7	3.703803	-9.466201	-0.596527	4.656096	6.611514	-7.564595	7.178614	7.644399	3.674181	6.509359	6.420700	-3.658023	6.647201	1.152412	1.720897	1.900540	7.161481	6.698232
