1	1	25.207965	46.544248	42.522512	63.871772	39.382217	23.829383	4.631348	61.934018	91.438935	45.062737	0.771052	0.329560	0.986969	0.998859	0.626576	0.525277	0.448087	0.120167	0.843835	0.947264	130.216790	5.000000	94.695681	24.639309	3.000000	55.776073	10.868323	5.000000	11.520291	55.831259	3.000000	0.030063	8.698241	3.000000	0.037940	10.449627	1.000000	0.031970	13.081903	1.000000	0.011289	6.686157	6.000000	99.833273	13.361731	4.000000	81.167787	9.148320	2.000000	14.428042	21.020305	5.000000	0.017308	7.544719	4.000000	54.577178	26.888006	1.000000	0.020225	10.652495	6.000000	0.043969
2	2	41.800291	34.598248	18.518696	94.063698	85.509865	26.440927	99.629765	8.153095	99.983902	25.655130	0.703011	0.139336	0.202979	0.881151	0.501332	0.697417	0.181252	0.748172	0.218738	0.553098	37.005667	3.000000	34.001040	53.844299	5.000000	41.344984	15.124730	4.000000	59.116637	45.707233	3.000000	0.016872	0.679434	4.000000	0.012271	6.034642	3.000000	0.010401	12.241693	4.000000	0.036108	17.269820	4.000000	11.008378	13.998602	4.000000	30.662002	11.404231	4.000000	61.223510	44.734756	6.000000	0.093098	41.403795	6.000000	54.546674	33.274642	6.000000	0.012190	8.478889	3.000000	0.012621
3	1	10.796660	90.553857	53.033419	18.114564	32.113399	62.531354	97.743267	32.905113	32.342655	1.545703	0.205426	0.512045	0.116518	0.206842	0.908688	0.393625	0.510888	0.347375	0.409502	0.868691	168.785663	5.000000	86.860794	8.830186	3.000000	53.358011	23.140341	3.000000	91.414342	39.269803	1.000000	0.027805	1.065875	5.000000	0.010592	17.416967	4.000000	0.024749	2.714520	5.000000	0.010158	15.304522	6.000000	9.810491	7.129448	5.000000	35.087610	4.022038	5.000000	52.380232	44.195078	5.000000	0.283828	3.731045	2.000000	18.873978	57.644335	6.000000	0.014110	17.040201	3.000000	0.017699
4	2	58.004503	6.724604	79.729350	74.389253	97.285572	51.308197	25.336317	79.860550	33.051074	59.810461	0.974037	0.165191	0.118454	0.666294	0.949435	0.477862	0.908613	0.744212	0.717006	0.963025	9.992001	6.000000	76.717403	42.516109	6.000000	28.988810	3.547912	4.000000	32.532686	16.017347	5.000000	0.025897	8.834711	4.000000	0.041475	12.707626	4.000000	0.057723	17.522742	6.000000	0.016571	9.896686	4.000000	88.760310	17.216372	6.000000	36.011789	9.227742	5.000000	22.339680	20.017174	6.000000	0.096280	20.135147	6.000000	76.070119	26.346667	1.000000	0.024973	11.644262	4.000000	0.057538
5	1	24.233304	31.550032	59.063322	82.211246	92.660862	9.912018	89.444290	85.563190	86.884696	21.285089	0.371713	0.436601	0.161930	0.905626	0.295930	0.619081	0.536394	0.134161	0.422455	0.626344	77.161561	6.000000	50.071304	55.634009	3.000000	61.841756	0.973575	4.000000	83.228602	52.157207	1.000000	0.016378	0.221731	5.000000	0.010700	5.885597	1.000000	0.022358	0.622445	6.000000	0.094311	15.323558	3.000000	97.815969	11.826189	2.000000	76.373684	15.285794	5.000000	87.197744	17.370373	6.000000	0.046020	13.681357	4.000000	39.143920	20.883178	5.000000	0.038624	14.705676	6.000000	0.059882
6	1	53.806031	57.361591	89.586444	95.709778	95.322056	47.414714	62.934103	62.573432	39.958471	17.227468	0.327963	0.928347	0.857453	0.257044	0.550979	0.152141	0.550296	0.685237	0.610667	0.916917	123.103222	6.000000	37.032412	39.513848	5.000000	65.041792	9.065551	3.000000	78.905016	31.235242	1.000000	0.039401	0.427829	4.000000	0.017108	7.920742	2.000000	0.035409	2.658500	3.000000	0.012059	13.083998	3.000000	54.081027	13.005397	2.000000	57.651359	2.825796	2.000000	23.148773	21.150092	1.000000	0.011542	5.736055	5.000000	23.164987	16.970970	4.000000	0.011162	0.784927	5.000000	0.016547
7	1	56.332447	34.066981	94.799110	50.988631	71.116211	64.000711	71.039003	52.294000	45.615681	43.094253	0.312096	0.352687	0.793670	0.598218	0.100752	0.488615	0.313444	0.683749	0.104424	0.331487	82.458526	5.000000	10.009954	57.893670	5.000000	96.927374	20.243617	5.000000	58.915080	4.130092	6.000000	0.036763	4.971323	5.000000	0.014142	16.904482	4.000000	0.012571	0.398544	4.000000	0.024552	5.654418	3.000000	18.707778	6.950318	2.000000	78.713039	10.204810	4.000000	77.521273	3.280183	1.000000	0.023863	47.638633	2.000000	18.413457	12.580160	3.000000	0.010811	16.909528	5.000000	0.041825
8	2	41.420527	7.753522	70.482303	88.551146	92.839173	84.720831	73.734974	64.341279	54.797323	66.514377	0.857024	0.178595	0.964711	0.792147	0.396257	0.406990	0.150371	0.804861	0.272942	0.376115	145.069521	3.000000	26.453404	57.631231	5.000000	26.936188	2.443552	5.000000	26.428580	55.823154	6.000000	0.019228	15.082521	4.000000	0.022304	7.821893	2.000000	0.028601	3.927621	2.000000	0.012181	7.363617	2.000000	41.975705	11.546913	6.000000	13.057597	5.842295	2.000000	44.468446	2.822337	4.000000	0.017372	17.213423	6.000000	96.123790	23.370549	5.000000	0.013399	2.401493	2.000000	0.012731
9	1	6.797615	22.236945	28.512032	37.538795	32.705215	89.045244	38.302570	58.150366	49.978590	38.396473	0.170865	0.635782	0.593477	0.710252	0.603081	0.215081	0.931389	0.648827	0.143955	0.545237	77.651804	3.000000	29.026223	4.392945	4.000000	80.950335	9.818479	2.000000	54.738172	4.423957	5.000000	0.032907	14.469598	3.000000	0.010481	15.872673	5.000000	0.013429	17.229195	1.000000	0.050830	12.331648	6.000000	90.422704	13.424740	1.000000	24.046830	5.132814	4.000000	19.885085	26.714658	5.000000	0.026652	69.025278	3.000000	55.309674	47.930271	1.000000	0.060888	11.317488	4.000000	0.042631
10	1	15.228341	87.559912	84.755026	25.905452	86.283718	4.397638	7.616257	34.398283	51.953611	2.984672	0.164402	0.537444	0.312980	0.689993	0.630553	0.826130	0.890918	0.564125	0.740893	0.835266	69.789313	3.000000	3.565852	46.150572	1.000000	62.659315	25.047798	4.000000	8.087737	33.342037	5.000000	0.022523	2.106088	3.000000	0.036107	15.834266	1.000000	0.014529	1.024113	5.000000	0.018142	12.414277	5.000000	62.109433	1.897577	5.000000	33.301307	5.627472	6.000000	24.391640	48.911715	4.000000	0.030387	44.320976	3.000000	72.689497	41.861940	3.000000	0.022993	14.115052	1.000000	0.018710
11	1	77.073299	11.616720	20.994647	73.510629	68.182260	93.885417	48.684350	38.186646	66.295216	74.311736	0.236201	0.455119	0.967038	0.552750	0.489904	0.285866	0.139747	0.295520	0.222815	0.901175	111.623818	3.000000	40.164816	30.988345	2.000000	73.041811	15.574942	5.000000	86.219850	43.690130	4.000000	0.020244	12.797537	2.000000	0.011427	18.040180	4.000000	0.043180	8.486989	3.000000	0.021785	11.430511	4.000000	94.656985	8.753136	1.000000	45.288430	13.353981	3.000000	25.691152	37.484325	2.000000	0.011575	50.842966	6.000000	52.731472	12.278084	2.000000	0.065401	7.349546	5.000000	0.037110
12	1	46.091773	67.658665	25.440813	86.570819	56.261692	60.432925	34.994779	62.257363	10.618341	61.027803	0.961698	0.858904	0.567240	0.339064	0.848685	0.565337	0.630138	0.607150	0.481733	0.267390	76.333216	5.000000	12.095349	33.109139	5.000000	14.347338	3.533182	4.000000	34.310786	43.073039	6.000000	0.013134	17.783681	3.000000	0.011190	17.242195	6.000000	0.020855	18.647698	4.000000	0.038875	15.546950	2.000000	1.853442	17.198279	2.000000	11.798494	9.321794	3.000000	91.391288	32.327691	1.000000	0.013183	14.082789	4.000000	61.886306	36.134480	6.000000	0.012482	12.408736	2.000000	0.012354
13	1	17.768158	85.213490	86.888281	62.238863	25.294995	60.891086	83.180388	93.233225	10.804042	26.641986	0.941551	0.611778	0.813111	0.237890	0.402268	0.224337	0.995246	0.657219	0.920729	0.575869	126.571869	3.000000	41.720319	55.434072	4.000000	43.807437	17.749796	3.000000	85.252000	51.636038	5.000000	0.076845	15.230861	2.000000	0.013244	3.523864	5.000000	0.021948	1.053751	2.000000	0.011931	5.640058	2.000000	55.826585	12.902490	2.000000	38.156825	6.806431	6.000000	91.839322	6.474707	4.000000	0.041233	53.931397	3.000000	51.860705	41.887313	4.000000	0.034183	5.896218	3.000000	0.047307
14	1	11.988611	3.036846	86.807509	57.698084	72.529207	77.245177	83.044938	51.452095	57.782961	59.546372	0.440536	0.560212	0.542963	0.839539	0.581331	0.131132	0.307130	0.940267	0.346945	0.343791	107.073440	4.000000	16.245577	8.885273	5.000000	27.697191	5.395416	4.000000	45.394923	16.751804	5.000000	0.175252	10.852086	2.000000	0.026082	15.583126	4.000000	0.076900	2.682517	3.000000	0.015762	17.029079	6.000000	78.278270	17.184302	3.000000	37.844901	8.336159	2.000000	47.820129	33.683924	1.000000	0.048637	44.438205	1.000000	69.069378	21.747882	2.000000	0.010710	16.824832	6.000000	0.015714
15	2	5.204161	38.165876	45.762874	17.774903	56.343681	43.975059	91.563572	8.523131	74.345594	75.590317	0.388670	0.968881	0.589025	0.852584	0.631273	0.827191	0.947910	0.425146	0.518997	0.317831	143.282771	5.000000	63.888370	14.633533	6.000000	72.511851	7.153159	5.000000	97.901692	14.880920	5.000000	0.032237	4.447570	4.000000	0.012390	16.037877	1.000000	0.013071	6.720812	2.000000	0.160015	9.438675	4.000000	35.508415	15.062398	6.000000	3.038545	13.663962	5.000000	62.915304	41.889318	5.000000	0.011536	62.241274	6.000000	4.222625	35.115477	1.000000	0.015013	9.733245	6.000000	0.019945
16	1	3.182730	98.934069	89.645369	49.437522	86.957804	85.622567	54.841634	7.900325	82.431068	64.515039	0.198595	0.740983	0.902322	0.263457	0.739798	0.774746	0.682453	0.685339	0.246342	0.910817	53.409193	2.000000	18.290653	9.011053	4.000000	54.228101	5.410035	1.000000	78.444719	11.729053	6.000000	0.043358	14.375445	2.000000	0.078224	6.554809	6.000000	0.022472	15.156336	1.000000	0.020088	12.157038	6.000000	32.478503	12.588489	4.000000	93.177923	12.680693	4.000000	53.623145	34.572887	5.000000	0.010447	3.106262	4.000000	50.144726	15.391226	5.000000	0.010091	0.740890	1.000000	0.013129
17	2	67.778523	1.231458	84.688324	57.692645	72.623441	93.243545	73.798125	74.105306	54.025053	53.979039	0.149199	0.683626	0.640289	0.740512	0.974971	0.637040	0.341274	0.485251	0.939071	0.116503	23.792506	4.000000	70.859427	16.158167	5.000000	95.973563	25.183903	1.000000	8.156594	56.259060	5.000000	0.014561	6.126971	2.000000	0.022184	10.693608	5.000000	0.013049	14.924816	1.000000	0.018899	15.479283	5.000000	28.099399	1.560984	6.000000	76.692138	1.809949	1.000000	6.307238	30.604790	2.000000	0.012485	1.449684	4.000000	67.412881	48.612709	6.000000	0.024409	13.177943	6.000000	0.016474
18	1	22.199291	52.085842	17.665019	55.127879	30.512864	25.913103	31.231256	1.176249	87.034506	37.135175	0.915803	0.494983	0.229195	0.894899	0.650651	0.388573	0.417497	0.972559	0.297860	0.199677	136.494774	1.000000	56.463941	51.564736	4.000000	30.379938	7.471181	3.000000	41.602665	16.035392	4.000000	0.012907	8.799774	1.000000	0.360130	12.519916	5.000000	0.041081	4.507191	5.000000	0.046134	8.431246	2.000000	81.338366	8.347755	1.000000	26.623554	2.887518	4.000000	97.172514	53.669412	5.000000	0.014242	10.990082	2.000000	26.846278	47.351194	2.000000	0.355292	2.096044	1.000000	0.111222
19	1	98.935199	25.773492	99.648847	99.290134	56.121885	70.471650	21.089502	65.071542	63.398856	12.737549	0.111390	0.357656	0.400000	0.701973	0.577070	0.718232	0.637220	0.257367	0.210258	0.299073	91.322036	4.000000	22.410512	22.821710	4.000000	77.001400	19.659860	3.000000	40.291892	55.532797	5.000000	0.013697	15.332780	2.000000	0.012615	0.539448	4.000000	0.011822	17.217351	6.000000	0.501007	14.978679	6.000000	70.470941	13.342065	4.000000	1.237049	15.663951	5.000000	89.794294	18.204463	6.000000	0.114075	24.870784	6.000000	30.669417	37.613086	6.000000	0.011204	7.618804	6.000000	0.015371
20	1	3.203127	62.358957	5.148399	5.316131	5.540110	96.814898	9.287658	74.719557	85.470444	44.204121	0.120070	0.533040	0.281929	0.331414	0.852446	0.981847	0.297628	0.323792	0.343799	0.491767	155.179302	3.000000	10.444216	42.274232	4.000000	27.556634	21.982615	1.000000	42.958877	8.765150	3.000000	0.182896	10.765718	3.000000	0.016969	9.846502	5.000000	0.062154	14.741909	4.000000	0.019741	4.173318	2.000000	36.543006	10.060535	4.000000	20.488189	7.983080	3.000000	24.218580	33.180656	6.000000	0.015491	45.505161	1.000000	95.867114	43.471054	1.000000	0.025042	6.296098	2.000000	0.010267
21	2	48.922368	28.590710	55.704637	7.594286	76.191743	84.260501	82.275576	25.302318	73.128446	73.237271	0.560526	0.598587	0.217062	0.511202	0.523677	0.405667	0.766886	0.964132	0.444745	0.982961	29.461585	2.000000	54.372696	5.596761	6.000000	65.519250	16.380658	5.000000	89.228466	6.248364	6.000000	0.023410	2.881516	5.000000	0.019091	1.539740	2.000000	0.012028	2.585467	6.000000	0.019302	12.118589	5.000000	75.020047	6.304996	3.000000	21.189766	1.608699	2.000000	60.173484	53.745650	6.000000	0.016539	13.284351	3.000000	92.857177	21.440250	3.000000	0.021913	11.640781	6.000000	0.011691
22	1	76.683284	58.444547	71.828088	35.179327	1.642748	99.510100	32.930735	46.486846	58.732373	8.690767	0.903822	0.471952	0.424842	0.624313	0.835879	0.898440	0.470904	0.392567	0.756269	0.776373	178.088799	4.000000	69.133088	56.990987	2.000000	31.861183	18.206795	5.000000	41.610989	12.257601	4.000000	0.023372	5.224115	4.000000	0.053448	17.376991	5.000000	0.012781	2.178682	3.000000	0.010628	3.698151	3.000000	17.086840	4.092718	5.000000	6.264065	2.717020	1.000000	96.662683	27.952068	5.000000	0.027279	63.841318	6.000000	82.579000	21.642255	2.000000	0.157783	16.477934	2.000000	0.010159
23	1	65.214533	78.390690	11.756054	87.108329	84.249784	41.943961	54.601759	84.805486	12.800806	83.284461	0.333306	0.208586	0.567600	0.407325	0.129335	0.909023	0.390142	0.414048	0.206006	0.250444	178.927351	3.000000	10.456128	54.535874	1.000000	23.795338	16.676046	5.000000	72.364955	22.706517	3.000000	0.016734	8.745047	1.000000	0.012222	11.026532	3.000000	0.068167	3.606397	2.000000	0.017003	7.186371	4.000000	51.869108	16.496803	6.000000	3.105466	2.621793	5.000000	12.242218	7.002910	4.000000	0.087447	42.194160	6.000000	31.748491	23.449759	6.000000	0.040680	15.366191	5.000000	0.076533
24	1	35.779506	18.502333	47.679928	83.756077	64.504817	22.045278	11.699796	44.596228	72.778982	49.708064	0.274977	0.798817	0.685498	0.506026	0.144438	0.542370	0.651378	0.715297	0.924249	0.789802	26.490740	1.000000	12.465701	6.967702	6.000000	2.964910	7.809036	6.000000	97.233271	49.688099	3.000000	0.055020	15.172033	1.000000	0.010325	13.706858	2.000000	0.014066	12.527347	6.000000	0.015957	9.891884	3.000000	60.204689	12.980052	1.000000	58.119737	9.601878	1.000000	16.352537	5.326213	5.000000	0.039560	20.179762	3.000000	84.755896	24.759150	5.000000	0.010268	9.664587	1.000000	0.010564
25	3	72.936604	8.537172	47.620779	21.195016	37.757765	80.679393	48.741102	19.880757	54.153875	92.302226	0.157102	0.475002	0.508325	0.691131	0.532859	0.561328	0.933251	0.129693	0.564558	0.269628	56.798380	2.000000	23.591161	33.222710	4.000000	63.363844	2.832204	1.000000	24.909400	27.163039	3.000000	0.052888	9.272856	5.000000	0.048536	8.373585	6.000000	0.014243	7.093106	4.000000	0.080347	4.068892	2.000000	42.899424	10.313113	6.000000	49.974039	17.481483	5.000000	82.699226	55.708292	3.000000	0.018177	20.226985	2.000000	51.111469	39.296293	2.000000	0.011387	1.135058	6.000000	0.011910
26	1	71.065143	97.480814	1.043789	39.693734	41.308825	9.426344	33.209897	3.613531	44.235727	92.317058	0.366606	0.844218	0.472770	0.726649	0.217219	0.875245	0.222749	0.248369	0.739373	0.739692	26.886847	4.000000	41.698046	19.371351	5.000000	10.341509	22.511137	3.000000	15.001568	7.118121	4.000000	0.011436	12.895639	6.000000	0.010305	6.969315	6.000000	0.011076	8.524429	1.000000	0.011590	9.096915	3.000000	32.148106	10.658219	2.000000	42.889098	0.240371	5.000000	81.919289	58.809974	2.000000	0.376540	5.511366	3.000000	88.471473	33.132162	2.000000	0.016145	7.473855	6.000000	0.041698
27	1	36.140122	55.819244	1.307796	34.994865	63.234718	64.702887	38.120938	53.632263	95.920289	23.232747	0.424912	0.584141	0.365474	0.152986	0.638254	0.120044	0.922718	0.760872	0.560485	0.682883	140.162369	5.000000	65.926227	5.260825	4.000000	44.833017	16.353946	1.000000	34.705116	29.447976	1.000000	0.018130	14.524348	4.000000	0.032209	2.775527	3.000000	0.031095	8.269754	3.000000	0.014521	11.689928	3.000000	12.588726	12.320592	4.000000	94.276432	7.980904	2.000000	20.202178	36.061604	4.000000	0.017093	65.156589	2.000000	22.760477	37.504093	2.000000	0.010896	4.359741	1.000000	0.014888
28	2	50.484224	77.013804	67.783354	64.029654	50.099124	48.351257	22.248537	37.513536	91.569662	57.400969	0.804405	0.204213	0.513698	0.754430	0.716659	0.534541	0.941321	0.886079	0.371050	0.468223	92.889758	1.000000	1.430031	53.663365	5.000000	37.240887	14.282681	1.000000	71.951596	38.531090	2.000000	0.445446	17.697341	6.000000	0.012585	3.077902	2.000000	0.028305	3.714034	6.000000	0.066155	10.530068	4.000000	58.384388	6.784959	3.000000	93.067960	0.647616	6.000000	43.950567	11.309758	5.000000	0.049067	4.684880	1.000000	38.475937	10.253651	4.000000	0.012295	12.652144	3.000000	0.010521
29	1	20.259122	34.706778	58.246221	33.064769	22.406029	6.038610	9.124264	2.808784	56.130022	12.738555	0.260040	0.785909	0.576768	0.791943	0.288984	0.119255	0.388328	0.829741	0.965333	0.517963	104.630196	3.000000	60.606298	2.750273	4.000000	51.263560	19.972492	4.000000	72.394081	37.426081	2.000000	0.025365	9.977540	1.000000	0.014133	2.929939	4.000000	0.025112	9.508791	1.000000	0.011137	6.120613	6.000000	5.773127	7.026625	1.000000	14.127951	15.386469	5.000000	86.006736	23.797881	5.000000	0.012139	68.948760	3.000000	98.585722	42.491837	6.000000	0.010338	8.917457	4.000000	0.019245
30	2	90.988357	29.531470	18.430862	26.523575	29.010769	19.444145	36.456771	70.109205	30.112173	12.856351	0.453983	0.558522	0.930421	0.477484	0.813901	0.898561	0.530802	0.171321	0.664229	0.699133	5.245041	1.000000	66.325331	11.364200	5.000000	6.462526	10.212356	6.000000	61.348421	26.719749	5.000000	0.011575	4.458687	3.000000	0.026369	11.646935	1.000000	0.015068	7.619435	1.000000	0.029470	16.739517	2.000000	63.332310	4.076199	4.000000	77.283703	0.620437	6.000000	53.812102	6.015407	3.000000	0.103735	72.742041	3.000000	49.429144	47.115920	6.000000	0.012469	12.072181	2.000000	0.022393
31	1	49.605805	45.111694	15.742747	43.362407	14.731299	68.197720	6.438800	2.466029	1.682624	92.971695	0.776339	0.588629	0.409296	0.463523	0.651128	0.583029	0.395426	0.681388	0.404446	0.935923	90.924149	1.000000	55.121311	44.048927	2.000000	69.775933	3.244357	3.000000	25.961673	49.709709	3.000000	0.054277	4.579215	2.000000	0.049525	8.116864	6.000000	0.015521	3.646305	3.000000	0.013295	7.912020	3.000000	43.114740	11.860994	4.000000	31.487103	4.139170	1.000000	61.844850	3.767197	5.000000	0.011924	18.225770	1.000000	27.956108	29.000361	1.000000	0.013692	18.415065	1.000000	0.017232
32	1	69.230999	60.686370	84.922654	65.663538	38.992948	40.616073	64.405986	97.366944	8.867784	72.149498	0.543741	0.368786	0.651081	0.254152	0.497823	0.602873	0.572410	0.525939	0.448739	0.425787	158.602333	6.000000	13.590690	41.496871	2.000000	45.877801	14.756851	1.000000	43.395854	1.130988	4.000000	0.023161	10.412540	6.000000	0.017672	0.536839	3.000000	0.012893	14.862340	4.000000	0.034850	6.762244	6.000000	51.894119	3.036539	3.000000	17.554100	11.840520	2.000000	37.248953	15.852480	1.000000	0.064003	19.243525	4.000000	7.357857	48.008918	5.000000	0.019568	11.833202	5.000000	0.011675
33	1	42.411727	38.099321	71.396499	90.783555	50.487517	43.237391	38.963086	37.975966	8.495772	29.303189	0.949025	0.162185	0.794530	0.829498	0.762036	0.544999	0.490956	0.615422	0.196719	0.708386	169.134849	2.000000	40.690619	11.953973	3.000000	2.155180	18.376185	6.000000	65.937146	51.159104	4.000000	0.040837	1.338212	6.000000	0.015789	1.045682	1.000000	0.016971	17.057936	4.000000	0.013533	16.416742	1.000000	60.343204	3.388266	5.000000	2.142998	12.105502	4.000000	65.374268	37.229909	5.000000	0.011458	43.573860	6.000000	80.123287	34.396424	6.000000	0.019393	0.345175	2.000000	0.048783
34	2	80.282848	83.236031	58.817524	52.711046	71.901721	84.727090	38.627247	41.316332	46.549389	18.390427	0.533149	0.341724	0.641670	0.281898	0.662574	0.382015	0.305779	0.713019	0.172110	0.959844	94.891399	6.000000	4.740317	8.717368	2.000000	14.686414	18.162475	1.000000	9.549428	20.096976	2.000000	0.011020	10.582147	5.000000	0.017269	3.757108	5.000000	0.013179	18.108637	3.000000	0.011024	13.361022	5.000000	67.336293	11.502483	4.000000	40.628257	7.392385	6.000000	60.664614	10.399697	1.000000	0.011090	57.363683	6.000000	95.840285	51.447200	3.000000	0.010609	13.789908	3.000000	0.014378
35	1	35.419348	13.712310	10.832098	12.642109	65.406406	15.808040	53.767463	45.542102	94.427536	55.677546	0.915545	0.587857	0.548480	0.600961	0.256251	0.179105	0.807535	0.213035	0.482670	0.487089	142.818226	4.000000	22.896262	54.130660	1.000000	23.702798	9.673523	3.000000	60.120058	56.896272	2.000000	0.020283	10.561749	5.000000	0.034619	14.098042	6.000000	0.014765	5.709512	3.000000	0.070057	14.230799	5.000000	50.235360	13.446630	5.000000	92.317758	9.410005	3.000000	24.031688	32.292030	4.000000	0.187971	48.042963	4.000000	24.973339	43.474964	5.000000	0.024910	18.055748	3.000000	0.039748
36	1	92.583769	99.859636	24.598299	70.010545	14.191676	8.674850	58.054696	43.664855	69.056003	8.355725	0.853232	0.520584	0.140050	0.847587	0.900773	0.122297	0.947603	0.347955	0.711935	0.881178	56.088404	3.000000	97.174285	1.864435	2.000000	38.774649	4.816926	2.000000	36.214107	41.241786	4.000000	0.021951	16.507678	5.000000	0.044893	13.721250	3.000000	0.068679	3.902626	1.000000	0.020296	15.087588	2.000000	81.963989	16.707659	6.000000	9.702722	4.903392	1.000000	4.372351	11.323088	4.000000	0.027286	44.757666	2.000000	98.549316	5.929832	1.000000	0.348752	18.329844	5.000000	0.068698
37	1	78.086924	29.383514	51.063447	23.941626	52.515563	38.593038	16.473634	74.493256	98.932223	80.475676	0.398203	0.684144	0.928289	0.384224	0.370933	0.269938	0.757191	0.573936	0.898104	0.261895	61.957806	6.000000	94.711144	50.621432	5.000000	42.340754	12.129825	4.000000	78.100714	15.282626	4.000000	0.028861	2.725146	2.000000	0.015676	1.294054	6.000000	0.012027	12.841624	4.000000	0.011111	10.226869	6.000000	71.570935	12.393363	5.000000	69.985536	3.194058	2.000000	97.444538	35.751343	1.000000	0.025264	41.719035	6.000000	58.419623	4.730929	3.000000	0.029894	15.157190	2.000000	0.016559
38	1	22.528136	53.171411	41.339660	24.234642	4.656481	54.839143	19.639827	57.601916	44.147298	37.782598	0.712713	0.520713	0.163084	0.318925	0.103414	0.336182	0.323546	0.907000	0.800543	0.335623	42.709572	3.000000	33.670619	55.335271	1.000000	88.997274	8.329905	4.000000	23.293832	22.470185	1.000000	0.011323	13.860949	1.000000	0.025036	17.441902	3.000000	0.027411	6.624353	3.000000	0.011868	3.790117	3.000000	48.729333	7.832984	4.000000	40.256228	15.327281	6.000000	25.890532	10.804948	5.000000	0.021972	3.211690	5.000000	31.625211	33.522154	3.000000	0.014103	0.704198	6.000000	0.014755
39	1	37.589421	77.465809	10.860758	18.175720	13.611842	67.455907	69.194638	40.350251	12.131624	92.967144	0.176779	0.993213	0.166383	0.391597	0.192151	0.651108	0.479099	0.887892	0.995328	0.451224	41.978028	3.000000	69.290276	57.285238	6.000000	91.370764	24.473479	5.000000	40.691580	28.174328	3.000000	0.013176	1.381963	3.000000	0.030900	13.371976	1.000000	0.024499	18.351279	1.000000	0.014286	7.193785	5.000000	63.318507	17.795618	1.000000	20.394295	12.531196	1.000000	95.261631	19.696674	5.000000	0.204583	23.753369	2.000000	90.902511	5.281030	1.000000	0.012001	4.610952	5.000000	0.013984
40	1	19.168868	43.065040	50.391370	58.804336	95.708154	75.112046	80.571381	12.850871	90.476654	23.799699	0.453404	0.300238	0.583372	0.150898	0.634645	0.158619	0.978497	0.145721	0.695005	0.807385	146.472646	5.000000	38.267385	5.357617	1.000000	28.629537	20.110764	4.000000	13.840173	55.091108	3.000000	0.022709	4.259107	4.000000	0.602607	14.130408	5.000000	0.010964	0.413258	1.000000	0.013584	15.233822	1.000000	4.014894	12.085088	5.000000	1.377133	11.993140	3.000000	16.793895	6.493247	1.000000	0.011640	18.312547	4.000000	54.299316	52.682603	3.000000	0.026206	17.553908	5.000000	0.010499
41	1	41.429976	29.086046	27.466467	60.808874	87.787554	38.854541	49.876963	72.411654	60.169589	63.018816	0.100131	0.364473	0.236631	0.649016	0.473924	0.547597	0.828725	0.572183	0.670518	0.202251	99.328550	1.000000	2.519251	17.112552	2.000000	69.661142	3.156319	2.000000	51.704282	41.526503	4.000000	0.083088	15.766335	1.000000	0.012158	2.220119	1.000000	0.051212	9.780415	3.000000	0.025201	11.959711	6.000000	57.872173	13.853501	3.000000	39.180424	4.912688	4.000000	38.481048	6.425318	3.000000	0.028640	54.049600	2.000000	8.608459	33.038517	2.000000	0.058077	3.586262	1.000000	0.023111
42	2	8.726681	61.225255	33.752484	64.659010	24.936132	81.924887	81.908431	97.532437	58.907812	53.654647	0.964266	0.310491	0.352740	0.887270	0.137163	0.854216	0.224970	0.657644	0.773460	0.238028	42.022043	5.000000	85.100411	33.837804	2.000000	72.154175	1.788017	5.000000	33.617343	12.818270	4.000000	0.023473	10.003263	6.000000	0.012981	13.681389	3.000000	0.023367	5.897745	2.000000	0.013217	12.318036	5.000000	77.384160	12.007830	4.000000	81.407235	11.355735	6.000000	51.002882	49.021454	2.000000	0.035328	13.572967	4.000000	42.783852	38.101719	6.000000	0.599084	7.808199	3.000000	0.013459
43	3	80.088109	38.113909	70.177053	94.347953	83.975310	7.982173	24.337017	84.839972	21.542325	39.003799	0.156051	0.105076	0.318430	0.496305	0.728098	0.222406	0.455947	0.861596	0.481247	0.828496	85.643345	2.000000	39.217920	41.025974	1.000000	18.673373	20.902242	1.000000	6.244071	20.386813	4.000000	0.016224	16.323519	3.000000	0.012518	3.191398	4.000000	0.023961	3.163051	5.000000	0.039474	9.359551	4.000000	57.961393	17.282087	2.000000	39.717789	1.176666	1.000000	60.119471	42.559601	1.000000	0.017901	58.666460	4.000000	3.453320	16.150297	2.000000	0.010257	11.611333	5.000000	0.029628
44	2	65.701000	24.533736	99.068310	2.327867	9.749706	65.310255	8.544592	91.308416	53.961096	39.950825	0.724596	0.491601	0.302379	0.621031	0.888588	0.417500	0.846518	0.386219	0.973567	0.728556	137.219868	5.000000	87.786178	23.696353	1.000000	32.734838	0.606876	6.000000	45.177683	38.259827	5.000000	0.015635	4.556393	3.000000	0.012886	7.827528	5.000000	0.014117	15.954189	5.000000	0.047330	1.397494	1.000000	34.761993	5.923954	2.000000	23.498764	11.136032	2.000000	45.601806	37.041260	4.000000	0.020457	7.290800	3.000000	82.107953	13.260989	6.000000	0.013120	2.939788	2.000000	0.015566
45	1	91.931855	8.878032	32.262914	63.498463	78.757814	75.173208	34.233200	35.620032	52.465354	21.747088	0.280347	0.161719	0.552754	0.762784	0.378222	0.958697	0.677851	0.346731	0.653593	0.435282	66.724862	1.000000	1.500113	45.620998	2.000000	53.394825	9.861443	3.000000	26.731640	45.609334	1.000000	0.019928	3.893133	2.000000	0.022936	11.161334	3.000000	0.019504	4.684784	3.000000	0.057651	6.142748	2.000000	53.004324	9.393995	5.000000	5.297695	15.704362	4.000000	74.331342	32.980167	2.000000	0.056797	14.278788	5.000000	88.356340	50.620966	3.000000	0.023428	5.390932	6.000000	0.031216
46	1	32.740708	18.422832	2.357033	98.842422	56.940845	17.638869	22.142616	68.683113	75.721280	40.550963	0.934407	0.179439	0.774205	0.200151	0.821491	0.361310	0.817586	0.759750	0.368958	0.774390	22.437590	6.000000	36.228015	26.108498	5.000000	40.907635	22.421122	6.000000	1.775824	15.385307	1.000000	0.257049	9.831354	6.000000	0.094836	8.472704	3.000000	0.110070	6.726531	1.000000	0.016120	4.465979	2.000000	94.477963	15.930968	2.000000	4.778859	16.392126	5.000000	29.517163	7.469752	2.000000	0.012172	20.772222	1.000000	89.361344	39.082381	2.000000	0.031046	7.725967	4.000000	0.010625
47	3	42.992010	32.425707	77.391285	50.546016	80.749967	58.545284	31.666549	68.592127	19.864409	33.799332	0.177161	0.588163	0.205496	0.236980	0.128522	0.525394	0.891614	0.504154	0.917606	0.591482	12.538788	6.000000	56.486474	41.892314	2.000000	83.685966	21.001360	5.000000	34.005209	19.143217	3.000000	0.192853	2.744118	3.000000	0.021753	9.247118	2.000000	0.012985	8.487470	5.000000	0.072394	7.585978	1.000000	93.193336	1.410996	4.000000	69.588491	4.643081	3.000000	52.129863	25.343692	4.000000	0.060441	31.533772	2.000000	18.769479	31.636828	6.000000	0.012272	3.390008	2.000000	0.011550
48	2	39.849905	42.578405	60.811229	70.934030	97.859455	33.890519	73.586957	61.937865	22.127826	99.652179	0.399273	0.195752	0.915273	0.211551	0.193884	0.712107	0.997800	0.780995	0.837391	0.478401	63.698537	1.000000	76.479363	11.447022	3.000000	22.441466	22.983116	4.000000	76.400853	44.525273	5.000000	0.011259	3.286556	1.000000	0.021155	3.056376	5.000000	0.016744	8.264953	5.000000	0.015665	12.441445	5.000000	32.604185	16.214786	5.000000	21.038949	2.112182	6.000000	18.850117	44.457203	2.000000	0.014252	50.069640	4.000000	97.762522	42.145964	3.000000	0.016089	3.987649	5.000000	0.011883
49	1	29.618052	47.006018	75.263999	62.773209	97.507962	73.821456	38.650414	26.377978	13.721402	48.199308	0.912580	0.215155	0.742413	0.161199	0.430519	0.619908	0.845585	0.138111	0.440399	0.861768	3.022021	5.000000	61.346329	18.890908	3.000000	80.366450	23.065842	2.000000	76.061610	57.846285	6.000000	0.015536	9.249675	2.000000	0.018355	8.002716	5.000000	0.010628	17.444263	4.000000	0.015962	1.060273	2.000000	67.688982	8.986202	4.000000	47.214804	5.532865	6.000000	74.646625	0.963253	2.000000	0.013938	35.288144	2.000000	44.044257	44.043373	4.000000	0.010034	14.108937	6.000000	0.015285
50	1	34.176417	67.702161	20.854202	45.154453	99.792898	20.848177	15.600430	58.444320	62.138679	22.743000	0.547271	0.749238	0.104996	0.808869	0.777001	0.428039	0.723460	0.875440	0.777457	0.881292	28.285859	2.000000	25.472515	13.358109	6.000000	33.697115	3.297575	1.000000	92.169740	2.297387	6.000000	0.011365	17.563116	5.000000	0.072300	11.425774	2.000000	0.016667	2.305726	4.000000	0.016450	14.552002	3.000000	81.978122	11.474176	4.000000	49.971236	1.699640	1.000000	87.875436	14.247583	3.000000	0.063798	55.136621	2.000000	18.552962	57.603663	3.000000	0.279539	1.809551	5.000000	0.013741
51	1	28.224016	89.676488	93.516511	70.909946	81.037052	3.555669	56.440590	57.502372	82.422664	94.004843	0.281645	0.804068	0.775111	0.462753	0.993196	0.878630	0.654469	0.405939	0.639898	0.288944	69.548485	1.000000	19.708460	12.777870	5.000000	81.665000	19.851546	3.000000	15.336544	4.767362	5.000000	0.010879	5.125943	2.000000	0.127728	2.484664	1.000000	0.014897	3.731736	1.000000	0.079337	4.035764	4.000000	19.779639	12.088750	6.000000	90.120952	2.617601	3.000000	79.849649	26.415274	1.000000	0.036871	30.955119	1.000000	20.222395	29.004338	1.000000	0.049216	13.689957	6.000000	0.019802
52	2	21.338848	88.712085	34.060673	51.948142	81.670132	1.964350	25.594639	65.193460	88.156351	56.194296	0.431840	0.113971	0.197325	0.171490	0.897931	0.806105	0.206749	0.791555	0.856408	0.458687	113.065648	5.000000	76.832375	50.139491	1.000000	7.823757	8.330903	1.000000	40.682393	32.277246	4.000000	0.015269	12.951017	4.000000	0.021286	1.636452	4.000000	0.018460	6.515082	4.000000	0.016431	3.621007	4.000000	78.736671	2.342919	5.000000	1.269508	8.296501	5.000000	68.391119	17.612461	3.000000	0.033117	65.252268	5.000000	11.403462	47.195461	2.000000	0.034843	13.790155	6.000000	0.013661
53	1	88.082482	18.647099	42.720044	92.029094	79.545704	97.472519	9.452089	10.529821	20.633194	5.857178	0.304188	0.281458	0.281510	0.340723	0.761422	0.689202	0.374218	0.177326	0.443320	0.837820	27.159252	2.000000	74.349322	7.907196	6.000000	53.700042	14.590224	6.000000	47.941131	53.540133	1.000000	0.010979	0.425575	6.000000	0.011240	16.792877	1.000000	0.011640	14.906236	3.000000	0.052850	15.750502	4.000000	37.211352	6.931434	6.000000	48.169902	4.571438	5.000000	43.068208	38.489337	3.000000	0.011164	66.323571	3.000000	35.689842	9.545197	5.000000	0.013556	15.798091	2.000000	0.012583
54	1	85.935575	96.639144	35.499826	12.766727	47.929286	18.674746	32.707409	72.888652	93.320580	30.060512	0.531722	0.723546	0.776040	0.593252	0.424316	0.105393	0.481272	0.739708	0.173737	0.816992	27.791729	6.000000	81.363454	3.935949	6.000000	13.294952	10.880243	1.000000	94.812490	57.767973	2.000000	0.062367	17.461883	3.000000	0.033899	10.319273	5.000000	0.010355	7.780685	3.000000	0.014736	12.374164	2.000000	18.771884	3.551451	1.000000	3.828509	12.821709	6.000000	67.672309	18.065697	2.000000	0.016636	10.521283	3.000000	77.737176	50.862710	4.000000	0.020270	0.792974	4.000000	0.026675
55	1	28.547843	65.495415	20.546700	5.329564	95.996383	47.353638	96.484625	93.838169	83.622603	56.844078	0.143782	0.742827	0.513063	0.514823	0.973159	0.590654	0.767652	0.654656	0.562796	0.507300	95.254793	4.000000	56.498836	40.151480	4.000000	15.881203	12.059364	3.000000	77.730843	58.335298	2.000000	0.109769	1.491799	2.000000	0.033029	2.645668	4.000000	0.033989	0.722608	2.000000	0.017307	17.841860	6.000000	3.977231	18.147044	6.000000	20.988829	9.272767	5.000000	70.509948	0.812530	4.000000	0.197166	10.859849	5.000000	13.609382	54.292862	6.000000	0.010367	8.572462	3.000000	0.019244
56	1	49.693490	66.018199	48.513504	16.847619	68.000634	85.582946	56.491104	32.448166	21.263616	8.329087	0.343515	0.911907	0.469891	0.422548	0.460278	0.822292	0.254535	0.136378	0.531595	0.508433	89.121910	5.000000	44.363429	20.642430	3.000000	38.442965	1.239634	4.000000	17.776867	39.273263	3.000000	0.028604	13.362024	1.000000	0.030187	11.649314	3.000000	0.049433	3.511934	6.000000	0.016060	10.156803	4.000000	81.211717	10.434618	1.000000	39.056703	2.669503	3.000000	90.764693	39.359624	1.000000	0.026413	50.876895	3.000000	1.029918	47.489386	6.000000	0.050699	8.577913	5.000000	0.010041
57	1	23.441843	20.904193	41.836567	19.125491	68.698687	46.923955	37.859512	80.651652	90.470669	99.401306	0.361684	0.266947	0.897463	0.746011	0.328302	0.516280	0.452071	0.244556	0.978399	0.236107	138.199219	2.000000	80.573851	14.880487	5.000000	95.171276	5.347448	1.000000	28.627050	50.057307	2.000000	0.017005	14.712542	2.000000	0.019505	2.087588	2.000000	0.010493	14.303267	2.000000	0.030691	2.322429	6.000000	96.362176	3.829628	6.000000	53.639669	14.591739	5.000000	67.536186	45.564768	2.000000	0.011366	39.881678	2.000000	90.103853	18.655945	1.000000	0.014862	16.409389	1.000000	0.023540
58	2	87.432682	84.318777	61.796697	86.471825	30.627698	91.661049	32.977972	63.032077	57.807177	72.456357	0.218192	0.567186	0.854859	0.752043	0.928750	0.750246	0.110013	0.643163	0.510811	0.258486	44.662003	5.000000	12.625340	37.038426	3.000000	39.548650	0.623519	3.000000	14.312069	36.129390	1.000000	0.157371	5.999642	5.000000	0.014188	12.161705	6.000000	0.017046	10.405924	5.000000	0.011652	7.572295	6.000000	62.746958	9.121820	3.000000	79.374071	6.030866	6.000000	47.908867	18.434413	1.000000	0.010230	18.206701	2.000000	58.431611	16.863694	6.000000	0.018027	2.028039	6.000000	0.078200
59	1	99.641248	14.921530	78.297102	76.315833	85.675494	93.187816	60.899195	22.264980	17.183882	20.694311	0.876270	0.716771	0.161184	0.361966	0.497741	0.754736	0.103907	0.295896	0.472106	0.132024	117.085699	2.000000	19.147336	25.375725	4.000000	4.883669	11.068122	4.000000	71.460757	19.775141	4.000000	0.041625	4.013064	3.000000	0.050145	12.471620	4.000000	0.014797	9.076141	1.000000	0.011339	13.547159	6.000000	68.420150	8.529201	2.000000	18.105238	8.282054	6.000000	40.868958	51.811032	4.000000	0.024039	15.735305	3.000000	49.931978	30.810687	5.000000	0.066950	18.233836	2.000000	0.016875
60	1	42.589700	81.323445	28.955729	62.955515	36.978402	28.812052	46.174087	21.021912	90.877748	89.562756	0.324280	0.992474	0.222230	0.435563	0.746763	0.895705	0.311320	0.379211	0.339650	0.397129	25.875559	3.000000	25.532167	30.456530	2.000000	85.403970	11.618349	6.000000	53.147640	51.730647	5.000000	0.010756	12.716303	4.000000	0.038165	13.520217	1.000000	0.011625	15.584833	1.000000	0.015789	9.549282	6.000000	47.979236	0.636998	6.000000	97.599804	2.836207	2.000000	10.146365	43.870426	4.000000	0.018416	46.585585	3.000000	85.233351	9.837109	3.000000	0.021114	8.402701	1.000000	0.111322
61	1	19.554788	3.646599	74.950802	32.165901	80.376479	42.851332	56.806675	70.656462	6.664941	75.160063	0.493316	0.306970	0.112180	0.377274	0.291686	0.443024	0.180300	0.311353	0.810974	0.571372	7.691144	6.000000	72.891024	4.334735	6.000000	23.016462	9.637530	4.000000	22.642357	44.629141	2.000000	0.022973	9.390266	3.000000	0.017421	9.988722	5.000000	0.048192	8.880928	2.000000	0.031984	2.974682	3.000000	91.478762	6.647370	4.000000	90.656268	7.686316	3.000000	76.436785	41.190016	4.000000	0.037302	22.136322	1.000000	88.071518	0.684029	3.000000	0.010402	5.390685	2.000000	0.012767
62	2	72.877015	81.946496	35.876001	82.553601	10.360693	90.968297	97.061124	36.880573	44.425693	87.439607	0.638687	0.684314	0.842364	0.226512	0.197128	0.347473	0.263832	0.173735	0.679619	0.250379	83.213248	3.000000	3.642349	30.789634	3.000000	43.917792	10.206412	3.000000	12.594120	0.680516	2.000000	0.013062	17.464981	4.000000	0.016936	8.392338	5.000000	0.048609	9.077927	2.000000	0.011252	2.217692	5.000000	89.808790	12.867517	4.000000	4.569964	6.154078	1.000000	3.865135	16.600108	6.000000	0.042937	72.356811	3.000000	19.517963	51.573858	5.000000	0.010452	13.396955	2.000000	0.013189
63	1	31.655826	13.539551	90.447187	78.214200	38.039429	8.767908	90.003694	56.464422	19.508104	87.982292	0.750187	0.419929	0.368746	0.662620	0.159239	0.103561	0.787101	0.753909	0.863481	0.135888	97.476988	2.000000	88.847049	2.714618	3.000000	54.098332	8.800198	5.000000	26.276071	25.260144	3.000000	0.042109	7.228120	4.000000	0.019636	7.136595	4.000000	0.021392	18.561871	4.000000	0.016108	13.783294	2.000000	6.872272	16.664061	6.000000	90.077689	16.906785	2.000000	96.364337	45.276218	4.000000	0.018622	42.565183	6.000000	7.049322	40.336285	2.000000	0.051722	11.125865	4.000000	0.010630
64	1	68.532234	51.043203	64.045547	90.507825	18.651780	61.804527	99.626635	48.521041	77.211488	50.456187	0.383874	0.609167	0.338841	0.193433	0.834502	0.939753	0.703307	0.248735	0.361010	0.996662	70.061334	4.000000	77.707784	36.403815	5.000000	38.000775	5.240836	6.000000	81.397623	15.050448	2.000000	0.014544	2.728993	4.000000	0.011380	12.750928	2.000000	0.014848	17.405861	5.000000	0.012135	15.664164	4.000000	36.677207	18.027822	5.000000	21.711839	12.366188	1.000000	12.587774	35.528123	4.000000	0.014792	6.382201	3.000000	46.883645	41.138542	1.000000	0.064986	1.942790	3.000000	0.011926
65	2	75.584066	44.195804	52.522174	11.212161	35.081055	51.187373	90.235441	68.096312	18.103565	27.698970	0.363069	0.272904	0.864021	0.320449	0.691713	0.730185	0.986667	0.622401	0.731614	0.317994	165.630332	1.000000	86.374729	55.343931	1.000000	47.718595	24.324660	6.000000	28.650579	29.364911	5.000000	0.015676	9.947327	5.000000	0.031127	2.764409	4.000000	0.013153	8.160497	2.000000	0.014991	16.575919	2.000000	48.150182	15.258985	6.000000	18.207184	16.613007	3.000000	68.439378	46.560358	4.000000	0.074876	42.640318	5.000000	7.712147	10.374311	6.000000	0.011122	8.038397	3.000000	0.011311
66	1	98.572394	2.554341	76.411909	1.276137	5.775135	56.938218	86.233461	2.813339	41.551698	82.961292	0.962105	0.592636	0.857461	0.765341	0.531510	0.326520	0.382816	0.287344	0.551241	0.782544	84.819176	3.000000	75.682996	30.396966	6.000000	24.781270	23.384129	3.000000	23.484854	8.984352	2.000000	0.010500	4.435670	4.000000	0.015668	14.071074	6.000000	0.022728	0.222583	5.000000	0.016559	1.352990	2.000000	14.573980	14.536168	5.000000	93.598675	11.266502	1.000000	38.702768	17.303178	5.000000	0.016061	7.985326	2.000000	49.818669	39.990104	4.000000	0.036332	5.952629	4.000000	0.016365
67	1	4.466919	20.998865	87.202147	99.499018	24.076802	68.269039	85.345490	69.997269	47.675008	24.794551	0.259163	0.233163	0.463599	0.716078	0.485475	0.696335	0.779977	0.803355	0.337685	0.607490	125.608987	5.000000	18.217113	31.669452	3.000000	99.821608	22.866147	1.000000	74.031595	33.877589	2.000000	0.051786	15.569550	3.000000	0.016583	17.540129	6.000000	0.027128	8.719384	5.000000	0.462657	12.175080	6.000000	79.579752	15.590158	1.000000	70.063486	16.921067	2.000000	98.423739	45.732362	2.000000	0.030889	43.552796	4.000000	59.763823	20.264955	6.000000	0.057370	15.954212	1.000000	0.465803
68	1	31.120838	58.279790	2.227044	40.294075	20.032032	42.483744	53.534357	46.172526	94.613239	56.971987	0.228623	0.757922	0.743747	0.726763	0.420030	0.702131	0.552643	0.909520	0.690019	0.341240	27.197200	2.000000	39.188549	31.908026	6.000000	78.850627	9.059905	2.000000	77.363874	21.798738	5.000000	0.034440	1.701401	2.000000	0.148927	16.275170	5.000000	0.036586	3.330407	6.000000	0.025868	11.867110	3.000000	53.295545	14.107827	4.000000	17.585654	14.664178	5.000000	41.293868	51.797053	1.000000	0.013390	58.906607	2.000000	16.092575	33.668957	3.000000	0.049618	7.046894	4.000000	0.018088
69	1	1.593819	79.644844	5.513510	28.415652	88.467894	66.201710	63.052294	41.770659	7.285398	82.239051	0.588672	0.393481	0.113955	0.482880	0.367245	0.302383	0.868648	0.417869	0.905762	0.575006	77.006388	1.000000	62.297806	9.218661	5.000000	2.613811	18.604523	3.000000	10.459274	54.953918	2.000000	0.046138	1.615775	6.000000	0.013970	15.365469	5.000000	0.015091	16.402917	4.000000	0.011510	7.278500	3.000000	6.989994	10.026485	3.000000	93.060008	6.977740	3.000000	79.755471	26.098980	1.000000	0.077488	64.340518	5.000000	50.463469	35.992175	1.000000	0.017176	5.862711	4.000000	0.072438
70	1	42.249318	31.526671	46.378436	60.239583	4.165990	2.185142	17.006187	5.871181	14.054816	37.203437	0.897493	0.766100	0.897019	0.529154	0.483955	0.646785	0.315029	0.811262	0.736068	0.517241	94.622220	5.000000	19.469888	50.051525	1.000000	56.192715	23.626076	5.000000	54.766884	37.213413	1.000000	0.015000	2.734537	4.000000	0.010278	4.458463	1.000000	0.011132	3.112030	6.000000	0.025187	8.889290	1.000000	97.781467	1.226039	1.000000	80.281659	16.861416	4.000000	76.456028	9.516525	2.000000	0.075980	7.955496	4.000000	3.496426	55.112859	4.000000	0.012624	18.185572	3.000000	0.018937
71	2	80.839106	53.182113	61.418473	12.090893	88.482839	77.838784	66.331268	53.768051	89.648845	20.835344	0.106127	0.709065	0.405959	0.691157	0.719637	0.110825	0.831652	0.791717	0.772003	0.730397	92.862198	3.000000	3.413119	46.627675	4.000000	44.196441	19.664471	3.000000	13.623842	49.487831	1.000000	0.010690	10.579829	4.000000	0.253246	15.785992	2.000000	0.010849	2.520468	1.000000	0.013484	3.223364	3.000000	75.206905	18.661263	1.000000	97.728463	0.223986	4.000000	91.132876	1.892879	5.000000	0.010729	43.698478	4.000000	42.138958	14.167144	6.000000	0.013244	9.396672	4.000000	0.027028
72	1	82.529429	7.428403	94.761190	2.364324	98.358623	77.282196	75.407616	91.068224	77.949753	97.005237	0.634775	0.166053	0.424509	0.460556	0.241935	0.850639	0.301498	0.909760	0.680083	0.657784	35.005059	5.000000	66.382533	20.328713	5.000000	3.097735	22.164086	2.000000	60.952679	9.074664	3.000000	0.010839	2.125821	2.000000	0.013037	18.097467	3.000000	0.014153	7.998823	6.000000	0.032336	9.591385	3.000000	49.730820	18.476109	2.000000	40.162823	5.088071	3.000000	73.708110	47.557891	1.000000	0.034708	54.375598	2.000000	36.581737	9.980896	4.000000	0.019293	1.580294	3.000000	0.011481
73	1	66.294126	88.448590	49.932898	16.838478	97.864932	38.118211	42.659967	60.775773	6.671056	20.719386	0.257459	0.294617	0.570251	0.965998	0.436448	0.629368	0.635237	0.393686	0.868277	0.106581	31.492896	6.000000	22.640083	5.751623	4.000000	76.847805	16.873351	2.000000	50.228712	31.806780	5.000000	0.023330	2.055955	6.000000	0.286430	16.854572	4.000000	0.011917	16.290321	4.000000	0.011893	17.280308	1.000000	58.210495	8.379136	6.000000	94.204264	10.807269	2.000000	34.491677	33.009536	4.000000	0.032744	4.778860	3.000000	49.475507	42.262658	4.000000	0.019811	13.990139	5.000000	0.024824
74	1	33.396032	30.161192	91.284100	83.154241	33.573718	15.707948	21.698273	77.447869	15.902919	38.508428	0.561364	0.903142	0.978929	0.533578	0.587253	0.793028	0.123865	0.698712	0.797544	0.923484	171.855423	5.000000	22.209531	1.330287	3.000000	70.753001	24.859863	6.000000	97.176408	18.165915	4.000000	0.013471	7.726363	5.000000	0.023583	4.142596	2.000000	0.019725	11.701314	2.000000	0.036613	0.195102	3.000000	20.704634	15.612534	2.000000	70.456052	10.541765	2.000000	38.656040	7.471830	5.000000	0.023993	64.411571	4.000000	84.912838	41.182214	4.000000	0.409883	15.743845	4.000000	0.121346
75	1	50.688829	6.909382	18.554290	76.076666	27.764787	68.143761	68.081868	56.008878	33.297744	81.401767	0.238236	0.970792	0.683896	0.804634	0.684071	0.983031	0.157781	0.848678	0.147792	0.377915	178.609664	3.000000	11.881904	29.085660	3.000000	59.163327	15.817929	5.000000	58.434897	9.579879	2.000000	0.024285	13.112416	6.000000	0.011231	1.173252	4.000000	0.010593	4.537173	4.000000	0.011791	0.483656	2.000000	50.414518	13.012223	6.000000	80.244634	17.627328	2.000000	78.809926	43.188481	4.000000	0.043397	34.700686	5.000000	22.272387	28.386726	2.000000	0.025389	4.635336	2.000000	0.013155
76	1	2.160241	69.436352	94.231061	9.763387	98.997455	40.495477	91.616242	77.070543	4.489916	66.862373	0.294380	0.147409	0.448871	0.910956	0.843181	0.957075	0.792562	0.202354	0.887499	0.303587	94.593759	1.000000	25.135956	18.750227	1.000000	99.092877	22.060051	3.000000	18.926254	50.331652	3.000000	0.104702	2.602740	4.000000	0.024014	4.921656	4.000000	0.126910	8.628478	6.000000	0.046652	8.166050	3.000000	76.244630	7.998068	6.000000	13.816752	12.003499	4.000000	47.117117	58.175644	6.000000	0.014829	50.578700	5.000000	11.873646	51.680352	4.000000	0.066068	3.635241	2.000000	0.030135
77	1	74.766865	12.033379	17.364720	21.178612	37.491204	54.925662	8.019160	32.999300	14.036179	41.645468	0.211763	0.916557	0.649527	0.182054	0.668030	0.686767	0.156059	0.173689	0.474090	0.944258	146.726800	5.000000	10.173978	53.121342	4.000000	9.511196	2.678505	6.000000	4.696141	13.906091	5.000000	0.012676	13.899620	5.000000	0.012383	14.444844	6.000000	0.013881	9.001245	4.000000	0.063052	2.834949	2.000000	70.060727	8.696733	1.000000	88.393695	14.106142	5.000000	97.471447	19.895904	4.000000	0.013389	7.134650	4.000000	46.206220	26.194690	5.000000	0.015989	8.280899	4.000000	0.016253
78	1	34.924245	46.735650	17.585558	37.919774	97.511727	16.975369	94.726407	18.355211	2.822628	28.855144	0.733376	0.928735	0.602312	0.954174	0.789493	0.471850	0.844795	0.983790	0.184563	0.524856	134.581992	5.000000	74.520257	5.865821	2.000000	60.338544	25.332996	1.000000	75.531040	8.149756	6.000000	0.013825	12.692469	3.000000	0.018896	0.421247	6.000000	0.081112	8.740677	1.000000	0.016074	9.817679	3.000000	78.571251	11.859188	1.000000	46.250733	6.768472	2.000000	77.309640	29.055024	3.000000	0.039484	12.559474	2.000000	69.505114	34.076952	3.000000	0.011849	6.862400	2.000000	0.010412
79	2	57.905292	37.225158	35.578824	97.632535	18.582825	99.289923	58.098617	81.417549	72.284407	64.134247	0.993736	0.853755	0.472941	0.764363	0.786697	0.715006	0.396985	0.581839	0.885341	0.364408	31.554597	5.000000	45.975516	27.274351	4.000000	85.281192	5.843864	6.000000	82.935958	55.158223	1.000000	0.012624	12.792060	2.000000	0.014030	5.570716	5.000000	0.011412	5.769637	2.000000	0.147797	6.473566	3.000000	97.689664	3.747465	1.000000	63.305033	16.738861	5.000000	30.291943	13.611278	3.000000	0.010351	45.717376	6.000000	81.863970	49.307660	4.000000	0.011920	10.313019	1.000000	0.010366
80	2	1.544746	32.274383	17.719379	6.958901	74.085627	96.953869	53.906181	49.044494	63.537944	75.712659	0.258682	0.587560	0.391038	0.699215	0.576573	0.723463	0.193917	0.504045	0.353393	0.411295	73.131805	5.000000	56.544230	14.075510	5.000000	40.905024	16.138795	6.000000	92.894033	19.196373	2.000000	0.051775	10.438140	3.000000	0.010052	17.086658	4.000000	0.025404	3.126510	4.000000	0.012967	17.572447	6.000000	40.851773	9.727361	4.000000	22.934008	2.585539	1.000000	33.788154	4.770723	2.000000	0.011134	71.138773	2.000000	62.582355	38.982134	2.000000	0.014664	8.430558	5.000000	0.019087
81	1	78.765858	85.256724	44.883172	29.294697	89.420252	50.797798	76.846387	87.833912	21.497516	75.286735	0.127418	0.376955	0.144454	0.267717	0.811658	0.234572	0.965055	0.148843	0.349978	0.814676	157.751461	3.000000	17.165527	56.347082	2.000000	88.590134	21.458109	4.000000	9.864069	18.923465	3.000000	0.018874	9.013581	1.000000	0.029754	3.423472	6.000000	0.016895	11.152554	3.000000	0.049674	17.492235	2.000000	94.604395	6.826178	2.000000	51.080091	3.403201	6.000000	13.638264	11.096431	4.000000	0.337487	21.521313	6.000000	69.661471	57.524301	3.000000	0.011330	14.624633	1.000000	0.012675
82	2	96.751724	2.467541	52.472273	12.858324	63.334856	45.664649	13.182394	97.760090	56.729663	87.134337	0.277891	0.209968	0.412894	0.971994	0.318169	0.305392	0.409068	0.460164	0.779823	0.902808	81.961450	2.000000	42.616809	20.154022	1.000000	75.374422	10.362380	5.000000	9.973922	8.297872	5.000000	0.015383	17.969638	6.000000	0.095148	6.482973	6.000000	0.372992	4.633709	2.000000	0.010986	1.112399	3.000000	8.270931	2.805726	1.000000	20.793289	1.552972	5.000000	69.347621	58.057463	6.000000	0.020004	63.680802	4.000000	10.951593	40.222531	1.000000	0.015030	1.349560	1.000000	0.015803
83	1	28.118066	45.313664	94.731531	92.058449	43.149916	21.499619	32.614808	53.774481	13.873549	41.434430	0.517003	0.600166	0.590759	0.338035	0.206917	0.498486	0.577805	0.978638	0.954992	0.475594	36.939588	2.000000	24.504403	35.475822	1.000000	2.725100	23.940315	2.000000	58.001894	35.341396	3.000000	0.097161	9.122817	5.000000	0.228054	7.808187	6.000000	0.020178	1.327409	1.000000	0.014037	4.775532	5.000000	37.183909	14.064159	4.000000	13.723968	8.351335	1.000000	36.996903	51.421642	6.000000	0.016560	22.813762	3.000000	99.832685	28.331385	3.000000	0.015809	8.615027	4.000000	0.043183
84	1	61.015657	8.414076	65.768695	40.627752	63.903649	91.599228	94.379255	34.784096	72.572066	84.249380	0.565817	0.875519	0.624666	0.519202	0.108954	0.593718	0.875855	0.954336	0.781076	0.583531	61.115836	2.000000	15.570773	37.692864	4.000000	24.368920	20.180097	1.000000	57.917787	3.106438	1.000000	0.011919	16.205250	1.000000	0.012215	2.167025	3.000000	0.026308	6.920888	1.000000	0.011565	10.338372	4.000000	33.620254	16.076877	1.000000	41.470046	17.503472	4.000000	42.055313	18.257807	4.000000	0.010585	34.210747	5.000000	58.284053	48.885849	5.000000	0.012211	8.588950	2.000000	0.012461
85	1	20.574875	58.849503	59.421497	93.708127	43.484425	42.456688	8.670756	26.929836	63.349297	37.683252	0.638866	0.471266	0.189145	0.741547	0.534538	0.110564	0.968454	0.667062	0.979413	0.773826	147.879356	6.000000	54.801778	21.716252	2.000000	37.334091	3.786569	3.000000	32.763725	7.876624	2.000000	0.011625	3.573338	3.000000	0.013844	4.176558	3.000000	0.036031	16.853820	5.000000	0.023692	15.350611	5.000000	82.334230	4.796153	2.000000	71.393154	8.047479	1.000000	99.300332	5.949473	2.000000	0.042146	31.913344	6.000000	26.485856	47.943205	5.000000	0.070975	9.721665	5.000000	0.011654
86	1	8.621260	92.170739	64.843536	40.078748	36.384512	70.117548	59.762664	72.106647	83.382837	94.007508	0.335628	0.960839	0.970628	0.636578	0.485091	0.559559	0.756387	0.424385	0.240237	0.708773	110.488733	2.000000	11.136582	6.386362	2.000000	68.910275	7.859241	1.000000	59.601228	34.828621	6.000000	0.043874	1.453562	2.000000	0.017522	4.207751	2.000000	0.429536	10.320156	1.000000	0.020973	14.935653	2.000000	50.530999	15.626540	3.000000	84.167922	9.210883	3.000000	72.951829	36.815382	4.000000	0.084578	44.740890	5.000000	89.307571	40.808860	2.000000	0.019169	14.090873	2.000000	0.024876
87	2	66.732300	36.369294	4.958692	77.676407	71.941155	54.801229	13.192203	76.694902	94.711122	92.692766	0.312483	0.858202	0.207061	0.385443	0.695274	0.220408	0.517500	0.141261	0.765598	0.695552	144.399280	3.000000	98.922598	44.642871	6.000000	74.749969	16.705190	3.000000	98.635520	50.508105	3.000000	0.019485	4.536620	2.000000	0.061849	1.413173	1.000000	0.019010	13.184294	3.000000	0.020865	8.622366	6.000000	59.799172	0.378072	4.000000	58.787434	11.653515	5.000000	42.763821	5.549102	3.000000	0.023133	7.430849	4.000000	37.326629	16.076940	2.000000	0.038815	3.666698	1.000000	0.029035
88	2	40.335500	17.712697	37.500313	75.651171	29.958146	63.285885	55.571839	27.222816	81.613426	32.228251	0.587959	0.920149	0.206659	0.487826	0.563943	0.939819	0.791594	0.129620	0.598521	0.284415	46.607439	3.000000	26.544981	47.000664	1.000000	6.282046	10.322128	3.000000	92.250860	8.554566	4.000000	0.037717	11.285431	6.000000	0.033122	12.917532	6.000000	0.020478	13.812253	1.000000	0.012930	16.922738	6.000000	86.450391	7.226627	4.000000	73.066991	13.225822	2.000000	41.284519	11.619707	2.000000	0.041398	54.104641	4.000000	8.340220	17.302452	4.000000	0.012462	2.159644	1.000000	0.017068
89	1	74.888217	65.733892	76.353144	73.789138	11.052748	40.486452	8.954332	49.484594	71.191356	64.764451	0.573545	0.343602	0.376481	0.644305	0.751855	0.312823	0.829511	0.773615	0.869450	0.122287	45.347608	4.000000	69.210490	48.189835	2.000000	50.029469	5.627271	5.000000	87.604099	56.545490	4.000000	0.072663	15.708918	3.000000	0.024694	10.341365	5.000000	0.021145	12.061960	1.000000	0.019925	12.373086	2.000000	79.691543	9.302755	5.000000	33.173908	14.393877	3.000000	87.270748	48.889454	2.000000	0.045378	55.837914	1.000000	71.077613	35.132342	1.000000	0.021575	6.266520	3.000000	0.049255
90	1	18.383281	22.457844	61.405381	68.148177	91.945942	54.426342	22.789367	85.364429	3.343774	96.939100	0.990284	0.308427	0.107484	0.638626	0.760085	0.580456	0.370542	0.585230	0.708649	0.346528	168.056809	4.000000	65.626352	54.891695	6.000000	83.278978	1.416081	4.000000	23.472671	27.656960	2.000000	0.042545	5.485240	2.000000	0.017906	7.452633	6.000000	0.010508	4.151333	3.000000	0.017192	18.126363	2.000000	62.831350	9.944363	3.000000	13.574585	16.787707	5.000000	49.425926	38.773118	1.000000	0.015295	38.131951	4.000000	82.941018	57.120614	2.000000	0.068108	14.670181	1.000000	0.014445
91	2	79.279908	90.571175	32.149449	90.215931	2.141470	85.674209	35.427802	8.417333	84.791230	66.290085	0.425190	0.478548	0.778316	0.539112	0.757964	0.711704	0.905956	0.295961	0.103760	0.554361	18.107011	6.000000	5.152455	57.593290	6.000000	76.086872	25.020325	1.000000	32.417027	24.119930	5.000000	0.013760	5.743935	1.000000	0.013101	11.965175	1.000000	0.011098	6.968429	3.000000	0.011737	9.420185	5.000000	63.296559	11.706211	4.000000	51.512110	16.287550	2.000000	69.197671	30.751422	6.000000	0.019501	11.746544	3.000000	26.507501	21.104495	4.000000	0.010565	6.798351	2.000000	0.023674
92	2	88.949361	45.317068	30.206317	53.056342	76.994901	79.188750	6.900259	82.126906	92.210116	62.202968	0.383193	0.807680	0.911647	0.418895	0.704174	0.867142	0.286045	0.526873	0.686757	0.935460	58.511184	5.000000	98.447267	13.840631	5.000000	51.327844	0.340245	1.000000	27.488202	18.426235	6.000000	0.011538	1.726516	3.000000	0.077514	2.222642	6.000000	0.012894	0.483786	4.000000	0.097352	1.078234	6.000000	98.694526	18.402860	6.000000	11.028360	1.492701	1.000000	12.119374	25.301906	3.000000	0.039049	65.627598	1.000000	46.622728	42.231472	1.000000	0.073321	5.818307	1.000000	0.014175
93	1	11.728545	14.781572	51.724847	7.398826	58.590926	71.486234	85.121605	20.131131	72.762991	25.736361	0.861988	0.158559	0.533548	0.847115	0.100792	0.150708	0.870341	0.626842	0.942186	0.620662	119.891991	2.000000	56.333689	38.134491	4.000000	22.720261	9.077405	2.000000	23.989279	53.693113	4.000000	0.159043	8.415337	4.000000	0.010754	4.077811	5.000000	0.063201	8.855111	5.000000	0.021645	11.770289	4.000000	17.072460	16.994408	5.000000	8.617336	0.613789	6.000000	41.863972	28.114737	6.000000	0.043234	69.678264	5.000000	45.512623	28.344335	1.000000	0.052818	0.597390	2.000000	0.027573
94	1	40.023197	3.676450	21.745381	50.243289	24.638378	98.197333	7.624924	25.024831	37.089214	56.623562	0.265431	0.727860	0.554980	0.273780	0.191043	0.966689	0.634520	0.360864	0.556202	0.134974	99.694197	4.000000	94.908055	3.575647	5.000000	83.406710	3.631066	3.000000	74.900114	10.608791	2.000000	0.024252	16.798771	3.000000	0.011615	7.609197	6.000000	0.022830	15.137750	4.000000	0.011077	6.544783	4.000000	90.827115	7.717088	5.000000	35.658381	0.834660	4.000000	86.317197	18.151985	3.000000	0.071378	8.155663	6.000000	15.198038	53.359532	2.000000	0.016830	3.438471	3.000000	0.028908
95	2	95.513246	86.294625	42.493823	45.699740	67.772072	6.488346	96.306787	78.824241	56.579063	30.925342	0.307130	0.730017	0.210054	0.466769	0.668104	0.903500	0.783759	0.654882	0.368658	0.611685	26.121917	6.000000	27.294007	17.987621	6.000000	74.731622	19.550016	3.000000	13.871332	15.017075	4.000000	0.040660	13.652419	5.000000	0.042924	5.752031	2.000000	0.010954	3.663133	4.000000	0.020370	2.949146	5.000000	65.997769	9.543231	5.000000	38.543195	1.361957	6.000000	62.082134	33.524824	6.000000	0.011898	44.963675	3.000000	22.190577	42.253901	2.000000	0.011437	10.944656	3.000000	0.011666
96	2	95.689815	12.309556	17.942685	27.876251	10.660402	18.247857	89.543030	71.123741	11.851349	75.882415	0.358927	0.413217	0.672838	0.236485	0.376946	0.711684	0.257260	0.974004	0.775249	0.733620	172.594215	4.000000	96.034110	59.312223	4.000000	29.387453	20.637822	3.000000	9.378828	52.184802	2.000000	0.024845	2.013002	5.000000	0.032093	10.067512	1.000000	0.200476	2.722332	2.000000	0.016836	1.892713	5.000000	36.970583	8.202939	3.000000	35.098423	8.823509	4.000000	53.566426	40.351462	6.000000	0.027391	47.024467	3.000000	54.214940	27.534271	3.000000	0.024122	0.381571	5.000000	0.022449
97	2	20.983546	99.484421	64.336293	34.045855	66.470498	7.487288	92.729305	23.187203	50.221827	94.770638	0.264899	0.665445	0.934157	0.109786	0.387755	0.704872	0.484016	0.335902	0.568462	0.861480	67.573196	3.000000	27.796464	11.522504	1.000000	18.522520	13.619231	5.000000	67.240439	50.216034	4.000000	0.041969	3.460201	1.000000	0.010132	4.551701	1.000000	0.110351	12.268020	5.000000	0.078475	10.467459	6.000000	86.781830	0.517953	3.000000	52.378263	14.098526	2.000000	61.392718	9.312729	5.000000	0.010977	40.028966	4.000000	59.643783	52.511142	1.000000	0.010221	1.374243	3.000000	0.020296
98	2	8.746329	63.429817	60.185660	57.165137	70.675562	55.100231	97.549712	75.938446	27.525172	88.989843	0.761740	0.125917	0.694538	0.648957	0.486756	0.932964	0.599480	0.183347	0.242121	0.670580	176.841944	3.000000	96.409308	41.565968	5.000000	99.475069	6.598445	3.000000	38.544301	46.569516	4.000000	0.012743	17.679361	1.000000	0.018740	7.128295	3.000000	0.010624	9.887386	1.000000	0.044002	12.253237	6.000000	71.014824	13.778752	5.000000	87.321863	11.248586	4.000000	78.467909	26.030387	4.000000	0.018356	58.062345	5.000000	29.884264	57.612747	3.000000	0.010988	2.091452	2.000000	0.035654
99	1	39.828951	86.483199	89.669992	23.781407	52.431742	10.142147	45.603281	29.760827	89.706195	6.097939	0.269364	0.373136	0.763944	0.864320	0.295444	0.358826	0.254037	0.538743	0.453228	0.296267	79.883074	1.000000	36.216583	36.804872	6.000000	97.430758	6.805943	4.000000	1.503910	32.948103	6.000000	0.012161	6.397666	6.000000	0.012428	5.952050	5.000000	0.024571	4.802327	6.000000	0.013588	14.628720	2.000000	59.943974	1.762005	3.000000	30.523503	7.167539	2.000000	97.550468	54.926515	6.000000	0.014491	45.228084	4.000000	44.535510	41.363404	2.000000	0.012651	15.786881	1.000000	0.060517
100	1	19.516616	92.967881	64.135456	9.941525	20.375281	18.451842	80.003311	30.571434	29.365152	20.860143	0.414931	0.654883	0.855873	0.724552	0.545186	0.875468	0.569965	0.468295	0.494300	0.614857	68.842263	1.000000	89.443025	31.274664	5.000000	66.884652	18.280541	3.000000	42.920858	29.273145	2.000000	0.038053	0.634969	2.000000	0.081180	16.830399	2.000000	0.010137	15.471611	3.000000	0.060886	7.485804	3.000000	69.493980	16.532951	4.000000	3.597804	5.934901	1.000000	25.583432	29.030137	1.000000	0.016451	40.029662	5.000000	56.028917	58.460330	4.000000	0.035034	3.646739	1.000000	0.083119
