1	2	66	2.264321	1.762742	1.299363	-7.815736	-9.274504	-5.829311	-0.760412	2.060348	0.089718	2.491933	-10.314284	-3.815112	0.695599	-1.459594
1	2	34	2.264321	-4.477703	1.295325	7.406952	-9.274502	-9.215409	-0.760410	-4.296879	6.616477	7.040007	5.978804	2.621720	6.340127	3.634674
2	2	73	7.418956	7.539866	4.657774	-4.795110	-8.003739	-9.038792	-1.235719	0.401130	1.410984	-2.996545	-14.755871	-0.489066	-10.228657	0.885872
2	2	27	7.418956	1.324027	4.097340	10.195280	-9.141535	-13.739574	-1.235721	-6.082215	6.158181	8.026125	6.662709	5.196623	5.321732	6.829569
3	2	90	2.675226	3.365986	4.233413	-7.158165	0.594829	1.198698	-3.941188	-2.790817	1.100074	-2.545524	-12.556859	-0.864642	-9.159074	1.172334
3	2	10	2.675226	1.701244	0.930467	9.297092	-2.597815	-2.684833	-0.404987	-6.229804	6.292067	9.637707	4.266834	5.058610	5.081621	6.380204
4	3	67	6.846721	5.730458	6.908221	-8.480419	2.494638	6.313168	-1.594613	-4.973300	0.320114	-5.839891	-12.044400	3.084991	-5.669599	0.501260
4	3	18	6.846721	-0.381162	1.155491	4.631101	-2.857778	1.570909	-0.652802	-11.764617	6.075923	6.854221	5.723032	7.599894	6.010041	6.841978
4	3	15	6.846721	5.664755	6.904807	-1.369223	2.494523	6.313166	-1.594759	-9.900141	6.075923	6.854221	5.723032	7.599894	6.010041	6.841978
5	1	100	5.789611	6.213718	8.495199	-13.869443	6.936995	7.410659	0.122958	7.327570	-4.725532	-4.098714	-15.818903	3.335177	-6.214963	1.755856
6	4	60	8.435871	2.896474	7.239572	11.599140	-3.348065	-8.533637	0.817398	-7.583573	7.578826	6.158598	8.240489	7.425830	5.084226	7.463785
6	4	13	8.435871	6.360391	7.354559	-2.687782	0.245891	4.276736	0.686732	0.080163	2.279409	-2.217446	-5.076740	2.995766	-4.870754	1.077944
6	4	22	8.435871	4.978414	7.348788	1.153900	-3.321816	-6.003782	0.817403	-1.488075	2.432482	-2.207338	-4.943907	3.069895	-4.815284	1.110485
6	4	5	8.435871	2.956637	7.248456	7.749807	0.810219	3.871441	0.904095	-3.437566	7.557569	6.158598	8.240489	7.425830	5.084226	7.463785
7	3	23	7.891442	3.945675	6.388019	-6.547227	2.428450	5.118114	-0.918160	1.049023	1.738582	-3.767582	-13.942624	-0.159574	-8.718745	0.172956
7	3	76	7.891442	0.209576	2.620892	2.068258	-7.158261	-11.646276	-0.141925	-4.934655	1.743043	-3.767580	-13.272221	-0.159574	-8.718744	0.172957
7	3	1	7.891442	-1.698513	2.551779	11.329385	-7.158434	-11.820486	-0.141932	-11.151067	8.194636	6.145120	1.861965	5.622014	4.386148	6.350135
8	4	51	5.535740	-1.242958	0.293560	7.288297	-5.132935	-7.909321	1.973748	-6.947881	8.215902	7.952148	3.732284	5.544304	6.807508	5.977567
8	4	36	5.535740	3.355485	4.142033	-2.400897	-2.155253	-5.353078	1.974076	-0.879699	0.635477	-2.015416	-9.833304	-0.899376	-11.130295	-0.316887
8	4	11	5.535740	3.704389	4.271295	-15.790249	4.338004	5.317091	1.857641	5.097464	-2.122421	-2.015625	-13.936106	-0.899466	-11.186720	-0.316881
8	4	2	5.535740	3.493436	4.202866	-3.202820	4.336001	5.219344	1.860416	-0.969034	7.152262	7.952091	3.685876	5.543419	6.801527	5.977566
9	2	20	6.379548	5.117411	8.947861	-12.436894	6.781417	3.178601	1.441925	4.225781	-2.273634	-4.693887	-7.725595	3.495561	-5.782813	2.574173
9	2	80	6.379548	-1.501497	4.254968	6.047063	0.557089	-3.469179	1.671367	-2.953992	6.827334	5.823484	9.671256	5.184203	5.258817	7.405740
10	4	38	7.109589	-1.296996	5.265751	10.174342	-2.128628	-10.320678	-0.151441	-4.274115	9.203520	9.445660	5.660665	8.876226	8.496119	4.774672
10	4	37	7.109589	5.040598	7.630774	-19.297636	5.723464	7.915489	0.296538	4.285383	0.463896	-3.375905	-10.414812	2.868632	-5.922407	-1.528362
10	4	14	7.109589	5.038565	7.630684	-2.912260	5.723445	7.915488	0.296538	-0.787407	9.188168	9.445660	5.660626	8.876226	8.496119	4.774672
10	4	11	7.109589	5.040598	7.630774	-10.500406	-1.016270	1.931937	-0.660319	1.250178	3.777786	-2.639807	-3.421696	2.868724	-5.627269	-1.528336
11	3	57	5.904330	4.755829	6.216991	-10.091485	2.655362	-0.221147	2.137906	5.188520	-3.378813	-4.591626	-16.382868	5.748963	-3.314961	5.802890
11	3	28	5.904330	-1.820633	1.382818	11.502550	-3.338614	-11.454660	0.255481	-4.766777	5.227509	6.148931	6.247439	7.788989	5.080591	9.066486
11	3	15	5.904330	4.755829	6.216991	-19.069937	7.340927	6.170995	1.961688	6.581871	-3.431199	-4.591626	-16.382896	5.748963	-3.314961	5.802890
12	2	93	6.334700	1.649105	1.516292	5.719626	-6.496205	-5.615813	1.145308	-9.219236	1.808480	8.402472	5.119652	6.285073	6.594433	8.280850
12	2	7	6.334700	6.750774	5.125392	-2.055993	0.301022	3.714490	-0.483491	-3.043916	-1.332639	-2.662855	-2.287191	0.183332	-1.543431	2.395088
13	4	25	7.091698	5.900272	8.863031	-24.391698	3.253048	7.107222	1.210332	5.560084	-6.649250	-5.208943	-11.694934	2.965686	-3.157442	0.853912
13	4	38	7.091698	1.377024	3.051833	2.395178	-4.205468	-8.521880	1.754102	-6.520276	4.548908	5.779273	6.146715	7.172310	8.354512	6.193610
13	4	32	7.091698	5.900272	8.863031	-7.141538	3.253048	7.107222	1.210332	-0.307235	4.548723	5.779273	5.507489	7.170609	8.354378	6.193610
13	4	5	7.091698	5.900272	8.863031	-9.142249	-1.333258	-5.030824	1.755257	-0.660252	0.279802	-5.039604	-5.912667	2.967266	-3.144318	0.853918
14	2	93	6.746296	-2.535326	-1.468378	4.495567	3.272192	3.136656	1.868621	-3.056386	6.152317	7.197338	7.243857	8.845986	5.795233	5.610474
14	2	7	6.746296	-2.538740	-1.468378	9.776110	-5.735196	-7.400289	-0.497665	-13.425660	6.152317	7.197338	7.243857	8.845986	5.795233	5.610474
15	2	91	4.420211	-1.121725	3.869938	7.958244	-11.855666	-9.692334	0.233633	-5.075858	5.318359	6.369862	7.351851	7.484179	7.139142	4.849778
15	2	9	4.420211	0.414091	3.972751	0.397252	-11.848113	-9.690739	0.233633	-2.638266	-0.170810	-3.996383	-3.949830	1.807078	-5.533647	-0.466152
16	4	36	6.184032	4.269564	5.917783	-15.333161	4.159724	-1.333365	3.226499	5.069168	-6.551527	-4.196307	-12.466973	2.236863	-6.610431	-0.584821
16	4	61	6.184032	-1.930440	0.332237	8.863095	-3.854630	-10.537397	0.677466	-6.541164	6.017633	7.720060	6.076974	5.681781	6.563064	6.016427
16	4	2	6.184032	4.270003	5.917833	-19.893546	7.353351	5.105912	0.372447	3.609976	-6.551342	-4.196207	-11.305541	2.236863	-6.595848	-0.584821
16	4	1	6.184032	4.180915	5.907108	-7.686252	1.676809	4.512792	-2.503258	-1.837732	-0.593531	-4.163590	-7.282002	2.236863	-6.244556	-0.584821
17	2	76	6.211921	4.437016	5.501925	-16.029802	5.770882	8.828273	1.096018	5.329910	-3.555864	-4.528808	-9.245745	5.766846	-6.870920	-2.845946
17	2	24	6.211921	-2.120152	1.004182	7.895146	-6.105076	-5.343749	0.789600	-0.226284	7.120294	6.284861	3.949318	8.236274	1.737779	1.546445
18	3	29	6.842725	7.189676	4.459103	-6.631748	5.573456	6.392682	1.388371	-2.435176	5.756979	3.643839	6.479097	7.128058	5.260515	5.452045
18	3	29	6.842725	7.210081	4.459103	-18.019126	5.573285	6.394256	1.388069	3.704618	-3.314133	-4.878357	-14.391604	5.146803	-6.475391	-0.032906
18	3	42	6.842725	2.444684	3.249213	6.116424	-0.664649	-4.430492	0.783669	-7.903617	5.758986	3.643839	6.479099	7.128058	5.260515	5.452045
19	3	64	4.781272	1.832334	3.852135	-9.327503	-3.763505	3.438826	-6.748160	-1.799269	2.142216	-6.345859	-3.881223	3.436240	-9.528636	1.244893
19	3	32	4.781272	-2.734393	2.548380	6.909925	-8.695652	1.392338	-5.104985	-8.707773	7.400482	6.222087	6.687469	8.909235	5.860322	5.152382
19	3	4	4.781272	-2.730586	2.550464	6.882871	-8.769704	-4.510200	-1.877024	-6.716555	7.398661	6.222087	6.687463	8.909235	5.860322	5.152382
20	2	83	7.970155	5.391169	7.630867	-15.855637	6.729212	4.806389	-0.884065	3.562278	-5.150423	-3.603455	-12.005512	1.891279	-6.119127	2.768118
20	2	17	7.970155	0.877087	3.054734	9.626583	-2.356400	-12.174680	-0.111434	-1.263760	3.603622	6.212431	4.514921	6.802747	5.241446	6.128196
21	3	71	6.428229	6.808246	7.316712	-4.025912	-3.200361	-5.364118	1.964199	5.097607	-2.086415	-3.176358	-14.938917	1.930071	-10.885862	-0.353427
21	3	28	6.428229	1.026514	4.280706	7.111093	-4.099414	-11.476600	1.963881	2.021727	8.309704	9.518261	5.462461	7.720787	3.299343	5.910748
21	3	1	6.428229	7.398145	7.328194	-8.794367	2.235713	4.543569	0.955040	4.804909	-2.085690	-3.176350	-14.828683	1.930071	-10.885862	-0.343430
22	2	89	5.705240	5.603934	6.329607	-9.003831	2.172862	7.048686	-0.452401	1.240944	-0.979789	0.269142	-9.997331	0.746807	-13.585855	2.933272
22	2	11	5.705240	-0.472112	5.232260	-1.977136	2.841493	4.708829	0.906025	-0.394394	6.010337	6.723573	4.694999	5.121050	2.449201	6.723029
23	2	82	5.192408	-4.762910	-3.210041	10.489245	-6.956847	-11.126213	-2.470786	-7.375516	8.801170	6.352774	7.708463	5.822578	6.131810	6.112105
23	2	18	5.192408	-4.762909	-3.210041	3.515227	-6.956847	-11.126213	-2.470786	-1.393156	8.390565	-1.315753	-3.189445	0.801202	-3.459382	3.133297
24	2	87	5.490336	8.742415	6.608625	-5.312792	1.090778	-4.728680	1.649098	3.518350	-1.937745	-5.786677	-14.574912	-0.456374	-9.614434	1.470764
24	2	13	5.490336	2.719716	4.977905	8.661212	0.664590	-11.206482	1.638268	-0.550377	5.083003	6.799605	6.432222	5.527137	5.479160	7.211386
25	2	95	1.001807	-1.636821	2.037146	3.698781	0.433653	-10.387329	0.714677	-8.361398	8.519628	7.084329	6.285092	7.572108	7.503379	5.807101
25	2	5	1.001807	2.309782	2.264289	-15.008512	3.907291	2.391110	2.929359	4.787486	-0.460593	-1.966461	-13.490414	1.227373	-6.789086	-0.793997
26	1	100	4.963983	1.711872	5.805186	-3.425617	1.541107	-4.181867	-2.386734	1.956154	1.909093	-5.088061	-9.100990	0.287469	-12.619322	-0.235249
27	4	22	7.016033	7.372866	6.377961	-11.201679	1.540511	7.752934	-1.884043	-1.539130	1.957327	-3.409796	-7.086819	-1.820077	-7.775324	1.737914
27	4	13	7.016033	5.574798	6.377960	-0.767156	1.540512	7.751691	-1.884032	-8.020508	7.737742	5.495481	7.266842	3.660166	5.373137	7.436915
27	4	31	7.016033	1.544383	5.687038	10.890187	-5.588147	-9.569758	-1.902860	-12.295439	7.738916	5.495481	7.266842	3.660166	5.373137	7.436915
27	4	34	7.016033	4.587583	6.377937	0.577266	-4.710403	-3.570775	-1.905272	-5.608281	2.057195	-3.398242	-6.797693	-1.820075	-7.775324	1.737914
28	2	93	7.223846	6.385255	6.824352	-21.327312	8.954964	6.756903	2.558576	4.615198	-5.755503	-2.769338	-12.932348	3.076357	-12.493529	0.710036
28	2	7	7.223846	1.094676	1.468808	8.186861	-1.153750	-8.975290	2.103961	-5.154946	6.532083	7.491905	4.904869	7.449618	1.546828	5.279871
29	2	83	6.802540	1.300488	5.450057	0.124651	-6.804201	-5.097876	0.143251	1.294710	3.204424	-2.530677	-0.606668	6.508435	-1.796863	-1.808215
29	2	17	6.802540	5.382180	7.312218	-5.558866	-1.326121	3.454423	-2.373188	1.210830	3.433444	-2.418712	-0.553190	6.633609	-1.775596	-1.684855
30	2	59	5.516278	-1.404596	-1.743769	10.358443	-8.362784	-7.793330	0.696296	-4.685872	5.934608	7.943491	4.582831	6.549406	8.300178	6.183199
30	2	41	5.516278	-1.370277	-1.722146	-0.030056	-8.362784	-7.793330	0.696296	0.888214	2.636247	-2.556571	-7.450231	1.064268	-5.281558	0.078064
31	2	39	2.024283	-5.769519	-3.605763	9.461883	-0.258900	-4.141718	1.164445	-2.871696	5.434767	6.607394	7.320299	9.184266	6.393194	7.068411
31	2	61	2.024283	-3.818757	-3.421399	-1.035994	-0.239738	-4.133172	1.166918	1.672372	-6.357007	-3.475651	-9.419305	3.363039	-6.618810	1.943848
32	2	56	5.195008	1.565427	8.002767	1.957699	-0.479161	5.843995	-2.754640	-12.028451	3.244492	9.087328	4.830305	5.790482	7.740986	8.397573
32	2	44	5.195008	4.088441	8.467244	-9.468226	-0.415083	7.207435	-2.758091	-6.656901	-2.615796	2.506708	-5.668384	-0.395825	-5.206473	2.633181
33	3	86	8.550661	-0.448447	1.259979	8.204400	-11.138800	-2.102468	-0.211986	-8.354174	6.522908	7.512129	6.886015	4.380224	6.867745	4.762001
33	3	7	8.550661	3.538926	7.583663	-6.724732	0.255141	3.549173	-5.697681	-0.416284	0.426315	-3.989749	-5.339780	-1.159146	-5.273476	-1.235836
33	3	7	8.550661	3.355735	7.456693	-2.579502	-4.300636	0.110032	-0.919661	-2.841742	0.426882	-3.989749	-5.339691	-1.159125	-5.273474	-1.235836
34	4	27	3.955243	1.300577	4.725074	-0.543159	-6.145405	-9.582262	-0.170811	1.340672	1.145936	-5.687283	-5.113466	-0.261644	-9.407850	1.727925
34	4	27	3.955243	5.001126	6.889264	-17.131585	4.263037	6.482549	1.508183	6.934484	-2.883769	-5.690100	-10.568269	-0.356338	-9.462384	-0.852798
34	4	44	3.955243	-1.187755	3.154839	11.710239	-8.561846	-10.129454	-0.170782	-4.195188	8.640219	5.597205	7.548908	5.814659	5.241187	5.419346
34	4	2	3.955243	4.984669	6.883696	-3.974443	4.261766	6.482440	1.508154	1.398499	6.636528	5.596778	6.692155	5.814578	5.238009	5.416856
35	2	35	7.561100	6.573891	8.531738	-0.720078	-6.606996	-6.223268	-0.010150	-5.499772	2.053134	-1.378236	-7.184085	3.212444	-9.918551	0.929078
35	2	65	7.561100	1.706917	7.143605	10.450267	-6.799933	-10.580203	-0.010156	-9.223867	8.467805	8.537447	6.168308	7.924094	5.617627	6.541244
36	5	61	2.279707	1.091890	-0.064476	6.358043	-3.930695	-13.375247	0.777402	-3.367196	6.604370	6.831010	9.531114	6.979756	7.837755	9.147748
36	5	16	2.279707	4.691864	5.700920	-16.138367	1.158451	-3.716638	3.154579	5.808278	-1.995495	-2.776289	-6.294997	4.467556	-2.547905	4.647412
36	5	20	2.279707	4.691864	5.700920	-10.281786	1.158451	-3.716638	3.154579	5.240041	2.417146	6.718512	-0.115128	6.465398	5.398947	8.393559
36	5	1	2.279707	4.691864	5.700920	-16.220122	6.016932	3.652447	2.433335	7.253917	2.412827	6.683799	-0.181796	6.348188	5.210144	8.366531
36	5	2	2.279707	4.691864	5.700920	-21.926189	6.016932	3.652447	2.433335	7.800788	-2.000035	-2.776298	-6.313936	4.467556	-2.562948	4.639727
37	2	69	6.704599	3.000917	5.556208	-4.441622	-3.140095	-5.483278	1.010008	3.494013	-5.095328	-5.444733	-11.648412	1.279568	-11.919265	2.346919
37	2	31	6.704599	-2.765844	2.914195	9.193626	-5.725402	-9.630782	1.010008	-3.005012	5.405517	6.440881	5.924114	7.627574	6.935309	6.610078
38	2	85	4.816949	2.330908	-5.179011	-6.837359	-5.725050	-1.568085	2.495813	1.506830	-4.408834	-0.703534	-9.949022	3.770228	-11.864971	0.950465
38	2	15	4.816949	-4.023084	-5.231541	3.464477	-6.004428	-4.950886	2.495928	-3.940108	2.590831	8.913861	2.248100	9.048832	5.072342	6.693899
39	1	100	6.761288	3.148625	6.031933	6.564524	-4.382717	-6.045564	0.872259	-8.146815	7.361933	2.405937	4.575303	5.226287	-0.586901	5.905470
40	2	64	3.698270	-5.622981	2.015056	10.942910	-7.974366	-8.616631	-0.316756	-5.998819	6.153861	6.022164	6.663399	7.019679	4.804352	3.413070
40	2	36	3.698270	-0.071190	2.015085	-6.594006	-7.974337	-8.565158	-0.316786	-0.073049	-1.153619	-6.463954	-13.548202	0.836797	-4.959757	-2.410604
41	4	44	7.781885	7.302815	8.576364	-7.867982	-5.760876	-1.766168	0.221831	-1.129784	1.024954	-8.015134	-8.662850	-0.101374	-2.985541	-1.476677
41	4	10	7.781885	7.232065	8.576284	-4.730760	-2.128748	4.669235	-3.307381	-12.208497	4.658025	4.723930	5.882273	6.491591	4.755223	4.843929
41	4	35	7.781885	7.312054	8.576374	-14.435509	-2.128745	4.670631	-3.308247	-7.003377	1.025520	-8.015134	-8.518550	-0.101374	-2.985541	-1.476677
41	4	11	7.781885	4.738925	8.475212	1.831797	-5.701491	-2.201190	0.271865	-6.311935	4.658025	4.723930	5.878155	6.491591	4.755223	4.843929
42	1	100	5.833672	6.542246	6.189264	-3.485174	-4.520356	-4.195548	-0.863516	-1.920098	5.984215	-5.430531	-4.337457	1.980882	-11.759693	-1.155894
43	4	39	5.372864	-2.445717	1.722806	10.620933	-5.424141	-12.887494	-0.549879	-10.700811	6.096349	6.259621	5.502643	5.563650	6.465254	5.733794
43	4	47	5.372864	3.561784	8.179466	-1.651785	-1.510407	-6.892840	-0.512662	-4.793989	2.487963	0.968048	-4.228076	-0.162712	-2.674770	-0.783444
43	4	9	5.372864	3.565994	8.179468	-15.453653	4.695286	4.129813	0.588989	1.965249	2.305557	-2.805849	-5.319304	-0.164707	-4.396596	-0.783444
43	4	5	5.372864	3.504909	8.179435	-1.003731	4.698453	4.094596	0.597839	-3.808378	6.096349	6.259620	5.481213	5.563647	6.465252	5.733794
44	1	100	6.722461	7.175735	8.655569	-15.701751	8.973636	5.785025	2.326505	6.389096	-5.761834	-4.142756	-15.809328	-0.600243	-1.040956	0.631891
45	3	25	6.347942	3.320314	6.626476	-18.791879	5.110815	6.026322	1.345966	5.137025	-3.052535	-5.715371	-10.662866	0.800112	-5.426592	-1.593573
45	3	46	6.347942	-2.753730	1.778230	10.205552	-6.538123	-8.046421	-1.689692	-6.917742	5.884790	6.678202	8.732876	6.723771	5.617641	4.263515
45	3	29	6.347942	-2.695462	1.778275	-0.299333	-6.537014	-8.046421	-1.689692	-1.480572	0.616896	-5.712668	-6.675062	0.810477	-5.422974	-1.591945
46	2	95	7.082767	6.904535	6.419554	-6.707349	-4.927211	-5.461250	-2.135049	2.497948	-3.615744	-8.086521	-14.014451	0.807426	-12.903487	-1.157693
46	2	5	7.082767	2.053764	0.116459	9.006919	-10.614841	-6.929051	-2.135049	-0.749872	7.236237	4.470342	4.327841	6.983615	5.389628	4.488595
47	3	50	3.471836	-3.801208	0.156357	5.974030	-3.002469	-5.222162	2.417898	-4.324363	7.629414	5.799595	5.398532	7.472600	6.874043	7.856509
47	3	34	3.471836	1.409996	0.234183	-15.046922	3.303369	5.843556	2.953330	6.182443	-3.064172	-4.448362	-12.956745	1.308325	-6.335983	2.884781
47	3	16	3.471836	-3.798941	0.156357	-2.924082	-3.002469	-5.221697	2.417898	1.628240	4.286715	-4.448091	-8.009053	1.308325	-6.334587	2.885412
48	2	46	6.374242	3.578594	5.814159	-2.490428	-3.403453	-5.938379	-0.507911	-7.547491	1.229480	-6.403707	-8.151740	5.441780	-4.086639	-0.469581
48	2	54	6.374242	0.193247	3.511079	7.374389	-3.694377	-8.253561	-0.508097	-13.179552	7.797926	6.062417	5.921705	7.895256	6.479137	6.021055
49	2	87	6.193708	-1.219999	-1.483259	5.662555	-5.261374	-4.861350	0.538492	-4.640056	6.694560	6.366870	6.444540	5.725408	5.126386	5.348585
49	2	13	6.193708	4.560690	4.844832	-9.264652	0.526120	6.414711	-5.258105	2.485236	-0.188804	-6.599287	-7.278006	1.031754	-10.037794	1.386108
50	2	31	6.667242	1.954037	6.061623	7.725131	-0.092652	-3.241496	0.280524	0.174596	6.921818	7.166583	4.350967	6.109315	5.484280	6.884817
50	2	69	6.667242	8.314432	7.393480	-11.976547	4.297263	6.663563	-0.576456	6.264946	-2.837458	1.352085	-17.316552	0.814376	-9.347733	0.807559
51	2	81	7.115805	7.025152	7.189652	-2.037322	-2.003789	-1.366892	0.835166	6.153087	-7.519577	-5.920842	-13.904259	0.838169	-9.985367	3.314781
51	2	19	7.115805	3.719540	7.189652	0.888684	-2.330693	4.106480	-1.515960	0.941214	-4.702783	-5.920842	-13.904209	0.838169	-9.985367	3.314781
52	3	81	8.097847	5.919137	6.585361	-8.860193	6.565242	-2.966361	1.702250	6.059964	-0.869533	-2.945522	-16.334032	2.187387	-3.243369	0.846940
52	3	8	8.097847	5.919137	6.585361	-10.422125	6.815925	2.975418	1.269544	5.575856	-0.556823	-2.945522	-16.333048	2.187387	-3.243369	0.846940
52	3	11	8.097847	-0.639082	0.770735	4.319034	3.248495	-4.891256	1.702480	-0.669916	6.590404	8.261817	3.606087	7.534784	4.652225	6.077816
53	4	13	6.527172	1.751982	3.786651	7.010056	-4.451785	-4.303324	1.571703	-10.361388	7.435959	5.225152	5.615843	5.139011	2.804039	5.040342
53	4	11	6.527172	1.751982	3.786651	4.948437	-0.410833	2.030961	1.370266	-4.012105	7.435958	5.225152	5.615843	5.139011	2.804039	5.040342
53	4	46	6.527172	7.274935	7.382931	-1.627438	-3.834801	-4.090354	1.571703	-3.919095	1.722401	-6.636912	-7.017555	-0.662132	-12.850655	-1.418225
53	4	30	6.527172	7.328294	7.383689	-4.415402	-0.355640	2.466192	0.826749	2.397113	-3.779213	-6.636915	-9.010884	-0.813561	-12.850700	-1.418235
54	4	58	4.934210	-2.321923	1.380290	9.141678	-5.914733	-12.736762	1.571516	-7.220189	6.038407	5.349668	7.501107	5.581594	5.142919	6.948695
54	4	28	4.934210	-2.320635	1.380290	1.121539	-5.914732	-12.722328	1.571516	-0.776343	1.328688	-5.258264	-1.908440	-0.548516	-10.117639	1.360312
54	4	12	4.934210	3.957482	5.514445	-4.920240	-0.290973	-6.140571	1.728183	4.596757	-2.801062	-6.634164	-8.377435	-0.835259	-10.148795	1.358689
54	4	2	4.934210	3.957581	5.514675	-16.373836	5.322223	5.929970	1.074601	5.254260	-3.193438	-6.634177	-8.411350	-0.835259	-10.148795	1.358689
55	4	32	7.185318	3.931638	6.768363	8.509231	-1.160263	-5.804709	-0.900519	-12.273453	4.615140	7.392430	6.654018	8.822718	7.871661	7.455768
55	4	9	7.185318	5.252487	6.779681	-15.200461	5.801536	4.241267	-0.550636	0.357566	-2.043871	-3.473360	-8.851375	3.382028	-7.481251	2.518994
55	4	56	7.185318	5.108659	6.779410	-3.017739	-1.163597	-5.140368	-0.905067	-6.328824	-1.484102	-3.473360	-7.777961	3.382028	-7.481255	2.518992
55	4	3	7.185318	5.149432	6.779495	-3.550590	5.802725	4.233728	-0.549834	-5.605292	4.607516	7.392430	6.652241	8.822718	7.871661	7.455768
56	5	40	2.951426	1.643567	2.612300	-6.935734	1.707859	-1.764182	1.701437	2.128967	1.776810	-6.861324	-16.220777	-2.040711	-11.710150	2.402661
56	5	8	2.951426	-4.136358	2.358764	8.307443	-0.058336	-7.485854	1.686996	-0.240665	6.386226	3.379512	4.881459	4.081843	2.160313	8.804582
56	5	43	2.951426	-1.600951	2.359099	0.790365	-0.032864	-6.985963	1.688263	1.074005	1.783564	-6.858207	-15.158520	-2.040711	-11.707192	2.402661
56	5	8	2.951426	-4.136257	2.358764	4.841812	-4.195906	-8.643151	-3.475436	-5.249014	1.798027	-6.709057	-10.380550	-2.040711	-11.564761	2.402662
56	5	1	2.951426	-4.136358	2.358764	10.554278	-4.195906	-8.643159	-3.475436	-6.544878	6.393873	3.381430	5.149184	4.081893	2.165229	8.804677
57	2	50	5.364635	-6.477743	1.771776	9.501423	-9.025678	-10.553819	-0.932167	-8.766137	7.235439	7.821619	3.710650	8.637635	5.679076	6.751305
57	2	50	5.364635	0.152004	3.886287	-3.108268	-8.985667	-6.724396	-0.933488	-2.716467	2.220231	-1.226353	-8.025784	2.188570	-4.979095	2.403136
58	1	100	2.721447	-3.304186	4.056191	-3.682376	-6.631837	-2.547380	-2.646510	-1.149854	0.997961	-4.262135	-6.734613	-0.223699	-9.340399	4.888220
59	3	83	8.152253	3.194608	6.167959	-15.508732	4.451752	4.774785	-0.730919	3.235163	-3.414933	-2.216150	-13.495956	5.689069	-1.334514	2.630972
59	3	14	8.152253	-0.783039	1.366778	3.720701	4.649148	1.938130	0.799753	-2.042938	9.120644	4.941739	2.694788	6.491935	6.673415	7.676291
59	3	3	8.152253	-1.913762	1.366771	8.763543	-2.544243	-7.323364	-0.169016	-4.233502	9.120701	4.943704	3.762929	6.520191	6.760190	7.677031
60	2	76	5.268410	-4.081786	1.410260	1.423190	-12.872321	-5.504992	-3.947892	-2.289298	-1.232874	-7.797425	-8.003846	5.960655	-4.825438	-1.258443
60	2	24	5.268410	-4.170422	1.390633	11.107238	-12.872321	-5.504993	-3.947892	-6.151047	4.641856	4.603481	6.184634	6.935256	5.000245	3.654399
61	3	67	6.395359	-1.651554	0.526047	7.268006	-7.313837	-9.454411	1.519648	-5.082217	8.621899	3.391410	7.328205	4.042675	-1.464965	5.104814
61	3	30	6.395359	1.783615	1.185070	-2.255558	-7.313837	-9.232715	1.519648	-1.713723	4.725852	-2.292663	-1.371198	2.174659	-6.336800	5.081869
61	3	3	6.395359	3.253376	6.222050	-10.945057	3.578529	6.259984	2.021413	4.104087	-0.906713	-4.669764	-8.217867	-2.070414	-9.834783	-0.189733
62	2	61	6.398533	5.945633	6.123950	-8.054168	-1.798521	-5.102455	1.314116	2.405450	-1.951516	-6.217112	-11.346497	1.476737	-4.784696	0.498749
62	2	39	6.398533	1.410067	3.999804	3.624821	-1.806432	-8.645566	1.314292	-1.252881	7.224252	6.431645	6.729980	7.400079	6.957897	7.135896
63	10	1	6.103669	8.826244	1.224087	-4.599013	1.701693	2.318252	-0.881683	-4.008412	5.162548	0.399491	-3.623546	5.489439	-2.014742	-0.045728
63	10	2	6.103669	8.826244	1.224087	-5.396605	2.341113	3.986606	0.543372	-0.633969	1.551813	-5.479365	-7.660451	2.599364	-9.797656	-0.057872
63	10	25	6.103669	3.467593	0.906753	9.683827	-5.611441	-6.372376	-1.314952	-11.047309	7.372784	6.431272	5.833264	7.321256	6.901912	6.584726
63	10	2	6.103669	8.826244	1.224087	-4.580934	1.667581	2.193682	-0.710779	-4.055478	1.553166	-5.480602	-7.355638	2.605219	-9.773418	-0.057872
63	10	12	6.103669	3.470491	0.908428	1.500026	-5.610821	-6.366319	-1.314758	-4.635881	1.555716	-5.458283	-7.293630	2.716447	-9.596401	-0.057870
63	10	2	6.103669	8.826244	1.224087	-4.749809	1.572172	1.513660	1.043525	-2.881831	5.331638	0.530169	-3.580541	5.535871	-1.921342	-0.043625
63	10	3	6.103669	3.467602	0.906759	3.440763	1.726834	1.561963	0.619047	-10.006023	7.372784	6.431272	5.832620	7.321246	6.901905	6.584726
63	10	4	6.103669	3.467607	0.906760	2.748232	2.395815	4.007342	-0.303915	-7.933868	7.372784	6.431272	5.826298	7.321233	6.901872	6.584726
63	10	7	6.103669	3.467604	0.906760	3.446394	1.912546	2.392484	-0.969575	-10.071519	7.372784	6.431272	5.831929	7.321241	6.901898	6.584726
63	10	5	6.103669	3.467606	0.906759	2.566313	2.534346	4.187322	0.202661	-6.872347	7.372784	6.431272	5.823524	7.321235	6.901872	6.584726
64	2	72	8.329321	5.965352	6.603681	-14.030393	2.440541	6.320486	-2.020002	4.029906	-8.352097	-5.730086	-12.319150	-3.981191	-9.209749	1.605008
64	2	28	8.329321	5.965352	6.603681	-8.128195	0.522097	-1.333763	-0.134831	4.869092	-8.352130	-5.730088	-12.590978	-3.981191	-9.211466	1.605008
65	3	6	7.414080	-2.417917	3.552745	10.791124	0.569893	-8.362824	0.797352	-2.816742	5.388388	1.939464	6.985200	6.882262	6.206866	7.872305
65	3	89	7.414080	4.064569	8.123522	-10.699268	7.954374	5.210090	0.794191	7.083289	-3.229472	-8.216573	-14.275980	0.756644	-9.255470	1.321578
65	3	5	7.414080	1.225244	6.269326	1.457743	7.933628	5.068721	0.801473	0.764854	5.178896	1.939463	6.517808	6.882040	6.206809	7.872304
66	3	81	6.576104	0.582747	0.440505	4.667738	-9.179829	-11.372162	-0.279565	-4.816586	1.161653	-5.092244	-10.353772	0.897345	-12.161537	2.231129
66	3	10	6.576104	0.579356	0.440466	10.695942	-9.179829	-11.372163	-0.279565	-9.457477	6.651791	7.002919	2.816409	6.663786	5.180060	8.601954
66	3	9	6.576104	6.277254	6.188416	-7.309452	4.406419	4.580255	0.693238	3.413346	-1.096170	-5.092270	-17.598999	0.897345	-12.161537	2.231129
67	3	59	6.350075	4.297431	6.413285	-7.226306	-3.486466	-4.995400	1.895752	2.735043	-0.282520	0.817337	-9.674883	-0.132258	-9.280768	-1.658437
67	3	35	6.350075	-1.171119	2.235126	8.412870	-6.128215	-8.120730	1.895752	-3.300460	7.220976	6.308434	6.012026	6.461105	6.721125	4.870407
67	3	6	6.350075	4.307325	6.415138	-12.210384	2.575907	4.711094	1.092058	5.705628	-2.459292	0.817337	-11.128035	-0.132258	-9.280768	-1.658437
68	2	24	6.547986	2.344206	4.316268	7.940825	-5.655656	-5.126386	0.001980	-1.831071	3.618294	6.197168	4.325238	6.410958	8.009058	8.084129
68	2	76	6.547986	5.639258	4.569074	-7.637965	-5.009040	-5.125809	0.002224	3.083891	-4.227173	-3.785575	-13.347473	1.908284	-4.726064	1.479733
69	2	48	4.692474	1.814484	2.572714	3.316133	-12.722305	-11.766297	-2.936691	-0.411944	2.034892	-5.925239	-10.998527	-3.093981	-1.218904	0.606971
69	2	52	4.692474	1.718044	2.522427	11.052076	-12.775918	-11.780836	-2.936691	-1.807695	7.327307	5.580648	6.801136	2.110849	5.068731	6.745196
70	2	51	6.675963	1.777776	5.375695	3.279506	3.107990	7.943606	0.593176	0.187045	6.484016	6.829853	6.985608	5.030667	4.514366	3.139053
70	2	49	6.675963	7.599790	7.667214	-12.212599	3.092730	8.682853	0.585688	6.114359	-3.651000	-3.332035	-12.442527	-1.368813	-5.618218	1.497465
71	2	84	6.751528	4.124443	6.193785	-13.252159	3.132519	6.155703	0.293624	8.825500	-5.371481	2.150879	-10.825647	3.525955	-10.258326	-2.391682
71	2	16	6.751528	1.271768	5.153542	8.027295	-2.962434	-5.146297	1.538755	-0.617220	4.859903	9.016461	6.368850	7.216480	3.159610	3.750733
72	3	70	2.769029	1.784872	1.584123	-6.081660	-1.744446	-2.836420	1.922328	1.944171	-1.694723	-5.106051	-9.827733	0.952231	-6.488559	1.009102
72	3	10	2.769029	1.785167	1.584432	-18.025426	3.947215	3.981715	1.763344	7.627514	-2.071712	-5.106055	-13.623278	0.952231	-6.488584	1.009071
72	3	20	2.769029	-4.646739	0.959101	7.730322	-2.111995	-6.386091	1.879018	-3.682527	7.542270	6.408839	4.868982	6.893974	6.198478	6.718645
73	3	93	6.156746	-0.254787	1.807227	10.756793	-6.127133	-11.576865	-0.796694	-9.305630	7.402357	6.147870	6.515630	7.714319	6.674116	9.430778
73	3	3	6.156746	6.353396	7.282852	-6.868167	2.355903	5.974776	-0.964504	0.342968	1.615427	-2.609759	-6.660098	2.056203	-3.574172	3.644826
73	3	4	6.156746	2.130169	2.675568	0.546504	-5.473154	-11.141484	-0.796688	-4.116592	1.616008	-2.609726	-6.086017	2.072345	-3.116167	3.645237
74	2	86	6.374796	-2.748245	3.680791	0.705076	-7.572594	-3.944101	-0.169053	-1.666672	-0.134797	-10.098761	-10.418882	2.672518	-10.948413	-0.340174
74	2	14	6.374796	-2.748252	3.680791	4.407931	-7.572594	-3.944101	-0.169053	-4.369888	6.355218	1.954413	1.983486	8.250225	4.788617	5.001399
75	6	64	7.877539	7.351898	5.514582	-10.893255	0.105713	-4.571967	2.573220	2.594311	-2.114321	-5.504664	-8.660877	0.423686	-2.715204	5.315248
75	6	24	7.877539	7.351898	5.514582	-17.639012	5.242150	5.269278	0.336595	4.675499	-2.130788	-5.504664	-11.102609	0.423686	-2.721721	5.308337
75	6	5	7.877539	7.351898	5.514582	-10.305121	5.242150	5.269278	0.336595	-1.245121	5.546385	-2.135335	0.294317	5.221196	2.679044	6.267138
75	6	2	7.877539	7.345626	5.514582	-2.972120	0.105713	-4.571968	2.573220	-3.326105	5.550533	-2.130604	0.295256	5.223058	2.682750	6.267285
75	6	4	7.877539	1.460665	5.334701	2.300298	0.056271	-9.804970	2.577883	-3.456853	6.626563	2.434824	3.581541	6.236810	5.806162	6.527100
75	6	1	7.877539	7.351893	5.514582	-5.026569	5.242150	5.269278	0.336595	-1.249747	6.625339	2.434824	3.580768	6.236809	5.806159	6.527079
76	3	18	6.303692	4.148092	5.804978	-14.039085	2.876979	4.646181	-1.256164	2.109284	-1.613818	-3.230799	-12.548526	2.584100	-5.327567	-0.175152
76	3	37	6.303692	4.015983	5.680872	-3.976979	1.303128	-2.174228	0.145506	-0.613060	-0.430216	-3.214780	-8.790355	2.584100	-5.313489	-0.051198
76	3	45	6.303692	-1.280629	-0.314395	9.313109	-5.014050	-11.966766	-0.808095	-7.111254	5.052967	5.782413	7.359940	5.919833	5.947769	6.097334
77	3	34	5.017312	4.207991	6.647400	-2.792325	0.546634	-0.942721	0.911651	-1.836042	1.901984	-7.296072	-8.366111	2.198611	-4.197819	1.007652
77	3	7	5.017312	4.218925	6.647400	-12.299174	3.753307	6.369367	-0.864286	-0.117444	1.873537	-7.296096	-8.410614	2.198610	-4.198310	1.007653
77	3	59	5.017312	-1.773673	5.479287	9.083801	-3.148116	-10.045863	-0.953966	-10.110068	6.776394	5.312128	6.919541	7.582107	7.595456	7.466062
78	2	40	4.525408	-4.187064	-0.453182	4.880865	-12.467928	-7.948320	0.628445	-8.919742	3.992396	7.217907	3.880665	8.154485	4.014065	7.254737
78	2	60	4.525408	1.465661	-0.396481	-5.690143	-12.467308	-7.948219	0.628445	-4.906611	0.260462	-5.576704	-8.830194	1.966278	-7.630915	3.895216
79	2	51	7.409374	2.916990	4.775046	-10.641750	-2.089294	-5.768456	2.109580	2.073797	-2.747329	-3.468539	-8.571398	2.719232	-10.752069	1.425468
79	2	49	7.409374	1.878768	2.736384	-0.093910	-5.066220	-6.532297	2.115835	-3.726957	6.632316	7.057742	8.985536	5.311741	3.812800	5.420588
80	3	28	6.193823	4.216696	6.511047	-11.994362	5.998911	7.413610	0.775203	-1.483048	7.349482	6.274813	7.518828	6.753357	6.788541	7.726766
80	3	46	6.193823	4.216696	6.511047	-23.126760	5.998911	7.413610	0.775203	4.854729	-3.248438	-4.589067	-12.827110	1.955637	-4.705622	5.584511
80	3	26	6.193823	-0.661708	1.643373	5.196582	-5.552531	-9.700866	0.371895	-8.561676	7.349483	6.274813	7.518835	6.753357	6.788541	7.726766
81	7	28	7.294037	6.391791	7.804279	-2.365886	-2.442327	-6.087432	0.644623	1.819041	-1.637055	-5.785707	-9.179027	4.079794	-9.757222	2.110566
81	7	39	7.294037	6.713914	7.845573	-15.115568	4.846114	-0.198854	2.854584	7.052559	-7.754930	-5.898192	-14.942718	4.079794	-10.131547	2.110566
81	7	19	7.294037	2.821649	6.478963	11.260080	-3.024833	-11.382748	0.647286	-3.609693	5.410396	5.910226	6.699049	7.339136	5.919359	8.401878
81	7	7	7.294037	6.713951	7.845578	-16.820531	6.631985	5.388824	2.089484	6.437622	-7.754412	-5.898192	-14.942717	4.079794	-10.131547	2.110566
81	7	3	7.294037	4.807252	7.447165	1.383628	4.770874	-0.298787	2.857387	1.616362	5.143908	5.907427	6.498771	7.339136	5.918548	8.401878
81	7	2	7.294037	2.946239	6.558144	6.696815	0.693994	-8.952091	2.828307	1.121018	5.358663	5.909853	6.670731	7.339136	5.919251	8.401878
81	7	2	7.294037	5.839021	7.712391	-0.566100	6.631100	5.386070	2.090351	1.003392	5.375773	5.909991	6.681149	7.339136	5.919291	8.401878
82	4	30	7.409722	8.380387	8.226730	-9.514145	4.899310	8.477815	-0.767763	-2.775831	0.388615	-4.339306	-4.018997	1.675814	-6.909013	0.937767
82	4	21	7.409722	2.490542	3.996354	9.634563	-6.512394	-9.879523	0.581698	-5.625322	6.891377	6.469995	6.248695	7.135900	2.324916	7.311717
82	4	17	7.409722	4.930463	7.995526	0.191227	4.899186	8.387439	-0.767764	-8.294109	6.891377	6.469995	6.248695	7.135900	2.324916	7.311717
82	4	32	7.409722	8.380094	8.226730	-2.450285	-1.031886	-3.535050	0.585822	2.232237	-1.604127	-4.343509	-15.053619	1.528183	-9.813424	0.933797
83	1	100	6.349497	2.355571	-1.382302	-6.481487	-4.089677	-10.070227	1.367776	2.615586	-8.545962	-3.517140	-14.673049	-0.765244	-6.093909	1.828991
84	2	32	0.475732	-0.706739	-0.026627	4.695904	-5.848030	-10.702047	1.455609	-5.894663	6.446935	7.995157	6.997908	3.069751	3.625603	5.749987
84	2	68	0.475732	0.698443	0.008302	-6.288771	-5.846415	-10.117623	1.455827	0.025284	0.163876	-4.728563	-10.365502	-1.306772	-6.810404	0.457314
85	6	22	8.716018	6.731646	6.675837	-20.143668	5.843971	7.343993	1.206260	4.537891	-3.110574	-5.302104	-15.901371	4.692697	-3.838889	4.404136
85	6	39	8.716018	0.190065	0.845477	10.867377	-11.665619	-3.579715	-1.406838	-9.474961	6.153234	7.362268	6.477455	7.576193	5.460623	7.658692
85	6	21	8.716018	2.274704	5.040341	0.726253	-7.229334	-2.072698	-1.407981	-4.196230	0.615184	-5.302101	-10.058919	4.734423	-3.756698	4.404136
85	6	14	8.716018	6.731583	6.675837	-5.685232	-0.163225	7.021632	-3.272076	-2.606025	0.495380	-5.302102	-10.209727	4.730280	-3.764644	4.404136
85	6	1	8.716018	6.731646	6.675837	-9.659684	5.843971	7.343993	1.206260	2.364355	3.874884	7.356692	1.688407	7.504267	5.200822	7.612221
85	6	3	8.716018	6.730181	6.675837	-4.175513	5.843972	7.343900	1.206261	-0.596199	5.531444	7.362268	6.100156	7.575359	5.460366	7.658692
86	4	25	6.601005	1.361686	3.100818	5.463073	-3.441126	-2.483799	1.410321	-6.058331	6.473027	4.726291	6.700525	6.116731	6.073067	9.400666
86	4	32	6.601005	7.113769	5.607096	-20.927898	5.297584	6.322344	1.246118	5.952227	-6.044085	-5.739823	-17.799463	-0.494869	-5.428523	5.842049
86	4	5	6.601005	7.113769	5.607096	-7.598140	5.297584	6.322344	1.246118	-0.259185	6.472689	4.726291	6.698886	6.116731	6.073066	9.400666
86	4	38	6.601005	7.113769	5.607096	-4.833084	-0.803718	-2.473777	1.410001	0.186367	-0.027828	-5.739823	-11.326302	-0.494869	-5.428510	5.842051
87	4	66	6.831989	6.644767	6.783091	-12.270578	4.553065	8.099685	0.831089	3.657694	-6.464008	-3.714155	-12.846705	0.211061	-10.549406	1.029356
87	4	30	6.831989	1.937637	0.845329	5.079166	-3.318816	3.157097	-1.239781	-8.297340	3.947235	5.696843	6.784630	6.194199	7.755033	6.551956
87	4	3	6.831989	1.937182	0.845056	9.806781	-4.677565	-3.765030	0.538640	-5.433403	3.947235	5.696843	6.784630	6.194199	7.755033	6.551956
87	4	1	6.831989	2.234793	1.097997	0.321444	-4.388821	-3.469530	0.538641	-0.865988	-2.482121	-3.714155	-9.805466	0.211061	-9.852416	1.029356
88	2	84	6.317503	7.066681	9.370095	-3.410449	-3.906885	-2.437612	-1.196063	-0.918861	0.828946	-2.094095	-12.559431	1.242910	-7.065634	-0.439995
88	2	16	6.317503	1.664937	3.573938	6.811947	-4.834333	-8.907283	-1.198612	-7.474389	7.254290	6.366423	3.098469	7.288764	6.128878	5.996142
89	1	100	9.184843	3.168178	3.129641	8.551347	-10.970571	-3.601439	0.134986	-9.429776	5.547355	7.723330	7.662240	6.510313	6.409483	5.054739
90	3	75	8.239177	4.860205	6.697829	-6.769647	-0.712299	-5.391479	4.449000	-0.507731	-2.002174	-3.008361	-14.942265	-0.489213	-11.114080	-0.046756
90	3	17	8.239177	4.860205	6.697829	-16.209072	4.375269	0.622372	4.182660	4.902665	-8.581496	-3.008361	-20.820078	-0.489213	-11.114139	-0.049059
90	3	8	8.239177	4.860205	6.697829	-20.903946	5.808426	4.248182	2.491829	4.922332	-8.583352	-3.008361	-20.820089	-0.489213	-11.114139	-0.049059
91	3	68	4.274401	5.859435	5.614539	-12.263965	5.912513	-0.562426	1.589635	7.043590	-5.524441	-6.995266	-15.553016	0.565985	-6.609037	1.811405
91	3	30	4.274401	5.859435	5.614539	-16.723030	5.935681	6.018500	-0.930121	6.171051	-5.509098	-6.995275	-15.553006	0.565985	-6.609028	1.811405
91	3	2	4.274401	0.116099	0.174963	7.730897	-2.734412	-8.937646	-0.763632	-2.622429	5.962444	3.904210	4.400328	6.699594	7.554909	6.747190
92	2	82	6.866585	6.730914	6.642503	-21.417094	6.410105	5.634573	1.122075	5.165616	-1.581448	-1.558581	-15.840854	-0.448879	-8.246720	1.771506
92	2	18	6.866585	0.127126	0.542592	7.361596	-1.958318	-5.885117	0.758206	-0.722498	7.601183	6.976389	4.790075	6.139590	3.825518	5.766828
93	1	100	7.190796	3.728113	6.773993	-14.623113	5.292559	-0.439349	3.018224	6.075829	-8.657286	0.142925	-17.925778	0.142800	-14.411313	-1.063738
94	3	23	5.923543	5.796192	6.860116	-1.676048	-3.120732	-4.059568	0.827191	-1.493185	0.699222	-5.612710	-7.309212	2.724070	-8.175315	0.500203
94	3	39	5.923543	1.527906	3.141833	10.566717	-7.155537	-4.852796	0.833777	-8.026293	6.468123	6.654333	7.691860	7.246860	3.653307	6.630898
94	3	38	5.923543	5.844076	6.860596	-8.819357	2.173553	7.597018	0.846912	0.611620	0.582124	-5.612744	-7.603917	2.723868	-8.176063	0.500203
95	2	39	7.648195	0.595377	4.305198	11.241805	-8.649053	-10.240226	-1.465642	-0.396441	6.818619	7.661508	7.856809	7.031013	5.460227	7.812966
95	2	61	7.648195	6.068335	5.252257	-4.138846	-1.247578	1.297972	-1.492827	3.892255	-3.062367	-2.232115	-11.806502	0.406992	-5.655267	2.327261
96	2	60	5.770811	0.742517	5.876984	-4.081450	4.198952	-3.287806	0.717575	8.443848	-6.456188	-6.907131	-13.835268	2.736436	-10.316024	1.817565
96	2	40	5.770811	0.743052	5.876997	-6.774134	6.226948	3.097923	0.153258	8.472662	-6.457453	-6.907131	-13.835268	2.736436	-10.316024	1.817565
97	3	63	5.835360	4.890858	6.284026	-4.727448	-3.105141	-3.323948	0.556881	-0.567983	-0.965777	-4.442615	-10.520784	3.105683	-7.305509	0.119739
97	3	25	5.835360	-0.634557	0.465954	8.502968	-7.277486	-8.475094	0.556881	-4.167841	5.265414	6.239213	6.329944	9.342291	5.673997	6.035323
97	3	12	5.835360	4.893331	6.285126	-12.873604	4.551807	4.579293	1.352442	5.330993	-6.791858	-4.442615	-13.634164	3.105683	-7.305509	0.119739
98	3	80	6.575424	1.810922	6.360650	-13.220191	6.271187	5.256467	1.023475	3.268085	-1.585858	-0.390093	-20.331096	0.160637	-9.110391	1.408558
98	3	17	6.575424	-2.466975	0.380023	5.957433	-5.228150	-9.798148	-0.219655	-4.046407	0.709598	-0.390093	-15.338846	0.160637	-9.110391	1.409024
98	3	3	6.575424	-2.962933	0.379233	10.296472	-5.228256	-10.144386	-0.219669	-7.496516	7.326359	6.178025	1.575481	6.010163	0.980769	4.824067
99	2	50	5.359684	5.376820	8.416602	-9.168953	3.586261	8.122925	0.223392	0.437875	1.241541	-2.393624	-15.466114	-0.361512	-10.885062	0.011300
99	2	50	5.359684	5.020787	8.406426	-2.149806	-2.028961	-0.935721	1.523522	0.949319	0.938763	-2.393624	-17.228572	-0.361512	-10.885062	0.010352
100	1	100	7.785482	-1.337606	-0.307071	1.321077	-7.782559	-10.137949	-1.296420	-2.819610	5.042510	-4.628583	-0.980042	3.273807	-3.339174	2.863241
