1	1	100	8.014736	4.964992	3.977928	0.139621	0.977432	-4.084137	3.277802	2.822502	3.219746	-3.312574	-0.535071	1.421216
2	1	100	6.603809	2.611655	2.425020	5.116709	2.314965	6.014291	3.589263	-4.425776	1.394836	-2.646844	0.796809	-2.086884
3	1	100	2.261413	2.153768	4.927601	9.113566	1.715382	6.451793	6.350725	-1.592633	1.512978	-0.532899	1.736294	1.085190
4	1	100	5.926719	5.943569	2.793849	6.015505	4.012590	-2.580759	3.255004	-1.576522	-1.580631	1.503525	2.661305	0.356164
5	1	100	6.604560	4.899067	-3.022454	2.594594	3.323275	0.423442	-3.249342	5.428258	2.865330	-0.519356	1.223090	1.141781
6	1	100	8.142895	4.444543	2.214297	0.848506	3.241512	-1.557885	-3.072405	6.437838	2.275817	0.352927	6.224614	2.419340
7	10	7	7.206831	4.278770	1.196525	1.013275	1.121270	-10.457759	-2.914481	3.501290	2.254857	-1.330125	3.726243	3.772622
7	10	10	7.206831	4.278770	3.779496	1.214726	1.342659	-6.688587	-1.952382	1.934763	1.942454	0.969072	3.492952	3.363267
7	10	15	7.206831	4.278770	3.713837	1.214676	1.307558	-6.377026	-1.583962	1.744422	1.924907	0.989801	3.389254	3.371870
7	10	3	7.206831	4.278770	2.301785	1.095147	1.142480	-5.644288	-0.027964	1.892336	2.061362	0.425073	2.782623	3.504428
7	10	4	7.206831	4.278770	1.907202	1.035610	1.172738	-9.659985	-2.847508	3.325268	2.228323	-1.087458	3.801380	3.678058
7	10	11	7.206831	4.278770	0.169759	1.012947	1.077946	-7.791162	-0.698677	2.717442	2.220861	-0.752393	2.478983	3.738958
7	10	7	7.206831	4.278770	0.079652	0.996855	1.076592	-10.423364	-2.646396	3.542175	2.273692	-1.436939	3.129230	3.862315
7	10	5	7.206831	4.278770	2.283868	1.053602	1.209153	-9.089809	-2.798246	3.202766	2.207088	-0.835578	3.794234	3.619933
7	10	6	7.206831	4.278770	0.956640	1.037258	1.094200	-6.520240	0.063682	2.322713	2.164203	-0.239665	2.410326	3.633498
7	10	1	7.206831	4.278770	3.605353	1.179363	1.352994	-7.136013	-2.355826	2.335746	2.019335	0.725014	3.612901	3.390271
8	10	7	5.453751	4.013759	1.200108	3.024723	4.397677	3.570022	-1.552475	-0.025809	-0.464304	-2.128739	-4.276084	-3.400470
8	10	2	5.453751	4.013759	3.297889	5.147256	4.593956	1.138660	-1.699107	0.118612	-4.888393	-2.680415	-2.858034	-6.001373
8	10	4	5.453751	4.013759	4.258427	5.941438	4.594616	1.541424	-1.278180	-1.442742	-5.277969	-2.506191	-2.905285	-6.040400
8	10	8	5.453751	4.013759	0.883647	3.164869	4.448991	3.659920	-1.673625	0.278896	-0.018369	-2.137516	-4.200572	-3.182895
8	10	2	5.453751	4.013759	4.068975	5.708000	4.594546	1.409248	-1.408617	-0.914285	-5.392816	-2.557890	-2.852268	-6.143487
8	10	2	5.453751	4.013759	3.422446	2.791078	4.079209	2.560333	-0.004473	-1.777781	-3.206028	-2.230149	-3.797954	-4.773801
8	10	1	5.453751	4.013759	2.169023	4.515885	4.590381	0.827219	-2.189987	0.994126	-2.162446	-2.789091	-3.077188	-4.702059
8	10	2	5.453751	4.013759	0.608495	3.511464	4.530608	2.828943	-2.123744	0.995088	0.690490	-2.323004	-3.879346	-2.830165
8	10	2	5.453751	4.013759	2.050937	4.452381	4.589551	0.789148	-2.251919	1.069763	-1.855799	-2.794062	-3.110380	-4.527874
8	10	4	5.453751	4.013759	1.373829	4.084891	4.580560	0.589199	-2.643780	1.459420	-0.280461	-2.781049	-3.335621	-3.532985
9	10	1	6.986982	6.155867	6.252243	5.968746	4.984476	-1.858979	2.234865	-0.619933	2.363249	-2.242747	4.696342	-0.925096
9	10	2	6.986982	6.155867	6.284660	5.961559	4.992232	-2.574598	1.569989	0.055248	2.092028	-2.173351	5.465711	-0.370041
9	10	2	6.986982	6.155867	5.463011	4.871552	4.892005	-3.697971	0.436006	1.295323	3.155323	-1.040879	4.407072	0.833790
9	10	3	6.986982	6.155867	5.579958	4.984467	4.904952	-3.720926	0.484527	1.216977	3.114492	-1.058424	4.501500	0.802868
9	10	5	6.986982	6.155867	6.252009	5.870075	4.987035	-2.976507	1.292616	0.286458	2.326435	-1.819908	5.565166	0.001265
9	10	2	6.986982	6.155867	4.302333	3.875226	4.762445	-3.454324	-0.098572	2.020212	3.389107	-1.049920	3.907363	0.972927
9	10	1	6.986982	6.155867	6.286854	5.998755	4.991950	-2.195485	1.872972	-0.347762	2.110424	-2.327135	5.167949	-0.794953
9	10	1	6.986982	6.155867	2.588096	2.430545	4.471985	-3.261798	-0.876827	3.000755	3.634289	-1.368723	3.398221	1.011850
9	10	2	6.986982	6.155867	6.053086	5.525731	4.958816	-3.648941	0.726059	0.776103	2.826085	-1.281059	5.079066	0.522681
9	10	3	6.986982	6.155867	6.232568	5.825658	4.983363	-3.145442	1.170785	0.343375	2.435940	-1.687633	5.542101	0.103659
10	10	10	5.101511	3.147364	6.712948	3.993863	3.411816	-0.153606	0.180188	-3.566706	2.141105	2.101555	3.425312	2.230257
10	10	7	5.101511	3.147364	6.650423	3.993755	3.411868	-0.873636	-1.928407	0.278089	2.258273	1.870407	3.829930	2.431809
10	10	7	5.101511	3.147364	6.558809	3.993345	3.411707	-1.097205	-0.906802	-0.006822	2.563090	1.939476	3.580043	2.810082
10	10	10	5.101511	3.147364	6.579549	3.993321	3.411649	-1.075544	-0.356699	-0.441081	2.575192	1.979412	3.423053	2.921301
10	10	12	5.101511	3.147364	6.699535	3.993742	3.411761	-0.175117	0.494377	-2.824894	2.295125	2.110241	3.292785	2.651694
10	10	2	5.101511	3.147364	6.723292	3.994037	3.411901	-0.565246	-1.735648	-0.347196	1.286523	1.877331	3.816910	1.793803
10	10	4	5.101511	3.147364	6.630707	3.993680	3.411848	-0.919816	-1.824852	0.286401	2.344917	1.878106	3.809886	2.509169
10	10	15	5.101511	3.147364	6.722806	3.994018	3.411888	-0.391549	-1.209251	-3.116884	1.380668	1.941825	3.747470	1.376614
10	10	10	5.101511	3.147364	6.719860	3.993957	3.411860	-0.226298	-0.436886	-4.130491	1.830422	2.035769	3.601794	1.772844
10	10	5	5.101511	3.147364	6.650741	3.993490	3.411659	-0.520588	0.393074	-1.487762	2.481339	2.055353	3.223112	3.040789
11	10	2	7.689882	4.139001	2.625145	5.385154	2.501540	2.030073	-1.387665	-2.444645	-3.089926	1.284626	-2.378230	-3.723752
11	10	4	7.689882	4.139001	2.657898	5.531442	2.501576	1.800865	-1.271110	-2.633451	-3.491736	1.096464	-2.002861	-3.787505
11	10	3	7.689882	4.139001	1.977990	5.229040	2.501572	0.672865	-1.823039	2.436012	2.909177	0.277368	1.691521	3.081529
11	10	3	7.689882	4.139001	2.645616	5.731269	2.501621	0.964445	-1.423674	-0.035877	-4.502931	0.525334	1.286709	-2.506268
11	10	7	7.689882	4.139001	2.706495	5.796993	2.501616	1.270902	-1.130640	-2.477088	-4.267308	0.708359	-0.115713	-3.795827
11	10	6	7.689882	4.139001	2.687980	5.684984	2.501602	1.519271	-1.181343	-2.721287	-3.895116	0.940733	-1.181238	-3.824453
11	10	1	7.689882	4.139001	1.771963	4.099795	2.499329	4.771669	-0.540512	0.377013	2.091538	2.422550	-3.082978	-0.026758
11	10	3	7.689882	4.139001	2.451468	4.802151	2.501125	2.947152	-2.275380	-1.569361	-1.424417	1.904028	-2.979854	-3.204006
11	10	1	7.689882	4.139001	1.419949	4.484517	2.501017	3.990341	-0.580388	1.533031	3.176495	0.789041	-0.570536	2.150958
11	10	3	7.689882	4.139001	2.636925	5.436946	2.501555	1.944488	-1.342696	-2.513387	-3.223002	1.239614	-2.264290	-3.743684
12	2	91	3.671302	-4.337542	1.843052	4.496488	2.624473	3.100130	5.651282	-11.527750	-1.015529	0.995769	-1.215311	-0.738205
12	2	9	3.671302	-4.337542	1.790312	4.496488	2.624473	0.435698	2.189671	-5.463108	0.898807	2.963745	2.672786	0.844747
13	1	100	6.612362	3.007385	0.155678	2.228561	1.995122	-4.384891	-4.815637	10.499212	2.194827	0.185835	5.006312	2.685472
14	1	100	6.650480	3.939386	0.429516	0.126033	3.200004	-2.064308	-3.991464	6.779301	2.020158	0.657916	0.611887	3.620973
15	10	13	7.101045	3.337889	3.146175	6.856939	3.288429	4.488272	1.053463	-3.759132	0.539422	-2.131967	0.610392	-1.269151
15	10	19	7.101045	3.337889	3.146175	6.856941	3.288429	4.353869	0.928502	-4.159039	0.268979	-2.448513	0.508843	-1.428560
15	10	23	7.101045	3.337889	3.146175	6.856941	3.288429	2.984222	0.045505	-2.872313	0.328160	-2.727580	1.291487	-1.589706
15	10	2	7.101045	3.337889	3.146175	6.856936	3.288429	3.951350	0.591189	-3.168866	0.733483	-2.029694	1.067852	-1.122560
15	10	7	7.101045	3.337889	3.146175	6.856936	3.288429	4.134998	0.736607	-3.287006	0.716814	-2.014871	0.931961	-1.139060
15	10	7	7.101045	3.337889	3.146175	6.856935	3.288429	3.206928	0.141446	-2.842890	0.657129	-2.240226	1.576057	-1.202112
15	10	13	7.101045	3.337889	3.146175	6.856943	3.288429	3.389227	0.056542	-3.390195	0.055943	-3.006723	0.731422	-1.671357
15	10	14	7.101045	3.337889	3.146175	6.856941	3.288429	4.250029	0.822422	-4.224059	0.188481	-2.562007	0.501959	-1.473727
15	10	13	7.101045	3.337889	3.146175	6.856942	3.288429	3.214221	0.018219	-3.136980	0.145048	-2.944290	0.896905	-1.672289
15	10	2	7.101045	3.337889	3.146175	6.856935	3.288429	3.552440	0.318481	-2.973508	0.720730	-2.110866	1.353104	-1.131368
16	1	100	6.485730	1.782350	1.867069	-1.722789	1.065387	0.440206	0.866639	2.122193	1.460117	0.581024	6.825483	3.380708
17	1	100	6.302603	3.890382	0.922913	1.919754	3.973967	-1.704231	-1.355929	2.104991	1.655087	-4.097132	1.598923	1.022360
18	1	100	8.702897	3.497990	1.917283	-1.269620	-1.029005	-1.745410	-3.436698	4.346033	1.836730	-1.900999	1.341478	2.661369
19	1	100	5.478793	0.996608	5.939769	3.249733	4.214197	3.080968	-0.130725	-3.657536	1.602758	-0.433923	3.794218	0.843031
20	1	100	7.915446	4.570943	4.609368	0.803288	1.489808	-1.068945	2.587880	1.752034	0.774089	-0.093131	2.802930	2.473652
21	1	100	5.949135	4.556742	5.278562	5.494294	3.894749	-1.569452	3.255184	-4.196686	2.268940	1.466463	2.252783	0.871065
22	10	4	6.615530	3.414200	1.968400	3.282007	3.162085	0.897443	6.157643	4.103947	4.114083	-5.733681	1.492451	2.994688
22	10	1	6.615530	3.414200	3.459939	5.299397	3.208929	-0.350485	6.892855	5.170474	3.640342	-6.189361	2.011467	3.053093
22	10	1	6.615530	3.414200	2.313732	3.848409	3.199238	0.397157	6.376428	4.370796	4.060207	-5.782415	1.712590	3.044172
22	10	1	6.615530	3.414200	1.750387	2.713022	2.999186	2.207523	5.908569	3.730224	4.129010	-5.698320	0.901410	2.792376
22	10	1	6.615530	3.414200	3.779090	5.866472	3.207998	8.540957	6.108644	0.588260	2.919667	-3.250147	-2.427757	-0.135103
22	10	2	6.615530	3.414200	4.567355	6.586893	3.209092	1.519899	7.546821	-2.716180	0.075096	-7.342693	-0.561205	-4.916811
22	10	2	6.615530	3.414200	2.766761	4.460913	3.207315	-0.022995	6.599146	4.681080	3.953925	-5.877954	1.853597	3.067144
22	10	2	6.615530	3.414200	1.905873	3.156811	3.143196	1.060129	6.106046	4.040509	4.121565	-5.725413	1.412544	2.974383
22	10	1	6.615530	3.414200	4.567882	6.587534	3.209092	1.062591	7.423732	-1.407235	0.021684	-7.393562	0.974920	-3.375400
22	10	1	6.615530	3.414200	4.161842	6.112089	3.209083	0.167438	7.168936	5.496297	2.636688	-7.053126	2.213069	2.807256
23	10	5	5.576072	3.807274	3.536641	7.939646	4.131892	4.688473	3.926648	-1.663182	1.670908	-3.041315	-6.255149	-3.167393
23	10	9	5.576072	3.807274	3.536645	8.003937	4.133344	3.845767	-0.954723	-4.213785	-0.417600	-5.326204	-7.507028	-4.707858
23	10	4	5.576072	3.807274	3.536645	7.998006	4.133210	3.994872	-0.474311	-3.699724	-0.020641	-5.659292	-8.139992	-4.697351
23	10	8	5.576072	3.807274	3.536640	7.935219	4.131793	4.696833	4.038908	-1.573160	1.753088	-2.903537	-6.015941	-2.962148
23	10	6	5.576072	3.807274	3.536645	8.014069	4.133572	1.941900	-1.239931	-6.368580	-2.140715	-4.007620	-0.786573	-4.684622
23	10	10	5.576072	3.807274	3.536645	8.007265	4.133419	3.740492	-1.104237	-4.617716	-0.728113	-4.861619	-6.724748	-4.710086
23	10	5	5.576072	3.807274	3.536645	8.011492	4.133514	3.194474	-1.181558	-5.423372	-1.348650	-4.259567	-4.829498	-4.711007
23	10	4	5.576072	3.807274	3.536644	7.969725	4.132570	4.508532	2.413894	-2.409813	1.014711	-4.201202	-7.795738	-4.331263
23	10	5	5.576072	3.807274	3.536645	7.980687	4.132818	4.365836	1.436814	-2.789555	0.698926	-4.777319	-8.189927	-4.558154
23	10	4	5.576072	3.807274	3.535146	7.867781	4.130612	3.702639	3.968874	0.055805	3.335083	-0.791827	-1.026218	0.776508
24	10	7	4.700000	0.049911	0.443806	-0.180925	1.172995	0.144959	1.301414	1.681165	2.992104	2.764635	-0.119212	2.620039
24	10	4	4.700000	0.049911	2.610229	0.451383	1.175403	1.479133	1.239227	0.863858	2.211966	3.510918	3.945987	2.697995
24	10	1	4.700000	0.049911	2.405556	-0.004502	1.172268	6.975392	2.253580	-0.506836	2.153641	3.232511	-1.025519	1.566640
24	10	1	4.700000	0.049911	2.710652	0.461631	1.174764	2.570764	2.003976	0.195792	1.453638	3.492696	3.616005	2.460299
24	10	2	4.700000	0.049911	2.633068	0.199427	1.172585	6.106546	3.093373	-0.884448	1.594917	3.469818	1.212860	1.246623
24	10	7	4.700000	0.049911	1.167369	0.095989	1.174208	-0.315993	0.531444	1.716469	2.917096	3.068508	1.736208	2.883191
24	10	1	4.700000	0.049911	1.487487	-0.240428	1.172384	5.332008	1.658336	0.689690	2.794726	2.622290	-1.678680	2.140921
24	10	9	4.700000	0.049911	0.911027	0.025214	1.173883	-0.484081	0.744840	1.725314	2.949577	2.995176	1.295045	2.856438
24	10	3	4.700000	0.049911	2.524304	0.428023	1.175464	1.177163	0.998227	1.026236	2.377008	3.472490	3.704190	2.749284
24	10	2	4.700000	0.049911	0.412546	-0.243942	1.172751	1.938722	1.422718	1.591694	2.993199	2.683843	-0.583061	2.496598
25	1	100	5.815787	0.440738	-0.975960	0.129414	0.417320	8.172526	2.668279	-3.719774	-6.068142	-2.382994	-1.883749	-2.465276
26	1	100	7.438342	4.797376	8.054641	2.744062	4.455767	-0.583076	1.211040	1.871485	1.360341	-1.095663	2.508883	3.424387
27	10	58	6.642922	3.816288	-0.639111	3.372628	4.133993	-1.574404	-4.004009	8.274231	2.700478	-0.847734	2.892496	3.960480
27	10	2	6.642922	3.816288	4.880485	7.133782	4.146150	2.927550	3.916859	-2.807202	0.301507	-1.090567	0.656153	-1.652939
27	10	1	6.642922	3.816288	2.074400	6.495990	4.146150	1.419903	2.892679	3.330248	2.102953	-0.518338	0.742961	2.797490
27	10	1	6.642922	3.816288	0.527774	5.987947	4.146148	4.163274	3.392682	1.499045	2.328754	1.150055	0.195129	2.228341
27	10	1	6.642922	3.816288	2.334129	6.609332	4.146150	1.292541	2.940646	3.340936	1.976000	-0.540269	0.808679	2.777259
27	10	2	6.642922	3.816288	3.805589	7.164965	4.146150	1.526947	3.382870	1.747661	-0.263230	-1.714804	0.856849	-0.112323
27	10	3	6.642922	3.816288	4.878597	7.157216	4.146150	2.423214	3.740294	-1.319154	0.073424	-1.285008	0.740318	-1.561665
27	10	2	6.642922	3.816288	2.181464	6.542966	4.146150	1.365827	2.910994	3.339822	2.055427	-0.527864	0.771262	2.793132
27	10	3	6.642922	3.816288	4.888080	7.146226	4.146150	2.674204	3.829932	-2.133052	0.187302	-1.187695	0.700290	-1.610777
27	10	1	6.642922	3.816288	1.784403	6.366669	4.146150	1.588757	2.855609	3.264992	2.206127	-0.480228	0.659254	2.787188
28	1	100	6.121914	2.891378	4.562203	4.532844	2.957391	3.033591	0.826998	-7.062287	0.528739	-0.538447	5.749073	1.600200
29	2	18	7.471611	1.749467	1.939906	-4.638010	0.362742	0.374907	-0.709954	5.800589	2.183511	-0.814103	-4.233059	0.352043
29	2	82	7.471611	1.749467	5.449874	0.714972	0.452168	6.165495	-2.836489	-3.230297	-2.927579	-0.335431	0.280221	-1.619846
30	10	5	7.615101	4.509424	6.362755	4.036383	2.128279	4.123506	3.055880	-0.244866	1.984615	-1.738835	1.249365	0.849776
30	10	8	7.615101	4.509424	5.786366	3.916167	2.122772	3.362874	2.254771	1.278223	2.928558	-1.056993	1.746753	1.914564
30	10	1	7.615101	4.509424	6.026084	3.975299	2.125398	3.637717	2.548279	0.999313	2.843104	-0.985870	1.554664	1.827288
30	10	6	7.615101	4.509424	6.370193	4.037250	2.128322	4.055708	2.627416	-0.641091	1.251737	-2.159369	1.301570	0.231387
30	10	5	7.615101	4.509424	5.850930	3.922887	2.123495	3.179781	2.066997	1.357654	2.929619	-1.078687	1.918074	1.941482
30	10	2	7.615101	4.509424	6.255427	4.019588	2.127478	3.914270	2.865934	0.583346	2.666258	-1.026576	1.389116	1.636398
30	10	1	7.615101	4.509424	6.340450	4.031192	2.128128	2.931840	0.578310	0.805123	2.311673	-1.624728	2.284515	1.603109
30	10	6	7.615101	4.509424	6.372415	4.037466	2.128332	3.837934	1.487443	-1.012163	0.231953	-2.449396	1.496892	-0.529978
30	10	5	7.615101	4.509424	6.346685	4.034224	2.128175	4.094155	3.085962	0.064543	2.332348	-1.394617	1.272132	1.221229
30	10	5	7.615101	4.509424	6.078846	3.986257	2.125910	3.692122	2.608274	0.930684	2.817603	-0.978087	1.521360	1.802014
31	10	3	8.302844	2.950597	2.145334	4.282072	4.208072	1.908174	-1.437697	1.066183	-4.570507	-1.391515	0.548773	1.918563
31	10	1	8.302844	2.950597	1.603420	4.413441	4.114021	7.154455	3.467172	-4.134491	-1.908796	0.643235	-3.285255	-2.954907
31	10	1	8.302844	2.950597	0.304084	4.272125	3.666914	8.384425	5.253203	-2.224427	-0.221683	1.198029	-2.921296	-0.921570
31	10	1	8.302844	2.950597	2.277516	4.430899	4.174116	6.502579	2.401993	-5.126428	-2.699357	0.365740	-3.248184	-3.861669
31	10	1	8.302844	2.950597	1.158066	2.709271	3.160052	5.806093	2.273118	0.874936	2.505890	1.632635	-0.803090	2.414065
31	10	3	8.302844	2.950597	1.384950	2.907624	3.503247	4.284916	1.214101	1.313434	2.821571	1.441063	-0.326105	2.775342
31	10	3	8.302844	2.950597	1.653123	3.372658	3.861608	2.540090	0.208049	1.748132	3.022679	1.022800	0.185237	3.001950
31	10	1	8.302844	2.950597	0.718554	3.325115	2.434880	8.079351	4.571448	-0.149388	1.667402	1.699325	-1.761008	1.394159
31	10	1	8.302844	2.950597	2.895408	4.442175	4.217529	4.334637	-0.543607	-8.453745	-4.515769	-0.570025	-1.845980	-5.561855
31	10	1	8.302844	2.950597	1.801723	4.419101	4.133102	7.001005	3.216830	-4.367835	-2.099786	0.580582	-3.293519	-3.172985
32	1	100	6.665367	3.015845	2.731940	2.886212	1.142671	3.387378	1.974125	-1.715319	0.912780	-1.879407	1.310544	1.542487
33	10	1	7.309992	4.008043	3.918860	-3.017110	2.333207	1.980659	1.871131	3.182739	4.547005	-1.280467	-0.153369	1.611011
33	10	1	7.309992	4.008043	5.011083	-1.197030	2.903074	4.177409	5.097102	0.104802	-0.816257	-5.842410	-0.246948	-2.964639
33	10	43	7.309992	4.008043	-0.356345	-3.792665	0.259021	-3.147563	-0.298472	6.811709	1.520196	-8.270510	0.662680	0.215468
33	10	1	7.309992	4.008043	3.742650	-2.371244	0.939744	4.506691	6.334916	1.735611	3.732269	-0.925233	-1.506896	1.010255
33	10	1	7.309992	4.008043	4.926733	-1.329849	2.540771	4.359065	5.480876	0.270355	-0.320955	-5.121644	-0.298175	-2.545036
33	10	2	7.309992	4.008043	5.159950	-0.890722	3.310337	3.741370	4.157843	-0.257455	-1.976334	-7.283156	-0.153649	-3.939174
33	10	1	7.309992	4.008043	5.188298	-1.582932	3.244258	2.250746	1.500191	2.013743	-1.343512	-8.460884	2.606494	0.959106
33	10	1	7.309992	4.008043	4.842414	-2.304315	2.997445	2.013534	1.135480	3.412547	3.721184	-1.640646	2.327775	2.503553
33	10	3	7.309992	4.008043	3.403016	-2.379900	1.204817	3.019149	5.326837	1.737031	1.413257	-3.837624	-0.748308	-1.207245
33	10	1	7.309992	4.008043	5.217372	-1.503900	3.272103	2.284119	1.566308	1.736258	-2.964984	-8.749102	2.478046	0.408840
34	1	100	8.370052	0.827470	0.799731	2.875731	1.938168	2.025372	-0.957602	-6.481693	-5.025264	-6.312106	-0.087939	-2.387767
35	10	4	6.444637	3.639065	3.176480	6.420987	4.736821	-2.010354	-1.718815	1.257439	-1.676229	-2.491184	4.261334	0.590730
35	10	4	6.444637	3.639065	3.379528	6.434663	4.736821	-1.570309	-1.614634	0.361761	-2.584472	-1.983533	4.348533	-0.661634
35	10	1	6.444637	3.639065	3.285939	6.181156	4.736816	7.266753	-1.479237	-2.614062	1.445089	0.291887	0.076495	-0.498842
35	10	1	6.444637	3.639065	3.198789	6.139053	4.736813	7.407107	-1.853347	-2.166992	1.688480	0.395834	0.180569	-0.353539
35	10	2	6.444637	3.639065	1.607830	4.988684	4.736605	3.305180	-2.542059	2.420491	3.029660	-1.269468	2.304005	2.422705
35	10	1	6.444637	3.639065	2.862702	5.974051	4.736799	7.255526	-2.980341	-0.912936	2.351194	0.439675	0.605810	0.323375
35	10	3	6.444637	3.639065	2.107559	5.866022	4.736817	0.646374	-1.980046	4.115830	3.105364	-1.539777	3.708118	2.470912
35	10	1	6.444637	3.639065	3.518733	6.304317	4.736820	5.866336	-0.782191	-4.598103	0.381320	-0.062688	0.010651	-0.781104
35	10	3	6.444637	3.639065	1.530346	5.016072	4.736661	2.610188	-2.442691	2.633187	3.044801	-1.280279	2.570244	2.443481
35	10	5	6.444637	3.639065	3.585923	6.434858	4.736821	-0.754449	-1.415345	-1.865959	-3.064389	-1.589382	4.298004	-0.838078
36	1	100	8.204051	6.003627	5.797111	0.047602	1.434879	-7.672937	-5.169454	3.640086	3.731858	-0.161652	5.392438	3.282868
37	1	100	4.496739	2.416219	2.402863	2.666569	3.556611	5.256017	0.031492	-12.636454	-0.655301	0.003389	-6.867042	-4.709519
38	1	100	6.608027	3.780846	6.898395	9.227522	2.391300	5.389940	-1.072703	-8.352605	-0.254635	0.662850	0.138721	0.748424
39	1	100	3.847799	2.353793	6.375119	6.750869	3.828825	5.429356	-1.370472	-1.136123	1.519871	2.347559	-0.625070	2.725215
40	1	100	8.393248	2.108614	3.873483	1.226092	1.082654	-0.623010	-1.973727	-0.022177	1.912782	2.390371	6.325024	3.277824
41	10	2	5.717114	3.753758	4.741029	5.168044	4.358765	0.493132	-4.128899	-0.165979	1.443706	4.195918	1.899743	1.415695
41	10	7	5.717114	3.753758	4.733133	5.110569	4.355509	1.964955	-4.760191	-0.020619	2.484238	4.288586	1.299445	2.025808
41	10	18	5.717114	3.753758	4.738209	5.090366	4.351365	3.168110	-2.346746	-2.393227	1.996577	4.700700	-1.867153	1.053872
41	10	5	5.717114	3.753758	4.741340	5.184156	4.358960	0.758648	-3.807426	-1.347326	-0.122570	4.241696	1.471739	0.030227
41	10	2	5.717114	3.753758	4.727566	5.053959	4.350342	2.870324	-5.097588	-0.338760	2.508504	4.504344	0.362863	1.969633
41	10	15	5.717114	3.753758	4.732063	5.046031	4.348611	3.124365	-3.875783	-0.976365	2.384045	4.625290	-0.384455	1.748282
41	10	9	5.717114	3.753758	4.728019	5.076663	4.352702	2.544907	-5.065558	-0.085569	2.530539	4.404074	0.831907	2.039909
41	10	7	5.717114	3.753758	4.729025	5.047090	4.349364	2.993673	-4.827365	-0.556791	2.472122	4.555389	0.083659	1.900318
41	10	4	5.717114	3.753758	4.740989	5.168087	4.357438	1.931818	-3.169067	-4.491890	0.597442	4.411979	-3.090933	-0.442820
41	10	8	5.717114	3.753758	4.740661	5.153069	4.356282	2.462051	-2.925766	-4.061053	1.086739	4.503623	-3.399316	-0.063739
42	10	1	5.010620	2.729376	4.601163	1.586331	3.934885	1.273556	2.481007	0.925758	3.156128	0.366463	0.052334	2.287210
42	10	2	5.010620	2.729376	5.190349	2.886367	4.081698	7.319258	-0.050331	-6.838936	0.712457	-0.495326	-1.397168	-2.399010
42	10	3	5.010620	2.729376	5.149633	2.741408	3.982296	7.915953	1.898864	-4.867726	1.371903	-0.005207	-3.614969	-1.370547
42	10	1	5.010620	2.729376	5.118688	2.621638	3.925095	8.002527	2.749857	-3.925389	1.689740	0.190851	-4.035152	-0.771928
42	10	2	5.010620	2.729376	5.231513	3.013737	4.187976	3.685458	-3.597265	-6.286784	-1.489694	-2.865490	0.549641	-2.655206
42	10	1	5.010620	2.729376	5.218788	2.977371	4.157423	5.916180	-2.524234	-7.998560	-0.265382	-1.626601	0.287141	-3.018763
42	10	2	5.010620	2.729376	5.135398	2.687264	3.953768	7.977738	2.338586	-4.397073	1.530351	0.093319	-3.928467	-1.077836
42	10	1	5.010620	2.729376	5.104253	2.563300	3.904456	7.995367	3.029777	-3.571112	1.809764	0.264127	-3.978051	-0.535991
42	10	2	5.010620	2.729376	5.198035	2.911913	4.102322	7.075644	-0.599010	-7.351303	0.523867	-0.678731	-0.856234	-2.619648
42	10	3	5.010620	2.729376	5.222500	2.988406	4.166782	5.544369	-2.905550	-7.804497	-0.499046	-1.917345	0.402587	-2.968810
43	1	100	5.240136	2.267216	-0.260257	1.482643	2.476927	-1.335258	1.680093	-7.047618	-6.188849	-4.513754	-1.516383	-5.471690
44	1	100	4.723495	4.224053	4.632314	7.250086	4.116596	-1.115961	-5.963032	1.820414	1.451747	-0.460380	7.271661	2.185519
45	10	1	9.781978	3.790927	4.839483	0.932851	-0.904882	3.492774	6.256518	-7.081890	1.580156	-0.180592	-0.839752	-4.470573
45	10	3	9.781978	3.790927	4.595291	0.534810	-1.044100	3.402745	5.470585	-2.410229	3.557143	0.557702	-5.570965	-3.526071
45	10	3	9.781978	3.790927	1.362715	-3.987450	-1.084994	-2.296388	4.054699	2.459378	4.363171	0.122678	0.049092	0.825931
45	10	1	9.781978	3.790927	4.837175	0.919486	-0.904694	1.673145	5.715671	-2.239117	0.554534	-1.562005	3.266734	-4.347749
45	10	3	9.781978	3.790927	3.751683	-0.999997	-1.039922	-1.252601	4.930429	2.556487	1.558908	-0.856753	4.932183	0.236346
45	10	5	9.781978	3.790927	3.351576	-1.588327	-1.086005	1.668381	4.599667	0.088324	4.232926	1.138957	-3.215721	-0.086954
45	10	1	9.781978	3.790927	4.264858	-0.076972	-1.078331	2.938194	5.113199	-1.258865	3.868658	0.942515	-4.366880	-1.606475
45	10	3	9.781978	3.790927	1.895298	-3.359273	-1.081737	-2.350042	4.337954	3.031923	3.933523	-0.178491	1.888309	0.821843
45	10	2	9.781978	3.790927	3.889466	-0.739908	-1.084686	2.397108	4.857902	-0.567127	4.057567	1.081037	-3.549417	-0.710343
45	10	1	9.781978	3.790927	4.812990	0.902692	-0.933695	3.602656	6.028333	-5.294811	2.774404	-0.129471	-3.702219	-6.147927
46	1	100	7.514843	3.228790	7.236869	1.522597	0.325481	-1.992947	-1.750232	0.724779	1.353607	-5.867359	6.880278	-2.250284
47	1	100	7.590332	4.138191	4.205654	0.469814	4.117276	-9.639478	-7.622600	8.996437	1.276249	-0.900012	4.262518	3.313568
48	1	100	6.210372	1.226303	2.696090	-0.584644	0.477009	-0.057354	0.203548	-5.525859	-7.826112	-3.732561	-1.086555	-0.741859
49	10	3	8.231883	4.312350	7.016280	7.806368	2.564806	0.032341	0.100881	-0.505479	1.071176	-0.261695	5.023826	0.630080
49	10	4	8.231883	4.312350	7.003830	7.795786	2.564805	0.106650	0.145555	-0.441464	1.146412	-0.222492	5.053139	0.644281
49	10	2	8.231883	4.312350	7.017719	7.820853	2.564812	-1.496420	-0.788252	-0.090106	1.043228	-0.699726	5.469118	0.670201
49	10	1	8.231883	4.312350	7.043712	7.760457	2.564814	-0.271063	0.936996	0.680384	2.277376	-0.880039	4.881362	0.790372
49	10	1	8.231883	4.312350	7.197981	7.903210	2.564817	4.886777	1.350808	-1.419329	-0.017941	-1.447635	-0.743899	-1.260059
49	10	5	8.231883	4.312350	7.068834	7.861617	2.564814	-1.338437	-0.815783	-0.399811	0.685299	-0.851225	5.376346	0.603332
49	10	2	8.231883	4.312350	6.976094	7.667037	2.564780	7.423551	4.119796	-0.578934	1.623180	-0.035585	-0.249672	0.230834
49	10	1	8.231883	4.312350	7.140286	7.851557	2.564810	5.992660	2.232112	-1.184604	0.428109	-0.840456	-0.859035	-0.900145
49	10	4	8.231883	4.312350	7.068901	7.856703	2.564813	-0.952974	-0.569993	-0.554228	0.719392	-0.693614	5.279555	0.591302
49	10	2	8.231883	4.312350	6.841366	7.493314	2.564758	1.578279	3.632566	0.252465	2.705360	-0.071267	3.102830	0.812197
50	10	5	4.206338	2.707276	4.582377	3.359833	3.544511	-0.797906	0.819670	0.114925	2.414499	-3.818538	5.173854	3.724119
50	10	61	4.206338	2.707276	5.422397	4.834792	3.813398	4.322815	0.475328	-4.745714	-0.331008	-5.408050	1.931863	1.682520
50	10	2	4.206338	2.707276	4.474589	3.739665	3.599941	-0.469606	1.870038	-0.356154	2.360313	-3.853188	4.989808	3.692435
50	10	2	4.206338	2.707276	4.407205	3.822791	3.613392	-0.349608	2.325759	-0.389022	2.353481	-3.864417	4.883624	3.682737
50	10	2	4.206338	2.707276	2.874807	2.943106	3.076076	0.091877	5.845578	-0.589142	2.356123	-3.695145	1.376772	3.010170
50	10	1	4.206338	2.707276	1.412617	1.047796	2.817817	-0.610082	1.019319	2.651588	2.785675	-3.395032	1.479819	3.384599
50	10	2	4.206338	2.707276	2.426162	1.047303	2.818304	-1.608575	-3.920835	3.628417	2.830535	-3.373210	3.470956	3.764185
50	10	1	4.206338	2.707276	4.403183	2.239855	3.381209	-1.067835	0.031697	2.122073	2.667331	-3.647226	5.169025	3.760918
50	10	2	4.206338	2.707276	4.354401	3.883026	3.619420	-0.269724	2.644987	-0.414199	2.347799	-3.872822	4.796588	3.673753
50	10	1	4.206338	2.707276	3.968751	4.106329	3.564521	0.080704	4.241826	-0.627700	2.300525	-3.893155	4.060405	3.569003
51	1	100	7.007137	5.308974	4.633294	4.484458	3.828793	-4.551050	-5.216167	4.051087	2.970109	-0.886433	4.427832	3.860673
52	1	100	6.776654	3.000181	-2.277527	-1.688106	-0.408038	-2.582371	1.509578	6.093807	0.389918	-0.836940	-0.114994	1.464056
53	1	100	5.785621	3.009267	3.546824	5.430635	4.840147	4.957122	-3.734212	0.921211	-0.051708	-1.233200	-4.692258	0.688889
54	2	90	6.229479	3.767333	8.383908	5.207753	3.503602	2.901429	0.330097	-5.573930	-0.226704	2.785202	1.269190	0.353230
54	2	10	6.229479	3.767333	7.453963	4.956334	3.503462	-0.913498	1.313093	1.397215	2.734219	2.777448	3.325791	3.379662
55	1	100	6.634078	4.135364	6.241208	5.497686	4.340918	7.754155	-0.274433	-0.002211	1.668792	0.097116	0.568401	1.481580
56	1	100	7.638901	4.512782	0.457253	0.485319	1.853545	-8.019067	-7.933469	6.454811	-0.338785	-6.831190	5.143961	1.037442
57	10	1	3.962623	0.532612	3.146477	1.752134	1.807111	5.033394	-0.054384	-3.120581	-1.274520	-0.723243	0.084942	-2.892600
57	10	2	3.962623	0.532612	3.147526	1.752251	1.807183	4.790900	-0.274676	-2.906832	-1.388319	-0.728310	0.321261	-2.618343
57	10	2	3.962623	0.532612	3.136086	1.749890	1.805720	6.154193	1.789683	-2.558864	-0.414687	0.114902	-0.945333	-3.265452
57	10	2	3.962623	0.532612	3.149369	1.752406	1.807286	4.447078	-0.661039	-2.012320	-1.602073	-0.481754	0.739194	-2.023756
57	10	1	3.962623	0.532612	3.123254	1.743103	1.801453	6.617467	3.004668	-1.788930	0.296108	1.200376	-0.717830	-2.485306
57	10	1	3.962623	0.532612	3.038372	1.416882	1.569163	6.814348	2.971458	0.458792	2.460484	2.371645	0.738641	1.040614
57	10	1	3.962623	0.532612	3.041218	1.447652	1.584148	6.878955	3.038157	0.372294	2.407751	2.444215	0.682064	0.969824
57	10	9	3.962623	0.532612	3.072570	1.636516	1.722742	7.108849	3.385258	-0.284128	1.830672	2.760276	0.218622	0.119309
57	10	2	3.962623	0.532612	3.129315	1.746974	1.803900	6.437352	2.566423	-2.114707	-0.006712	0.608207	-0.858269	-2.870964
57	10	2	3.962623	0.532612	3.145603	1.752025	1.807043	5.217721	0.125422	-3.179414	-1.185368	-0.674784	-0.099330	-3.071642
58	10	5	6.549508	5.018006	3.525343	4.851014	4.549945	-4.537196	-1.600597	-0.790151	0.302244	0.159345	2.056632	0.517528
58	10	6	6.549508	5.018006	1.593577	4.653384	4.549945	-4.605014	-1.585286	-0.636141	0.407685	0.236460	-0.166573	0.644473
58	10	8	6.549508	5.018006	1.477732	4.708529	4.549945	-5.318239	-1.686783	0.308290	0.404499	0.247754	1.082827	0.771472
58	10	5	6.549508	5.018006	3.086992	4.910923	4.549945	-4.951953	-1.654243	-0.341947	0.284396	0.139111	2.805749	0.591100
58	10	5	6.549508	5.018006	3.114379	4.786909	4.549945	-4.503381	-1.575678	-0.997738	0.343117	0.189281	0.481638	0.545508
58	10	28	6.549508	5.018006	1.036667	4.564432	4.549945	-4.899598	-1.646737	0.051333	0.435687	0.270027	0.288108	0.750573
58	10	6	6.549508	5.018006	2.356324	4.724297	4.549945	-4.544118	-1.571324	-0.870593	0.378800	0.213539	-0.136027	0.592647
58	10	8	6.549508	5.018006	2.247910	4.868216	4.549946	-5.406684	-1.692629	0.081834	0.336505	0.184711	2.096370	0.710590
58	10	6	6.549508	5.018006	1.303015	4.654018	4.549945	-5.184782	-1.677574	0.286551	0.418812	0.259752	0.809614	0.773309
58	10	4	6.549508	5.018006	2.580430	4.900364	4.549946	-5.252034	-1.682621	-0.072797	0.310542	0.160843	2.450797	0.668066
59	1	100	6.925215	5.472282	5.828803	5.339164	4.780003	7.311934	3.658085	-12.156665	1.961797	0.333810	-3.659526	-2.519625
60	10	1	4.380794	2.496251	3.648929	6.086163	1.653521	9.471220	1.865647	-0.793355	3.131760	4.114534	0.739985	1.612694
60	10	1	4.380794	2.496251	4.401401	6.131846	1.655458	5.563994	0.964973	-0.214003	2.838254	3.094917	2.141358	1.283726
60	10	1	4.380794	2.496251	3.640954	6.090920	1.653472	9.686276	2.318451	-1.012039	3.120013	4.176413	0.461380	1.338624
60	10	1	4.380794	2.496251	4.753282	6.143413	1.655507	4.991042	1.910725	-5.408582	-2.422233	-2.070827	-0.585390	-1.466931
60	10	2	4.380794	2.496251	4.103610	6.126830	1.654628	10.158437	5.282178	-2.598686	2.557055	4.112323	-1.285028	-0.834320
60	10	1	4.380794	2.496251	4.729264	6.142846	1.655475	9.293333	2.807755	-5.660356	0.019279	1.390796	-1.578042	-1.930568
60	10	3	4.380794	2.496251	4.132104	6.127940	1.654682	10.163435	5.323876	-2.683637	2.504995	4.056294	-1.371216	-0.930930
60	10	3	4.380794	2.496251	4.714124	6.143413	1.655508	2.183875	1.337004	-3.118600	-2.518528	-2.304083	1.553259	-0.209957
60	10	3	4.380794	2.496251	4.744715	6.143417	1.655508	3.384257	1.863511	-5.272231	-2.701476	-2.647437	-0.492376	-1.425908
60	10	1	4.380794	2.496251	3.864211	6.090239	1.654314	8.445712	1.284514	-0.372539	3.116469	3.878631	1.418795	2.030321
61	10	2	5.296596	2.565447	3.463832	3.843274	2.943700	1.497955	0.935234	-3.841067	-0.074979	-1.180084	2.500322	-1.120070
61	10	1	5.296596	2.565447	3.459551	3.844103	2.943730	0.382546	1.670715	-1.155069	-0.328990	-1.090883	4.535513	0.218931
61	10	1	5.296596	2.565447	3.414782	3.688211	2.937394	4.665170	1.531068	-3.087843	2.313487	1.602236	2.175607	1.614581
61	10	3	5.296596	2.565447	3.463909	3.842727	2.943682	1.890737	1.316879	-6.499593	-0.017305	-1.201813	1.779614	-1.466389
61	10	1	5.296596	2.565447	2.645544	2.368972	2.846148	1.980643	0.389993	1.300002	3.638520	0.925303	3.410373	2.505731
61	10	1	5.296596	2.565447	3.448427	3.746355	2.940004	5.199838	3.882488	-5.953182	2.074788	1.218597	-0.037410	0.574813
61	10	3	5.296596	2.565447	3.463864	3.840755	2.943613	2.720577	2.533176	-11.629005	0.183328	-1.143500	0.761095	-1.682561
61	10	2	5.296596	2.565447	3.379863	3.622272	2.934017	4.531828	1.059566	-2.385824	2.541209	1.675331	2.533527	1.856677
61	10	1	5.296596	2.565447	3.097342	3.200175	2.906081	3.555508	0.671868	-0.149066	3.180046	1.490611	3.693099	2.378142
61	10	4	5.296596	2.565447	3.463791	3.840452	2.943603	2.827943	1.397933	-8.677302	0.348279	-0.827625	0.891276	-1.070312
62	1	100	6.933330	0.268603	1.866730	-0.262360	0.661001	0.143319	3.113868	-4.797819	-0.271555	0.160943	3.913314	-0.095008
63	2	90	7.616743	5.559813	0.298235	2.775077	3.047969	-9.632311	-2.416779	4.081949	1.122565	0.160669	-1.782443	0.715243
63	2	10	7.616743	5.559813	4.373208	6.814365	3.706590	-3.168776	2.803686	0.984205	1.561378	3.548031	-0.166801	3.033131
64	1	100	6.067035	4.896193	3.048609	4.094026	3.632012	-12.886356	-0.702301	5.649072	1.580195	-6.867187	2.632015	0.004728
65	1	100	7.990061	5.643194	2.090424	1.791976	2.926102	-5.061859	-8.046125	7.440304	2.780479	-0.696543	3.591128	2.552484
66	1	100	6.097936	2.677275	-3.307230	1.528711	2.874539	-0.409903	-0.076937	4.405352	1.815256	-3.438412	-1.657748	0.968836
67	10	2	6.551009	4.809146	8.907144	1.138560	5.046851	7.373628	5.247258	0.179482	2.396383	1.023476	-1.296157	1.572935
67	10	2	6.551009	4.809146	8.885096	1.752542	5.194704	7.057112	4.382926	0.748607	2.484875	1.111681	-0.223173	1.987226
67	10	2	6.551009	4.809146	8.953680	0.999714	4.833642	7.093426	6.142334	-1.211417	1.735489	0.788931	-1.271289	0.803877
67	10	2	6.551009	4.809146	8.989922	5.877997	5.289266	1.169099	5.056809	-3.661432	-0.856574	-0.337102	-1.056496	-1.000669
67	10	1	6.551009	4.809146	8.959215	1.316305	4.899135	6.835849	6.189191	-1.448652	1.542783	0.720836	-1.209123	0.650324
67	10	1	6.551009	4.809146	8.985965	5.609136	5.286680	2.224135	5.456490	-3.235263	-0.325562	-0.231922	-1.095116	-0.739609
67	10	2	6.551009	4.809146	8.992209	5.969486	5.289789	0.622655	4.760855	-3.929338	-1.235990	-0.373501	-0.806908	-1.110587
67	10	1	6.551009	4.809146	8.912414	3.237725	5.279491	3.621443	2.666624	1.559131	2.299409	1.107136	2.431814	2.389565
67	10	1	6.551009	4.809146	8.960381	1.416254	4.920420	6.759012	6.195144	-1.502167	1.495069	0.702436	-1.197491	0.613462
67	10	1	6.551009	4.809146	8.882792	2.542825	5.260448	5.922692	3.160750	1.223935	2.433844	1.138829	1.235077	2.300449
68	1	100	5.203788	0.633542	5.053255	6.027935	2.474270	4.066741	2.747896	-11.660133	0.027962	-3.253631	0.648110	0.974811
69	10	13	6.646292	1.690409	-2.116853	2.235893	-1.246393	0.600269	-2.196897	3.566203	1.331832	-2.157887	-2.361038	1.933148
69	10	10	6.646292	1.690409	-2.002367	2.261313	-1.037523	0.461719	-2.201170	3.891127	1.506222	-2.287495	-2.406756	2.009252
69	10	7	6.646292	1.690409	-1.650067	2.311541	-0.653618	0.189291	-1.935049	4.309197	1.934397	-2.329882	-1.863799	2.409607
69	10	6	6.646292	1.690409	-1.839612	2.212250	-1.443856	1.477530	-1.311102	2.968712	1.317110	-1.336940	-2.358705	1.935655
69	10	1	6.646292	1.690409	3.465280	3.418437	1.089749	6.796515	2.825502	-1.351029	-1.893993	-0.564750	1.556372	0.753563
69	10	4	6.646292	1.690409	-0.569435	2.473038	0.307386	-1.197057	-1.159691	5.054515	2.208351	-2.271798	0.590604	3.156850
69	10	3	6.646292	1.690409	-1.171670	2.378329	-0.210529	-0.301293	-1.577758	4.685181	2.142823	-2.347735	-0.712326	2.846233
69	10	1	6.646292	1.690409	3.111473	2.339665	-1.355784	8.645051	2.704659	0.182103	1.294890	0.926120	0.308257	2.138597
69	10	5	6.646292	1.690409	-1.538821	2.326719	-0.546336	0.089922	-1.849365	4.407018	2.009839	-2.339361	-1.602284	2.528608
69	10	4	6.646292	1.690409	-1.256293	2.366126	-0.286083	-0.201393	-1.638919	4.625580	2.122866	-2.349343	-0.914368	2.783029
70	1	100	3.353778	2.526152	3.045348	1.224985	3.144832	4.378402	-0.147227	-6.575094	-3.906182	-1.526958	-2.159406	-1.396838
71	2	74	7.141680	3.999601	5.138843	6.287845	4.676636	-3.332196	-13.460239	0.147309	2.839472	-0.053548	5.764838	-0.232140
71	2	26	7.141680	3.999601	3.051294	1.512202	4.531323	-9.246689	-12.690223	2.360263	3.977964	-2.158675	5.030660	2.661707
72	10	7	7.029683	4.484808	5.371712	6.067052	4.419039	-2.241024	2.959541	1.688387	2.011062	-0.985992	0.529860	0.018274
72	10	10	7.029683	4.484808	5.407050	6.062479	4.419023	-1.947284	3.093093	1.431560	1.753756	-0.912496	0.261474	-0.443695
72	10	14	7.029683	4.484808	5.606395	6.152571	4.419087	-3.351898	3.045011	0.894410	1.020983	-1.149770	1.309235	-0.354519
72	10	13	7.029683	4.484808	5.456514	6.081645	4.419034	-2.108171	3.145701	1.241924	1.534327	-0.918624	0.259672	-0.693749
72	10	6	7.029683	4.484808	5.539105	6.118000	4.419061	-2.650167	3.160975	0.980709	1.203017	-1.000706	0.621026	-0.832208
72	10	8	7.029683	4.484808	5.474661	6.148692	4.419099	-3.402302	2.772869	1.703607	1.921229	-1.188031	1.106501	0.407625
72	10	3	7.029683	4.484808	5.514310	6.163272	4.419106	-3.690778	2.750299	1.618123	1.807448	-1.230345	1.241239	0.413813
72	10	7	7.029683	4.484808	5.401120	6.103290	4.419071	-2.741681	2.860010	1.764084	2.045380	-1.078506	0.800019	0.269695
72	10	10	7.029683	4.484808	5.571116	6.132868	4.419072	-2.928632	3.136794	0.903960	1.088378	-1.056270	0.894125	-0.722430
72	10	13	7.029683	4.484808	5.601261	6.171995	4.419104	-3.873043	2.820593	1.215130	1.336171	-1.258387	1.512784	0.199502
73	1	100	7.096855	4.831217	6.935599	4.344309	3.409279	-2.513699	3.488058	1.187916	1.694482	-3.168422	1.800392	3.158615
74	1	100	7.457560	0.369308	-3.778104	-1.400494	4.901590	0.003377	-3.548530	4.123579	2.352666	-3.671157	-0.434440	2.214992
75	1	100	6.151932	1.162886	-0.417024	2.661047	4.406207	-5.348630	-2.545721	2.377106	2.362861	-2.875781	1.968878	4.245392
76	1	100	8.151441	4.964180	1.070817	4.547124	3.532849	-3.689507	-6.109066	9.035099	2.140391	-0.082633	3.515676	4.759006
77	10	2	5.456567	1.563091	5.082815	2.371465	2.447706	3.456186	-0.608116	-2.914568	-2.696337	-0.024696	0.262183	0.178769
77	10	2	5.456567	1.563091	-0.154397	-0.220316	1.620813	5.226119	-1.128843	1.838447	1.728345	-0.142554	-3.191271	0.739778
77	10	2	5.456567	1.563091	-0.341242	0.565093	2.189915	5.242578	-0.802016	3.781478	1.913530	-0.028514	-2.457722	0.803718
77	10	1	5.456567	1.563091	5.087523	3.224887	4.083721	1.180878	-0.757234	0.249500	-4.162519	-0.743889	2.451982	2.003219
77	10	3	5.456567	1.563091	-0.338053	0.622346	2.242382	5.240175	-0.782738	3.911097	1.932440	0.018377	-2.358761	0.815433
77	10	1	5.456567	1.563091	5.086479	2.879323	3.473894	2.802379	-0.498537	-3.571556	-3.415661	-0.412773	0.307522	-0.567593
77	10	2	5.456567	1.563091	-0.098163	-0.242292	1.608424	5.293790	-1.139657	1.773748	1.711347	-0.079250	-3.189687	0.739253
77	10	1	5.456567	1.563091	-0.271337	1.092481	2.718187	4.773780	-0.719287	4.948196	2.168520	0.390233	-1.345138	1.006563
77	10	5	5.456567	1.563091	1.968916	-0.453024	1.486104	6.040153	-1.337590	0.998155	1.208647	0.478303	-2.600813	0.735155
77	10	4	5.456567	1.563091	5.007543	0.547518	1.328413	4.554761	-1.454897	-1.236324	-1.132590	0.306988	-0.008407	0.711053
78	1	100	9.224372	4.220933	3.675709	0.118253	-1.024008	-3.936543	-3.083360	3.580961	3.487416	0.068248	3.974359	3.998227
79	1	100	9.368802	4.776251	0.259031	-2.087923	-0.440649	-6.575035	-4.691411	8.822622	2.367347	0.041469	4.913209	3.197536
80	10	3	5.103015	4.317489	5.658567	5.823470	4.011752	-0.844710	-3.838810	0.125118	2.785713	0.412967	7.374895	1.649813
80	10	2	5.103015	4.317489	6.282431	6.017928	4.012210	-1.035491	-3.030995	-2.651410	1.498880	-0.353227	6.911364	-1.040034
80	10	2	5.103015	4.317489	6.222869	5.982592	4.012135	-0.277353	-2.837415	-2.265629	2.029399	-0.157493	6.509789	-0.811362
80	10	1	5.103015	4.317489	6.268896	6.008531	4.012191	-0.754021	-2.926203	-2.585738	1.686482	-0.270230	6.754241	-1.011629
80	10	4	5.103015	4.317489	5.663666	5.825215	4.011759	-0.899010	-3.844431	0.129299	2.771832	0.408862	7.383872	1.649638
80	10	1	5.103015	4.317489	6.261010	6.003555	4.012180	-0.639863	-2.894393	-2.531255	1.765584	-0.239953	6.689996	-0.988409
80	10	2	5.103015	4.317489	5.934222	5.879663	4.011867	0.643449	-3.103815	-1.062631	2.769376	0.213624	6.626168	1.049754
80	10	1	5.103015	4.317489	6.267345	6.007528	4.012189	-0.729642	-2.918879	-2.575382	1.703220	-0.263594	6.740448	-1.007441
80	10	2	5.103015	4.317489	5.861514	5.859789	4.011807	0.689467	-3.207109	-0.852326	2.839099	0.330708	6.721369	1.300746
80	10	1	5.103015	4.317489	5.918433	5.904609	4.012007	-2.786801	-4.170916	-0.073790	1.946145	0.021716	7.573614	1.593511
81	1	100	6.633161	4.184039	5.296765	5.609906	2.493658	-8.599270	1.829884	-2.334031	0.700003	-2.640248	6.258743	-0.749289
82	10	6	7.304491	2.987833	0.831014	6.192679	3.497979	-0.381859	-2.320978	0.828512	2.862266	1.134123	0.364532	3.722215
82	10	1	7.304491	2.987833	4.242679	7.390130	3.523012	2.391390	-0.000810	-2.018787	1.562423	1.507233	0.560046	2.432255
82	10	1	7.304491	2.987833	1.732102	6.766813	3.530451	-0.323031	-1.976072	1.976347	2.860773	1.192827	1.639559	3.563264
82	10	1	7.304491	2.987833	1.399657	6.563766	3.523503	-0.643024	-2.212964	1.753160	2.862075	1.142260	1.279086	3.639217
82	10	1	7.304491	2.987833	3.740146	7.352318	3.520310	2.507955	0.109175	-1.832054	1.742237	1.522831	-0.294252	2.526635
82	10	2	7.304491	2.987833	0.747402	6.278248	3.492455	0.225773	-2.034391	0.560361	2.861284	1.173739	0.140449	3.692271
82	10	1	7.304491	2.987833	2.301870	7.050772	3.537053	0.149230	-1.631192	1.971693	2.854022	1.276592	2.148378	3.392999
82	10	2	7.304491	2.987833	0.757695	6.257661	3.493027	0.131682	-2.085331	0.600047	2.861509	1.166742	0.172138	3.699479
82	10	2	7.304491	2.987833	4.578497	7.529068	3.533598	1.578676	-0.619092	-0.283834	2.097708	1.379919	3.688665	2.013737
82	10	2	7.304491	2.987833	2.086843	6.950345	3.535137	-0.018874	-1.753263	2.023887	2.857591	1.246518	1.966687	3.464882
83	10	10	7.646596	4.208226	3.621645	6.249484	3.285137	5.151097	-0.469116	-3.289400	-2.422665	-1.124825	-3.345636	-5.266316
83	10	2	7.646596	4.208226	3.586953	6.019331	3.285046	4.713803	-2.103364	0.579630	-1.339006	-2.574174	-1.996577	-4.062630
83	10	3	7.646596	4.208226	3.559195	6.095377	3.284032	5.172794	0.538561	-2.180982	-0.836129	-0.120631	-4.328659	-4.159704
83	10	2	7.646596	4.208226	3.596090	6.072558	3.285106	4.726946	-2.076894	0.458563	-1.754568	-2.577220	-1.964425	-4.224161
83	10	14	7.646596	4.208226	3.604753	6.220095	3.284947	5.237237	0.093650	-3.172298	-1.832857	-0.635261	-4.315367	-4.936896
83	10	4	7.646596	4.208226	3.450875	5.352052	3.280608	4.719416	0.026570	-0.135630	0.682202	-0.334782	-3.096035	-2.943740
83	10	7	7.646596	4.208226	3.585997	6.177008	3.284644	5.229362	0.420471	-2.782594	-1.354993	-0.339571	-4.554981	-4.591070
83	10	1	7.646596	4.208226	3.531465	5.735278	3.284501	4.652939	-1.315504	0.814358	0.091849	-2.061014	-2.237571	-3.394432
83	10	5	7.646596	4.208226	3.540772	6.023415	3.283487	5.128486	0.509608	-1.811702	-0.542957	-0.048558	-4.120843	-3.903221
83	10	2	7.646596	4.208226	3.533526	5.990943	3.283245	5.110546	0.489595	-1.675883	-0.436811	-0.032608	-4.040628	-3.810023
84	1	100	6.279495	2.014024	-0.698646	5.227829	2.138075	2.941718	4.249828	-11.231979	-1.181406	0.064659	-5.996796	-2.678228
85	1	100	6.662540	5.002684	2.076568	0.310933	5.813121	0.607191	-0.732978	4.791934	2.574181	0.234017	1.235636	2.930948
86	10	1	8.509437	2.105621	2.507380	5.841264	2.678227	3.465768	-3.959371	0.416789	1.044109	-2.651914	1.861328	0.026558
86	10	2	8.509437	2.105621	3.743069	5.840341	2.678218	4.859843	-3.375073	-3.131946	0.184251	-3.589201	0.897136	-1.862259
86	10	1	8.509437	2.105621	3.052849	5.848656	2.678229	3.843975	-3.960572	-1.237126	0.350858	-3.486909	1.721490	-0.958595
86	10	1	8.509437	2.105621	1.127012	5.115785	2.676661	7.020690	0.566478	0.055319	2.625315	0.469914	-0.558756	1.219631
86	10	1	8.509437	2.105621	1.674368	5.762392	2.678118	9.031594	-0.017226	-1.980413	0.960098	-1.086693	-1.992128	-0.887399
86	10	1	8.509437	2.105621	2.202822	5.788282	2.678153	8.457444	-0.250166	-2.281954	0.757182	-1.651250	-1.728030	-1.159812
86	10	2	8.509437	2.105621	1.133305	4.258086	2.672046	6.112169	-2.062210	1.599403	3.430741	0.475248	0.627275	2.062064
86	10	1	8.509437	2.105621	1.259129	4.932427	2.676450	5.702331	-4.185003	2.340594	3.479910	0.350370	1.279213	2.423619
86	10	1	8.509437	2.105621	1.845344	5.772760	2.678132	8.867872	-0.035371	-2.090562	0.883460	-1.287884	-1.966101	-0.988837
86	10	1	8.509437	2.105621	1.376193	5.730544	2.678074	9.216757	-0.075926	-1.702811	1.165440	-0.632829	-1.884716	-0.622212
87	1	100	7.626880	1.698650	1.142821	-2.242652	0.539173	5.564884	0.046307	-1.404108	0.838378	1.055785	0.973706	1.447144
88	1	100	4.401620	1.690263	-2.171173	1.111604	-2.008294	-1.216994	3.865669	-2.620092	-1.962405	0.730788	1.330142	0.719333
89	10	2	3.654594	3.280187	4.607465	3.655990	4.539507	2.792720	-0.880125	-2.861022	-1.709501	0.875586	0.157248	0.488442
89	10	1	3.654594	3.280187	2.256008	3.598295	4.492874	7.502105	0.500459	-0.675118	-0.005120	2.830303	-1.402431	0.947741
89	10	2	3.654594	3.280187	4.606102	3.655621	4.538865	3.342758	-0.528455	-3.890316	-1.724696	0.981831	-0.051257	0.398152
89	10	1	3.654594	3.280187	2.298007	3.496206	4.509466	5.463088	-1.501510	0.883009	1.336156	2.439994	0.009796	1.195121
89	10	1	3.654594	3.280187	4.482434	3.646876	4.527116	5.716322	0.813485	-2.620656	-1.316744	1.850104	-0.940372	0.554238
89	10	6	3.654594	3.280187	4.601951	3.654926	4.537727	3.875558	-0.180708	-4.074001	-1.703466	1.131875	-0.223122	0.372941
89	10	1	3.654594	3.280187	4.503718	3.647916	4.528324	5.590871	0.757775	-2.739318	-1.360010	1.794241	-0.876968	0.527681
89	10	1	3.654594	3.280187	4.580380	3.652697	4.534427	4.728461	0.323381	-3.530393	-1.588079	1.435226	-0.507005	0.394406
89	10	4	3.654594	3.280187	1.271959	3.573723	4.485420	7.609290	-0.111982	-0.276063	0.404715	2.994941	-1.097426	1.018269
89	10	1	3.654594	3.280187	1.805962	3.499195	4.495528	6.441760	-1.396085	0.640195	1.247132	2.840171	-0.233591	1.165765
90	1	100	7.674012	5.238837	0.803459	0.494396	1.338179	-4.573812	-6.232954	6.590802	1.458377	-2.722585	1.816515	1.352459
91	1	100	6.522775	2.337420	0.799942	-1.121685	0.441728	-2.603426	2.068906	6.036797	2.021499	0.096550	-0.226653	4.333386
92	2	74	5.452123	-2.664295	-4.592720	-5.153083	0.042870	-6.874051	-0.080439	6.377039	1.167630	-4.896501	0.017312	2.223809
92	2	26	5.452123	-2.664295	0.964698	0.716830	4.123272	-2.908930	2.433133	-0.487315	0.458065	-6.018163	0.883723	0.070466
93	1	100	6.303140	4.314161	6.424907	5.845521	3.592792	-4.738931	0.431307	-2.632493	0.210863	-3.911142	6.064094	-1.047763
94	1	100	6.736813	2.909833	2.512564	2.765863	1.863053	-0.721030	-6.726454	7.795585	0.519279	-1.293120	1.190898	3.265434
95	1	100	7.143615	3.574446	2.466838	-0.628847	1.173816	-6.059437	-0.389122	4.349711	-0.322610	-3.516804	-4.023495	-0.471391
96	10	1	2.204183	-0.681817	-0.926058	-2.335761	2.385703	-0.236427	-1.683867	4.517023	3.797588	-1.208649	0.748138	2.498107
96	10	2	2.204183	-0.681817	-2.108862	-3.688052	2.181111	-0.374302	-2.046108	3.838798	3.882361	-0.995323	-0.053569	2.278639
96	10	3	2.204183	-0.681817	-3.290584	-5.047515	2.037740	1.304140	-1.926145	3.021357	3.709522	-0.475170	-0.921226	1.809070
96	10	5	2.204183	-0.681817	-3.689092	-4.140723	2.004510	2.900665	-0.639870	1.817513	3.232045	-0.181021	-1.994409	1.049833
96	10	1	2.204183	-0.681817	-0.823944	-1.156621	2.376359	5.838496	2.957214	-0.252320	2.235898	-0.710945	-3.321304	-0.192690
96	10	1	2.204183	-0.681817	0.291524	-0.784401	2.552795	5.069214	2.005901	-1.833569	1.457923	-1.396391	-3.786353	-1.728172
96	10	5	2.204183	-0.681817	-3.686237	-5.171918	2.004028	2.272630	-1.606220	2.474782	3.490913	-0.256321	-1.463129	1.449499
96	10	1	2.204183	-0.681817	-3.482776	-5.202452	2.020555	1.730358	-1.838306	2.824639	3.631008	-0.373331	-1.122756	1.678951
96	10	1	2.204183	-0.681817	-0.363186	-0.997025	2.448759	5.755801	2.851825	-0.679172	2.021327	-0.895502	-3.498730	-0.539974
96	10	5	2.204183	-0.681817	-3.737387	-4.516697	2.000277	2.751665	-0.985961	1.990520	3.302932	-0.186178	-1.860323	1.153667
97	10	3	6.829653	2.435555	-0.803718	2.180234	2.776333	1.683798	1.603535	3.304781	3.023732	0.440541	-3.482296	2.248344
97	10	2	6.829653	2.435555	0.452241	2.523730	2.936532	4.184529	2.683133	1.235930	2.439259	0.583747	-4.653574	0.945482
97	10	4	6.829653	2.435555	0.694053	2.593834	2.988512	4.370672	2.788683	0.999853	2.313789	0.594523	-4.579771	0.819385
97	10	3	6.829653	2.435555	1.864289	3.304218	3.340364	4.650369	3.468627	-1.409568	0.877121	0.625467	-3.433985	-0.450353
97	10	2	6.829653	2.435555	1.727866	3.437199	3.398623	1.311529	1.994668	3.930448	2.738239	0.424994	-0.907629	3.582795
97	10	8	6.829653	2.435555	0.693680	2.794314	3.230339	0.420712	1.203262	4.312755	3.028871	0.370298	-1.422795	3.717005
97	10	1	6.829653	2.435555	0.834497	2.641470	3.022748	4.474910	2.854767	0.843492	2.228222	0.600895	-4.513714	0.736058
97	10	3	6.829653	2.435555	2.206319	3.739058	3.422961	3.446970	3.608502	-3.321896	-0.833816	0.036668	-2.296149	-1.137115
97	10	6	6.829653	2.435555	0.366620	2.610460	3.145468	0.376989	1.130152	4.286440	3.043767	0.367537	-1.734408	3.578983
97	10	2	6.829653	2.435555	-0.724000	2.188585	2.798814	1.483976	1.520676	3.453686	3.034078	0.428691	-3.312048	2.389167
98	10	1	5.659107	1.711250	2.867049	0.476027	4.088728	8.440631	2.291516	-3.762721	0.891541	0.770358	-1.078572	2.184726
98	10	5	5.659107	1.711250	2.897954	0.520895	4.289713	3.343005	-1.271083	-0.195429	-0.279924	-0.603036	1.649948	2.138408
98	10	4	5.659107	1.711250	2.238994	-0.183630	4.094013	2.846359	-2.066727	3.444972	1.632080	-0.154740	1.656214	3.376860
98	10	2	5.659107	1.711250	1.524401	-0.702641	3.749601	4.196382	-1.209532	2.950364	2.398290	0.456686	0.935857	3.732209
98	10	4	5.659107	1.711250	2.637120	0.104614	4.207076	2.727581	-1.842211	2.453969	0.625269	-0.464160	1.887811	2.921204
98	10	1	5.659107	1.711250	0.622731	-1.313448	3.121788	6.793629	0.897932	1.871194	2.719333	0.891023	-0.155044	3.763271
98	10	1	5.659107	1.711250	0.752360	-1.222372	3.237424	6.428868	0.578329	2.070141	2.702707	0.833741	0.045633	3.779672
98	10	1	5.659107	1.711250	1.285960	-0.868317	3.605672	4.895292	-0.651429	2.698028	2.530416	0.595632	0.679388	3.772143
98	10	2	5.659107	1.711250	1.711209	-0.569547	3.853921	3.710106	-1.601051	3.139012	2.263548	0.323299	1.131368	3.680077
98	10	1	5.659107	1.711250	2.895959	1.002861	4.319797	6.143023	0.498495	-3.954093	0.086638	-0.215197	1.005333	1.506932
99	10	1	8.345747	3.885621	6.400411	5.591724	4.407257	1.410493	-3.475385	-0.035707	-0.664641	-9.210215	5.097395	-2.810857
99	10	1	8.345747	3.885621	3.058829	2.717669	4.342575	2.667646	1.295000	1.798351	3.036368	-1.192422	0.001098	1.361117
99	10	3	8.345747	3.885621	5.837808	3.836914	4.380616	-0.050164	-4.262514	0.998615	-0.050308	-11.893939	5.618840	-2.506463
99	10	1	8.345747	3.885621	4.628045	3.022013	4.344478	-1.116275	-2.421146	4.559476	3.324786	-1.482799	4.225469	2.538858
99	10	2	8.345747	3.885621	5.506440	5.244972	4.401479	4.319774	4.007296	-2.191824	1.236990	-3.461111	0.299585	-1.290584
99	10	2	8.345747	3.885621	4.069463	2.789080	4.342611	4.358025	2.776246	0.130293	2.353574	-2.129945	-0.924972	0.256326
99	10	1	8.345747	3.885621	5.309756	3.290029	4.349884	-0.720737	-4.460458	5.287348	1.359015	-12.179753	5.615652	1.519207
99	10	1	8.345747	3.885621	3.199072	2.714211	4.342561	3.322229	1.666532	1.370221	2.890216	-1.410964	-0.263993	1.080208
99	10	2	8.345747	3.885621	4.948432	3.133292	4.346085	-0.981215	-2.805637	5.008486	3.202879	-2.526222	4.917241	2.418923
99	10	1	8.345747	3.885621	6.463553	5.979578	4.407280	1.717851	-3.193372	-0.270018	-0.856171	-8.643405	4.731427	-2.818739
100	1	100	6.318499	4.703482	-1.639443	0.273796	-0.248174	-1.884282	2.329004	2.769518	-0.134865	-5.174742	0.424750	-4.417466
