12	3	5.996227	1.054284	-6.336665	-2.568332	-0.393642	6.096231	6.015600	5.156469	2.624857	-0.931824	6.049417	2.744092	0.788502	5.589632	1.482685	5.224622	4.702712	7.683210	5.996227	-5.529063	5.230754	6.168275	6.452768	-2.117210	-19.531098	7.639425	7.659304	4.384413	-0.107943	3.798331	7.378729	-2.070291	5.798130	-0.667790	0.640259	7.250498	5.996227	-1.188698	-0.478393	6.164323	6.419907	-2.102712	-14.647741	7.638747	7.658676	4.384413	-0.107939	3.798331	7.378729	-2.070279	5.798103	-0.667742	0.640262	7.250498
20	3	6.742443	-0.420774	0.671355	7.944057	6.469378	-0.174261	-13.910510	6.838258	5.630555	5.746746	-0.362564	7.594165	7.025461	-3.711255	6.795028	2.616489	5.639943	-0.855504	6.742443	1.684784	-3.611399	-1.101085	-4.074171	6.769643	5.508569	3.298089	1.346203	-0.318939	6.213867	2.887404	3.301129	7.503752	4.017052	7.594848	6.433507	4.457583	6.742443	-4.537746	7.094686	8.496102	7.104844	-6.272472	-17.758496	6.838258	5.630728	5.746746	-0.362557	7.594165	7.025461	-3.713140	6.795090	2.616477	5.639943	-0.855504
26	3	6.619313	-1.488162	5.495302	6.469321	2.806489	1.102003	-20.807378	0.686223	7.443664	7.897403	-0.317754	6.228751	7.655826	-1.670273	8.806756	2.561264	3.012501	3.264100	6.619313	3.482981	-7.031643	-2.345538	-7.182220	7.372053	2.849358	-3.649970	0.910456	5.080085	6.087726	2.292090	4.768961	3.502419	6.296899	6.149625	6.708110	3.953281	6.619313	2.736378	-6.820183	-1.975466	-7.165121	6.641774	-0.639785	-1.736626	3.272762	6.508315	5.768497	4.300511	7.293699	2.955177	8.796060	6.149620	6.670248	3.271879
34	3	5.769019	1.144549	-4.917178	0.386915	-3.163970	6.468725	2.062116	-0.314633	-3.639838	3.255909	5.540171	-2.083200	6.073159	6.765189	3.109412	7.380485	3.536809	5.655221	5.769019	-7.276162	6.759541	6.659663	4.582117	-3.200893	-16.311662	6.209147	1.148287	8.792289	0.673636	2.570695	6.464865	1.088580	3.109605	-3.455379	1.276150	1.594074	5.769019	1.097972	0.777973	3.383473	3.338517	0.800356	-9.587267	6.209137	1.148287	8.792289	0.673636	2.570695	6.464865	6.112032	3.109605	-3.178612	1.276150	1.594074
42	3	7.234211	-0.384226	3.932740	7.101620	3.144234	-1.116600	-11.072707	8.469735	6.117003	6.791331	0.902920	2.984495	3.899037	0.431755	7.115139	-0.517353	2.465197	4.318446	7.234211	-0.040976	-1.945549	2.074134	-1.409271	5.653928	6.426256	2.932097	2.570574	2.775329	6.751597	-2.606655	-2.087126	0.478050	0.822263	5.000590	8.964095	5.679275	7.234211	1.718873	-5.195398	-2.837941	-4.091620	6.111213	11.798888	2.932096	2.385599	2.775329	6.751714	-2.609985	-2.090253	5.545557	0.820506	5.050555	8.964095	5.679275
49	3	6.869733	-3.051743	5.531820	7.123835	4.877619	-2.165001	-8.717929	6.461516	5.303674	6.995551	5.723927	5.843317	5.916603	-0.447696	6.213279	-4.559646	7.602494	2.111473	6.869733	1.572104	-2.131601	0.017559	-2.752499	7.392409	13.847884	0.415833	0.339233	0.517467	6.471788	-0.241851	0.400316	7.890350	2.568015	4.398986	7.908770	3.963271	6.869733	1.384487	2.957036	3.677119	3.166574	1.187162	-3.166744	6.461487	5.303617	6.994296	5.837229	5.804980	5.916401	5.201058	6.213278	-3.032455	7.702259	2.111876
50	3	3.981029	1.173894	2.814132	-1.945164	0.725129	0.205049	-10.814415	5.539715	6.400103	9.000417	-1.610872	3.818075	5.323726	5.405931	6.412658	0.658586	-0.056456	4.318723	3.981029	-6.300399	7.337687	4.068179	5.760207	-1.334132	-18.508491	5.539715	6.400103	9.000417	-1.610872	3.818075	5.323726	0.375496	6.412658	-2.796808	-0.056456	4.318723	3.981029	1.266224	-2.865543	-8.257642	-5.153626	5.991303	9.432762	-0.309415	2.432764	3.695724	4.858259	-1.779827	-0.424620	5.867717	1.455857	3.608629	4.568020	8.192250
51	3	3.939152	-5.101917	6.340195	9.560231	4.430063	-2.306734	-16.926457	5.947014	7.217053	4.694408	1.018783	7.388929	6.083080	-3.707231	5.608776	-4.107116	0.125039	1.582260	3.939152	-0.166993	3.075613	2.978225	1.495257	5.918289	12.846287	-0.139824	0.820530	1.334490	7.131327	3.904336	0.650301	1.461153	1.816734	7.232968	5.214352	6.239257	3.939152	1.187443	2.422581	-1.794840	-2.765873	8.082941	14.898877	-0.139824	0.820530	1.334490	7.131327	3.904336	0.650301	6.096455	1.816734	7.301557	5.214352	6.239257
68	3	6.352578	0.987678	-0.771338	-1.718077	-1.976426	9.149806	9.655550	1.400552	-1.599709	3.321988	6.534894	2.129012	5.776455	5.609223	0.152795	3.816234	6.806661	3.357986	6.352578	-6.546669	7.424523	5.487997	8.016435	-0.537499	-11.116166	5.345199	3.493524	8.460822	-0.065600	8.204850	6.630008	-3.614482	0.182228	-3.488223	4.019505	-1.688587	6.352578	-1.450002	0.902392	0.371552	1.998175	7.951875	6.736001	1.400552	-1.597899	3.322300	6.534780	2.482260	5.776463	5.388714	0.152795	3.757966	6.806592	3.357960
71	3	9.615400	-0.316341	6.618273	1.791934	1.085258	1.827327	-7.973938	5.449500	2.001926	8.421996	0.988312	6.659241	6.951297	1.212969	3.629104	2.587903	-0.695676	0.755747	9.615400	1.394249	-5.223582	-7.678865	-6.427580	8.026189	12.740122	0.527086	-4.234756	2.258222	6.704741	0.439296	0.381353	6.998299	0.553921	8.595773	4.886289	6.447069	9.615400	1.028749	2.013606	-1.342965	-1.475886	5.814048	-4.002455	5.447779	2.001886	8.421992	0.993584	6.659239	6.951237	1.214892	3.629074	8.594420	-0.694912	0.755747
76	3	5.748544	-3.771461	7.449250	4.685529	7.087396	0.247101	-24.282997	6.763720	7.077134	7.102850	4.395765	7.767857	6.791350	-0.919558	9.509441	-4.484979	1.681526	-0.645443	5.748544	0.623709	2.407652	1.525716	5.725831	4.488770	-13.677198	6.763595	7.077134	7.102850	4.399121	7.767857	6.791350	1.987502	9.509441	1.609810	1.686660	-0.645443	5.748544	1.250539	-3.467192	-2.672663	2.794677	7.871077	8.041466	0.906658	1.846212	0.467769	7.469974	1.929253	0.845217	6.155336	7.083131	1.836776	6.923056	4.937760
80	3	7.561026	1.887514	-6.877587	-2.233606	2.457140	7.550695	14.542199	1.471499	0.025624	-0.033442	6.701688	-1.349437	0.490273	6.945859	2.082306	6.655437	8.484770	6.713350	7.561026	1.788297	-0.480065	3.525920	5.438779	4.591153	-6.989252	7.563058	5.973634	6.079273	1.319137	4.377769	6.977615	4.543584	5.768867	1.362264	2.088740	5.369406	7.561026	-2.702194	5.395794	6.712208	7.679652	-1.325395	-13.376069	7.563059	5.973634	6.079273	1.319137	4.377769	6.977615	2.219966	5.768867	-6.107927	2.088740	5.369406
81	3	5.662301	1.281274	-3.165677	-4.177230	-4.539982	6.459631	6.287413	0.460208	4.805122	1.017402	5.978702	-1.250555	1.356316	8.920417	6.840909	7.573651	5.238705	7.435497	5.662301	-3.161901	6.356391	5.352188	6.619257	-3.267776	-15.033426	6.530889	5.209896	7.414972	-0.408228	3.461787	6.235804	2.513577	6.847471	-3.932004	-1.256499	0.994616	5.662301	0.963120	2.943211	0.371972	1.069541	0.913179	-7.133420	6.530889	5.208707	7.414972	-0.408228	3.461787	6.210361	8.699138	6.847463	2.088996	-1.256499	0.994616
83	3	7.729174	-3.456626	8.560746	6.376455	6.480991	2.508734	-12.727232	8.983771	5.092518	3.740338	4.939780	6.216129	6.617110	0.566703	5.490365	-7.962418	1.745352	5.817347	7.729174	-1.014933	1.655862	3.020375	-0.458357	7.340344	12.109204	2.555378	-0.950667	0.166509	7.919387	0.049803	1.810142	6.827659	1.974423	3.109979	5.533836	5.841551	7.729174	0.767381	-3.315008	1.710284	-5.143719	7.934465	14.429448	2.544984	-0.950667	0.166509	7.919567	0.049803	1.810142	7.132845	1.974423	3.111447	5.533837	5.841551
84	3	5.215029	-8.263040	4.654448	7.006370	7.748741	-4.081525	-14.862822	4.569872	9.159719	6.578994	-0.136326	5.309471	6.267872	-2.980661	3.406023	-1.030840	7.154283	-2.181000	5.215029	-3.197481	0.256342	0.838306	4.116788	2.187619	2.819466	-1.878272	3.196467	1.416549	4.940983	-0.860644	1.148316	5.884257	3.406002	0.498943	8.131679	4.184403	5.215029	-0.774397	-1.975864	0.791831	3.433061	3.309754	3.650097	-1.878272	3.196467	1.416546	4.940995	-0.860991	1.118831	5.884620	3.406002	1.541803	8.131683	4.184403
89	3	7.110493	-3.730743	7.626221	6.256273	6.518921	-5.595493	-25.735420	4.917579	6.116653	4.231809	0.330465	6.538960	7.798438	-2.850610	6.966400	-4.737101	-2.712993	0.324273	7.110493	1.181254	1.612071	2.376629	3.412395	-1.639353	-17.315872	4.917562	6.116653	4.231809	0.330465	6.538948	7.798404	2.785892	6.966400	-4.727180	-2.712993	0.324273	7.110493	1.463305	-4.455784	-3.719362	-3.814725	3.834132	5.030352	-0.197798	0.258016	-1.820108	6.471859	2.518438	3.261181	8.200403	1.482945	4.868915	3.871572	1.531412
95	3	5.409153	4.904167	-6.456551	-8.236665	-6.184271	5.147415	7.037376	7.673069	1.211404	1.300727	8.517181	1.652727	1.164740	8.767173	3.137037	4.953809	5.519942	5.439522	5.409153	4.391095	0.183413	-1.729466	0.157270	-0.888387	-8.672738	7.927824	5.090498	6.269380	4.092059	6.373391	7.631026	3.307738	5.792991	-1.046303	-0.252867	3.791915	5.409153	-2.080348	6.540356	4.152965	6.354392	-6.589536	-16.056698	7.927824	5.090551	6.269380	4.092059	6.373391	7.631026	-1.537156	5.793021	-6.228255	-0.252867	3.791915
96	3	7.851745	2.429414	-6.828322	-4.595486	-8.712996	6.287619	10.434217	0.273553	2.143009	5.610656	8.031824	2.197957	0.644216	8.823635	-1.683019	8.267543	5.982801	0.876880	7.851745	2.429412	-0.975951	1.229656	-2.227364	-0.244889	-5.309507	6.832745	6.041123	6.445957	3.071385	3.668112	6.597793	8.560543	3.695884	4.771100	1.979938	0.036185	7.851745	-3.483854	5.366694	6.795293	3.652225	-5.897495	-10.806771	6.832820	6.041123	6.445957	3.069664	3.668112	6.597810	6.965442	3.695884	-2.128720	1.976677	0.036185
97	3	6.623030	-0.227052	-2.223014	4.608213	-8.425273	7.248620	7.448685	0.131290	4.478677	4.773560	5.184970	0.842269	0.295332	-0.269135	2.541102	5.186850	1.313180	4.487554	6.623030	-5.567731	7.181184	9.259738	3.132379	-5.578002	-12.513006	4.821771	6.211952	7.611741	-0.474984	6.583250	5.902265	-3.903835	3.971565	-0.932485	-1.686380	2.576718	6.623030	1.846013	-3.394119	-0.125345	-9.061999	7.320258	12.033120	0.131264	4.478676	4.773560	5.184970	0.842269	-0.112626	4.427201	2.541099	5.186850	1.313180	4.487554
