1	2	84	-12.708798	-32.506594	0.760177	11.026919	3.247058	-37.309805	-14.749777	8.360794	-16.804326	7.834257	6.481434	7.116024	6.872246	2.257930	-20.620816	7.637500	-4.012946	8.241201	-10.831595	-10.915633	-2.862292	-0.572259
1	2	16	5.254434	18.024622	6.958409	-27.640085	-5.435608	12.878700	3.688364	1.864782	4.933599	-2.522023	-8.596984	-4.532352	6.872246	2.257930	14.130716	-2.651713	5.582566	8.241201	10.450901	5.132100	3.207967	5.878522
2	1	100	-7.601248	-36.098997	1.023071	9.540513	7.598328	-43.083968	-27.784083	6.484454	-9.800214	3.817671	6.331756	6.733112	2.988057	8.408985	-23.138546	5.579267	-4.913827	8.797483	-14.997693	-2.634263	1.318549	-4.981273
3	2	19	6.853111	20.878112	7.409315	-15.791107	-3.338096	16.375087	8.246459	3.129100	6.997974	-1.239147	-6.603687	-5.000194	6.893210	7.038439	8.218284	0.456948	7.069582	4.416783	9.393882	6.491515	5.683781	7.040605
3	2	81	-11.345898	-38.404942	5.092759	11.229697	5.044622	-40.197388	-18.197110	8.414363	-11.160546	6.235008	9.601624	5.873398	6.893210	7.038439	-20.296904	6.943969	-4.661611	4.416783	-18.572690	-11.729823	-0.821387	1.003935
4	2	90	9.137818	22.037568	7.001877	-20.411369	-2.643472	7.937547	4.381426	0.225276	2.018329	-5.090973	-12.499278	-2.836322	6.724084	4.618754	12.987160	-4.066594	5.695146	7.428504	10.184760	6.859458	7.293930	7.776772
4	2	10	3.859123	-13.658201	5.265373	-0.911733	7.568230	-33.490985	-2.893633	5.990693	-17.937473	7.427614	6.915707	6.364583	6.724084	4.618754	-11.482874	5.371858	2.266805	7.428504	-7.737258	5.848646	7.242766	6.209852
5	2	54	-8.602394	-32.855984	4.219607	14.787137	7.082473	-26.615130	-22.039272	7.597275	-14.199956	8.391191	8.606363	7.409934	5.947826	5.156039	-24.275137	4.524518	-0.475057	8.069281	-13.557056	-10.166748	4.430231	2.403802
5	2	46	6.644793	23.906052	7.289539	-27.894568	-2.681917	21.115959	7.998587	3.820193	6.843636	-3.840019	-8.034409	-5.354193	5.947826	5.156039	12.674841	-6.329216	7.345647	8.069281	9.211711	6.042541	8.072952	7.920188
6	4	27	4.889076	23.925996	5.856378	-16.730213	-5.195674	20.829531	4.815571	0.132954	4.662814	-4.452335	-8.822226	2.201656	4.859407	6.788799	9.496879	-5.459579	5.895086	7.410182	7.974123	8.648540	2.679079	6.846620
6	4	51	-13.407790	-34.371411	1.688195	13.562204	6.134695	-24.086967	-15.337317	6.323388	-11.025213	5.998849	6.237314	8.181411	4.859407	6.788799	-20.113995	6.029757	-5.852666	7.410182	-19.453604	-6.261904	-2.922565	0.609505
6	4	15	4.862344	20.315722	5.855425	-6.942000	-1.454957	19.028373	1.315514	0.132954	4.642207	-4.452335	-5.016912	2.201656	4.859407	6.788799	-1.195088	-5.157307	0.143005	7.410182	2.831545	3.315233	2.374730	6.845953
6	4	7	1.651172	7.170108	1.712948	4.596132	6.115719	2.110141	-3.228960	0.132954	4.497140	-3.978957	-3.291244	2.460940	4.859407	6.788799	-7.200619	0.594486	-3.785058	7.410182	-7.336781	0.722957	-2.722501	6.840986
7	2	73	-7.926751	-31.974250	4.016103	11.873054	4.558430	-29.237753	-19.721224	6.437532	-11.074346	4.460663	5.570591	6.511955	8.145301	6.723450	-19.110727	5.282106	-5.436529	4.291722	-18.671361	-11.372184	4.776640	-1.512503
7	2	27	7.282846	16.404023	6.686902	-26.738842	-6.789582	15.235543	4.462841	0.956766	7.147933	-4.854325	-12.331123	-3.987079	8.145301	6.723450	9.106068	-7.001616	4.211240	4.291722	8.497240	6.032955	6.363802	5.026470
8	2	53	9.119023	21.431271	9.192423	-17.963295	-4.018202	14.737785	3.537953	-1.685363	7.047093	-3.070878	-8.304524	-3.906075	4.296161	7.568183	11.703032	-4.961179	4.880613	8.278873	9.844951	7.960253	6.298874	5.961014
8	2	47	-5.529569	-29.418891	6.013610	11.895195	6.337443	-24.536860	-21.165939	4.465187	-15.237728	9.099799	6.216199	6.441231	4.296161	7.568183	-20.102577	5.724711	-1.601586	8.278873	-20.175596	-9.761986	-0.118267	2.641578
9	2	62	-3.507924	-26.477410	0.381133	16.430831	7.339502	-27.651087	-24.957337	7.109098	-9.761892	5.757367	2.981647	6.801746	6.371419	6.696832	-22.027986	6.084767	-5.831106	4.762788	-15.399954	-3.149357	1.519317	4.907301
9	2	38	7.581656	22.584165	6.596902	-16.443559	-0.446554	15.792340	1.224036	2.743761	6.207073	-6.252819	-11.195325	-5.387924	6.371419	6.696832	13.753763	-6.736244	5.303545	4.762788	8.785491	7.111667	6.643073	8.364752
10	2	4	2.705448	13.793832	5.071742	-14.102563	-5.389683	13.377593	2.055880	0.679925	3.636729	-1.354800	-9.865637	-2.520114	6.756581	7.818531	8.769897	-5.112234	6.244141	5.537899	8.325569	3.154014	4.394074	4.456480
10	2	96	-11.170304	-42.344411	0.841906	16.292122	6.713501	-27.651223	-20.715122	5.338237	-18.987918	7.273040	9.137123	7.823741	6.756581	7.818531	-16.490409	7.220270	-6.488667	5.537899	-19.170604	-10.313147	-0.648970	-2.069529
11	2	75	-3.262289	-40.858629	4.655764	12.720057	3.392126	-35.408755	-17.403003	8.442808	-13.865149	6.956176	8.730111	6.710072	7.153039	6.085224	-18.558374	4.826267	-4.216022	4.649636	-15.788598	-13.338951	0.936722	0.927020
11	2	25	3.099036	17.589456	5.952726	-23.987101	-6.984850	15.981725	6.770868	5.117922	5.004223	-5.569698	-8.035985	-4.583708	7.153039	6.085224	12.495461	-6.610792	7.308417	4.649636	8.977171	5.317767	6.556455	6.576497
12	2	72	-12.164823	-49.493191	3.233870	15.700068	6.731251	-27.698442	-15.629009	8.114614	-16.712322	5.628409	2.871369	7.143720	9.172360	6.351549	-17.280969	6.060255	-4.304670	5.206481	-10.676896	-12.251135	2.559174	2.520422
12	2	28	3.753873	14.585246	7.110448	-24.246936	-3.885628	15.750558	6.655699	3.480167	4.327406	-2.585884	-14.657126	-0.261349	9.172360	6.351549	14.370363	-4.971491	7.457265	5.206481	8.911846	6.258326	8.051651	6.790974
13	2	99	5.299741	18.275513	6.407236	-27.547269	-4.862247	18.260308	3.038622	-2.331680	5.052680	-3.817493	-12.218896	-5.077158	7.648453	6.273726	13.382415	-6.213188	5.449017	5.900068	10.632934	8.084977	5.530216	9.274186
13	2	1	1.680645	-18.875838	0.178437	11.287969	6.182419	-9.580198	-4.890271	4.102101	-8.196631	7.807915	5.277032	4.357687	7.648453	6.273726	-12.021342	3.531591	3.470573	5.900068	-16.025687	-0.144692	-0.415949	5.956149
14	2	94	6.755359	21.634652	4.679020	-28.552361	-2.230597	22.175745	7.569933	1.030057	6.696189	-5.732078	-12.752204	-6.041080	6.902383	2.929000	14.454026	-6.722734	6.227870	3.335679	7.430965	8.144343	7.035520	6.680545
14	2	6	-4.131183	-38.751945	-0.747474	15.544341	6.579142	-25.103873	-15.143842	7.613205	-11.678425	7.297874	3.886411	6.587330	6.902383	2.929000	-11.691525	5.627821	-3.320535	3.335679	-18.566703	-6.979398	1.306707	2.828205
15	2	57	6.013684	18.407881	9.339331	-21.439561	-4.433906	16.282022	9.805488	0.708554	9.342041	-2.331196	-9.787489	-4.765297	8.020107	1.406745	13.493346	-8.470304	6.941800	4.924526	10.553791	7.993039	7.917181	6.155270
15	2	43	-12.762854	-35.994838	4.024109	16.456907	7.664649	-34.465401	-19.305675	7.252075	-13.745940	3.898189	5.483451	5.945844	8.020107	1.406745	-17.067972	4.533920	-4.417661	4.924526	-18.086492	-8.322673	1.847087	1.581952
16	2	45	-11.528432	-28.325591	0.790663	9.762962	8.916799	-29.891003	-9.652184	7.061412	-15.737789	7.631239	7.804575	6.088695	5.576521	5.183092	-18.229998	5.901268	1.302104	7.886979	-11.184108	-11.722106	1.052106	0.271064
16	2	55	6.835672	19.555530	5.402053	-25.431905	-0.387780	15.112898	10.408816	4.637949	5.235254	-4.520077	-9.349583	-3.811579	5.576521	5.183092	12.406502	-3.124350	5.810477	7.886979	8.176841	4.938451	6.984842	6.498726
17	3	76	-1.608725	-34.592796	1.506840	10.682715	6.960545	-41.360616	-22.845581	4.592054	-12.989329	7.085133	5.424887	6.769255	8.859865	5.920479	-22.542625	6.313261	-4.878493	7.130735	-17.707072	-5.568373	3.450910	-0.323895
17	3	18	4.289771	6.091521	1.509465	-10.701769	6.103811	-7.092889	-2.146387	-1.644825	6.702815	1.569564	-6.753427	1.858647	8.859865	5.920479	6.227377	-0.180806	7.559346	7.130735	-3.266672	3.524483	7.862136	5.788748
17	3	6	7.850610	18.270064	6.388439	-26.139122	1.950179	6.707236	4.159309	-1.644825	7.481947	-4.392622	-13.222866	0.432928	8.859865	5.920479	10.030734	-5.422825	7.600922	7.130735	9.708026	6.161286	8.446309	5.788748
18	1	100	-12.642998	-29.004917	1.520530	10.064271	7.687263	-42.257672	-16.528672	6.246557	-15.102999	8.036185	6.715704	6.206780	5.476215	7.985696	-18.405014	6.116648	-4.677547	9.453968	-15.754996	-13.143677	1.720295	0.965549
19	4	53	-8.752146	-39.941928	-3.511744	9.900794	6.049943	-24.298749	-20.682105	4.001687	-7.177577	7.437131	5.194036	6.425461	5.626031	9.489286	-25.974069	6.203171	-4.138532	4.839080	-12.982724	-12.132635	1.391879	1.457468
19	4	30	6.217058	21.768610	2.260279	-11.209182	-0.240025	10.958976	2.358378	-2.250374	7.457651	-5.145485	0.746904	-4.473161	5.626031	9.489286	-5.235713	-5.601575	0.127180	4.839080	5.569961	3.629926	7.107791	6.764536
19	4	14	6.382608	23.131453	2.260321	-24.492667	-5.655314	18.440681	4.199018	-2.250376	8.175115	-5.145500	-4.269866	-4.473161	5.626031	9.489286	5.554988	-5.601682	5.507296	4.839080	12.040085	5.653174	7.156804	6.767441
19	4	3	3.710257	12.646659	2.259977	-3.058356	0.268896	-5.763118	-0.188829	-2.249233	-2.136831	1.084990	4.399041	1.496738	5.626031	9.489286	-8.627324	-5.480709	0.126290	4.839080	2.952119	2.991043	7.072655	4.533129
20	3	26	-2.862449	-39.104092	5.974036	10.026284	2.374066	-35.655061	-15.308653	6.774586	-11.273144	7.475221	5.105359	4.678514	7.803971	5.069057	-20.216149	5.834566	-2.748388	6.759821	-20.823865	-11.753409	-1.597550	1.904829
20	3	46	8.566154	16.938959	6.960726	-19.804635	-5.314321	14.074856	9.705544	2.368174	7.128053	-0.882104	-5.946742	-4.592760	7.803971	5.069057	12.176953	-0.923446	7.044994	6.759821	6.834468	3.315847	3.924820	6.513160
20	3	28	8.321660	-6.593135	6.960726	-6.621614	-5.235754	-10.418741	2.564384	6.753209	-6.486772	7.475220	1.872818	4.675141	7.803971	5.069057	5.726781	0.324731	7.044846	6.759821	-3.010796	3.306644	3.923314	5.017221
21	2	79	-11.798380	-34.328841	2.424202	15.449925	4.891921	-29.112432	-24.130664	5.402175	-17.059011	7.848973	3.562257	6.275563	6.364936	6.054740	-12.224405	7.063843	-2.587089	6.323641	-22.725275	-9.162926	4.313807	0.256893
21	2	21	6.189846	19.094919	6.632067	-23.370955	-6.395507	16.752400	3.885873	0.868009	1.822411	2.409475	-11.167510	-1.072859	6.364936	6.054740	14.189085	-0.651229	4.525299	6.323641	6.534461	5.974649	9.662003	5.356015
22	2	62	-4.213221	-39.092435	2.393852	11.115772	6.173486	-34.012762	-28.132527	5.905553	-7.029045	5.621546	7.650026	7.952687	6.229289	7.952009	-21.010981	6.407664	-0.776006	9.025862	-15.646398	-6.401903	5.118419	1.215611
22	2	38	8.303598	15.335231	6.929270	-28.342176	-5.475949	13.770461	5.577483	-0.126529	5.560368	-1.182047	-6.976482	-5.135005	6.229289	7.952009	9.999320	-5.441947	8.958630	9.025862	9.878442	6.444580	7.149702	6.339441
23	2	93	-5.437061	-40.841206	1.814560	16.793522	6.550306	-27.115483	-16.099802	6.641694	-10.790467	7.287750	5.117957	8.098879	5.089608	5.584005	-25.424011	7.925030	-5.256308	7.340226	-15.900034	-12.299458	1.838911	-0.807321
23	2	7	7.187562	20.390677	7.306744	-22.769736	-6.342362	23.044790	4.370080	2.351880	3.475040	-3.708832	-12.347183	-4.096909	5.089608	5.584005	8.556923	-3.012089	3.985495	7.340226	11.136838	3.672854	6.726608	5.590434
24	3	55	-4.834468	-38.941455	5.184227	15.136482	7.841397	-33.095961	-16.211768	7.277492	-13.560543	7.711030	7.769461	3.681524	8.638731	6.343208	-19.261406	6.551816	0.106017	3.766086	-16.315265	-5.064836	-1.159113	0.180371
24	3	28	6.999388	18.692436	7.758586	-16.350104	-3.124303	15.149298	7.396150	0.693437	8.042597	-2.612337	-9.176357	-7.714533	8.638731	6.343208	8.916476	-1.090956	6.505374	3.766086	10.057909	8.480690	5.399407	5.811748
24	3	17	6.927588	3.259559	5.184232	0.536436	7.270779	6.826763	-1.165036	0.768025	7.861401	-2.612008	-3.141657	-5.616871	8.638731	6.343208	-5.447890	2.122171	0.627203	3.766086	1.503128	6.633254	5.399405	5.811748
25	2	76	-13.086269	-43.026188	0.358890	19.010373	6.162582	-32.960456	-9.743397	8.625465	-17.800258	6.643170	6.295797	7.974023	5.470097	4.999728	-17.820843	7.553487	-3.434967	4.526605	-11.882551	-8.803857	1.319028	-0.268536
25	2	24	3.122664	19.170324	6.953642	-26.650807	-4.299926	12.684527	6.164266	6.467478	-0.636131	-4.901665	-8.417980	1.288329	5.470097	4.999728	12.171520	-4.041846	6.472489	4.526605	9.522048	6.116219	6.149949	4.911455
26	2	86	-11.650939	-39.650956	-0.484610	14.051340	6.180657	-22.350430	-28.849045	8.384470	-15.401710	4.976908	6.333799	3.434273	6.832104	6.531969	-25.869827	6.576289	-4.601278	3.698337	-17.835439	-7.953161	1.833697	-0.011602
26	2	14	6.944485	20.792709	5.973013	-21.536693	-3.867504	22.238111	2.929289	2.042867	4.646282	-4.493836	-6.693094	-2.834777	6.832104	6.531969	10.732666	-5.706635	6.854774	3.698337	5.911446	5.955443	7.086567	6.097759
27	2	81	7.163077	18.171618	6.059219	-30.210440	-4.385068	20.974079	9.609584	-1.463371	7.202440	-4.015093	-11.903123	-4.714417	7.781293	4.026486	11.980409	-5.628794	8.268513	4.229340	9.348381	7.115180	6.846245	8.199573
27	2	19	-12.381090	-37.386394	2.270919	5.909770	7.076526	-26.624402	-14.341862	4.505849	-5.863003	8.335698	6.002336	7.601151	7.781293	4.026486	-20.204338	6.818613	-2.979482	4.229340	-12.812071	-9.064419	3.137827	2.212801
28	1	100	-7.215929	-26.762141	5.054236	8.290601	6.215879	-37.279386	-16.753239	6.027915	-5.527764	7.229210	7.215044	5.390131	6.771445	5.676047	-16.751810	6.863437	-5.693613	8.177098	-17.291782	-9.048767	0.709838	-2.455442
29	2	60	5.595353	22.781237	6.261759	-19.208077	-6.997365	16.068608	9.986156	0.404781	5.334574	0.007839	-6.353610	-6.952310	6.672071	6.684393	9.958769	-7.782670	6.170906	6.527400	9.913527	4.275819	6.927760	6.744180
29	2	40	-9.188923	-33.865026	-0.056037	14.659669	3.585734	-27.344624	-15.592793	6.345732	-14.502590	9.562673	5.752032	5.423640	6.672071	6.684393	-16.278331	4.276120	2.394989	6.527400	-11.606909	-8.132162	0.899572	1.037935
30	2	69	-10.476592	-44.136028	3.037250	13.835645	6.636718	-28.896562	-21.651491	6.882412	-9.481469	7.573239	4.027116	8.133364	6.004975	7.632295	-19.052942	6.755282	-5.236714	8.358580	-17.402426	-11.074057	-0.347835	0.249460
30	2	31	6.203067	18.680882	6.115848	-23.479594	-0.923366	14.290518	3.877933	0.845676	6.559726	-4.143603	-14.554312	-3.943503	6.004975	7.632295	9.024161	-4.621034	6.295212	8.358580	7.841239	6.235086	4.594065	6.877344
31	2	37	-4.766286	-32.134036	2.636518	16.070837	6.518810	-30.298847	-11.260199	6.583955	-14.995072	5.214756	8.276137	7.691140	9.360860	4.508733	-8.260828	2.678585	-1.788762	4.887493	-16.106789	-8.495544	1.977565	2.061173
31	2	63	5.906490	19.551164	5.811269	-14.790067	-2.377959	13.207689	9.328129	0.313953	5.906554	-3.197644	-9.627410	-3.326252	9.360860	4.508733	13.008330	-7.050308	5.104610	4.887493	12.181766	6.914583	6.979617	7.780335
32	2	82	9.231286	23.735057	5.473708	-27.227070	-5.259197	9.769367	4.954223	3.532796	6.061968	-5.053227	-8.411247	-5.718433	6.053985	8.726173	7.649251	-6.592306	7.889094	8.951162	5.255555	6.354978	6.722647	7.888082
32	2	18	-3.310682	-31.190353	-0.757697	9.892874	5.736186	-35.459029	-17.824208	6.244706	-11.866827	4.733715	5.562859	6.376806	6.053985	8.726173	-14.468174	4.865746	-0.998073	8.951162	-20.646511	-7.958183	0.825173	1.390587
33	2	71	-7.259383	-25.895055	3.869017	10.590454	6.767908	-15.329962	-24.835551	8.625197	-11.829922	1.908414	6.374360	2.591196	6.329503	7.284675	-18.629996	6.982251	-4.880052	6.229015	-15.211943	-1.653028	1.554961	3.247503
33	2	29	5.843179	11.910127	7.148391	-27.501309	-0.208371	21.771162	-0.053622	4.141931	7.156459	-10.913698	-6.705343	-10.403562	6.329503	7.284675	8.823764	3.186358	6.286128	6.229015	8.609832	7.326774	7.139124	9.342610
34	2	64	6.771204	20.959668	6.919822	-23.956741	-5.181471	21.331922	6.803665	1.101706	4.866889	-6.412274	-4.430716	-9.517196	7.031751	4.460695	12.647271	-5.606957	7.380647	4.792603	6.488799	4.150966	7.057886	8.348501
34	2	36	-8.506895	-35.572657	0.488098	10.212995	6.772454	-25.403946	-9.072854	7.679531	-13.371939	6.091507	7.895075	2.880703	7.031751	4.460695	-19.260009	4.296191	-0.699484	4.792603	-15.889854	-4.422739	4.153416	2.751435
35	3	83	-10.742471	-39.784899	0.335248	14.473466	6.906138	-44.534711	-23.334817	8.362504	-17.568182	6.565507	7.110199	7.671089	6.749264	7.025938	-11.866252	6.879874	-2.748859	8.436995	-22.276924	-7.404856	0.253557	2.133452
35	3	6	7.308611	20.824439	5.911746	-24.039029	-2.661536	8.839347	4.445855	3.807016	4.895279	-4.057427	-9.260181	-2.504468	6.749264	7.025938	12.765632	-2.047526	7.342745	8.436995	8.588185	6.881809	4.689131	6.757168
35	3	11	7.305325	18.599390	5.911746	-17.574615	-2.661536	-3.240321	4.442583	3.807054	2.044875	1.400344	-3.967716	2.782323	6.749264	7.025938	12.720404	-2.045579	7.342231	8.436995	2.722034	6.881759	4.689131	6.607124
36	2	72	-9.952683	-40.729802	0.062673	14.249590	5.388102	-28.926310	-19.139686	5.861539	-8.499949	6.689628	6.379320	6.929850	8.584039	3.853186	-17.751940	7.838826	-5.649604	6.478344	-19.609505	-9.967866	2.577029	-0.061862
36	2	28	6.490733	17.452140	5.552122	-23.792033	-5.710469	16.792977	9.390171	-0.195229	8.687388	-0.714133	-7.876488	-4.807687	8.584039	3.853186	14.782534	-0.945707	6.034888	6.478344	10.769138	6.657671	7.511306	6.250259
37	2	98	-8.092664	-40.149916	-0.047928	13.620822	7.759365	-36.951639	-21.162413	7.159115	-10.673142	5.774084	8.886112	3.893403	6.521438	6.628412	-20.408263	8.464317	-7.941976	8.565081	-19.431437	-12.027078	2.387958	-1.300237
37	2	2	5.883338	12.509550	6.375214	-13.331772	-2.293991	6.657595	3.265095	0.931330	4.700505	-2.842837	-5.360273	-5.474795	6.521438	6.628412	7.159705	-3.829506	3.654532	8.565081	3.048699	0.053846	4.128992	3.360274
38	2	60	7.415092	17.827788	3.066465	-14.673396	-2.663969	8.289668	4.402225	0.227649	7.114199	-0.567699	-10.539252	-2.459818	9.428140	4.791625	12.796109	-3.615557	7.526384	7.990465	9.575221	6.549702	6.501450	9.858247
38	2	40	-6.148092	-36.353961	-1.091416	11.542665	7.322239	-42.914471	-15.691183	5.637486	-12.034882	6.392646	6.352575	6.495526	9.428140	4.791625	-15.914025	7.316996	-4.368422	7.990465	-19.723603	-7.736505	0.493885	4.611745
39	2	79	-7.645262	-21.589960	0.521139	15.234766	7.146980	-36.392415	-12.737848	5.445214	-11.850989	5.803506	6.872631	6.446308	4.769342	4.142713	-19.960700	7.491471	-6.405060	7.742457	-17.937049	-12.696577	3.344786	2.232003
39	2	21	5.085919	24.850773	6.527025	-18.796466	-4.549480	17.404288	7.899457	0.661748	6.023184	-6.276740	-11.271484	-3.954503	4.769342	4.142713	13.398785	0.326613	6.026002	7.742457	10.357850	6.322885	7.130843	6.418623
40	2	76	-13.934465	-39.065610	2.997554	14.282744	4.643246	-26.870473	-18.245542	5.949474	-7.412310	5.040959	5.558808	5.741379	5.125707	7.202158	-18.265759	6.588982	-7.216559	6.538997	-14.648047	-5.088396	0.866131	-0.021017
40	2	24	3.103466	20.327194	6.481986	-23.090724	-2.002131	18.329367	8.634837	-0.516752	6.892274	-4.346818	-9.242584	-3.209465	5.125707	7.202158	11.620955	-4.630674	4.684321	6.538997	8.192084	6.003374	6.415092	6.265969
41	4	37	6.400278	14.759731	7.350494	-20.266288	-5.118958	20.657778	5.172584	2.481076	5.428651	-8.356760	-13.115066	-2.717144	7.394426	6.367503	3.876354	-4.917177	8.283115	6.079786	12.199085	7.649315	6.987165	6.954062
41	4	17	6.355054	13.091959	7.214945	-11.688389	1.276650	18.343068	1.768203	2.481885	5.428651	-8.356760	-9.845756	-2.717144	7.394426	6.367503	-5.936856	-4.915025	1.934618	6.079786	6.844917	7.584715	6.987165	6.954062
41	4	36	-8.952212	-42.397707	3.908002	16.004902	6.994314	-28.790090	-22.438079	6.451095	-13.159471	4.265556	3.068322	8.329526	7.394426	6.367503	-26.928961	6.406975	-4.575415	6.079786	-14.129744	-9.260734	0.799359	0.873559
41	4	10	3.526698	9.274657	3.910286	-9.274028	6.383225	12.194142	-0.941182	2.497249	5.428650	-8.356760	-9.842895	-2.717138	7.394426	6.367503	-8.907415	-1.106574	1.934618	6.079786	6.269703	7.244925	6.987165	6.954062
42	2	49	-6.655077	-29.209948	3.447239	13.678526	7.639924	-22.975282	-16.644904	6.458344	-15.518349	7.773472	4.964749	6.241191	7.850014	4.336155	-14.886107	1.279541	-2.723050	6.492402	-17.891615	-11.852564	-1.250198	3.082635
42	2	51	6.921635	19.200406	6.149341	-16.066871	-3.089501	15.121376	7.727131	0.093247	7.043741	-0.860346	-11.855939	-1.669058	7.850014	4.336155	13.914340	-10.771713	3.792313	6.492402	9.631316	5.736949	5.327663	5.323054
43	2	77	-7.832131	-34.687949	1.776503	18.260358	4.501497	-21.739803	-14.861203	6.375310	-7.470468	7.444020	2.444301	4.894630	5.410410	5.232372	-26.296237	6.993936	-3.902532	4.053337	-18.135897	-8.985715	1.640529	1.652625
43	2	23	6.835382	21.768231	6.138424	-19.538619	-3.531770	21.074100	6.012202	0.710529	8.046836	-2.996983	-16.353972	-5.154583	5.410410	5.232372	7.447768	1.825288	6.278960	4.053337	8.654704	5.098706	5.804802	7.629748
44	2	47	5.787901	20.363608	8.019043	-21.752518	-2.633305	16.639435	8.907504	3.595880	7.371154	-2.311571	-9.990985	-1.824521	6.339592	1.521493	13.959591	-3.973663	6.433838	6.390871	10.132745	7.243973	7.303188	8.548297
44	2	53	-8.167759	-42.718416	2.008363	17.677828	6.669319	-28.101732	-14.031851	6.776776	-9.032024	7.735656	7.170904	9.290405	6.339592	1.521493	-20.702312	5.632413	-6.305552	6.390871	-15.487083	-3.109757	3.917437	3.353920
45	2	96	9.327421	24.141277	6.012183	-23.121297	-7.467896	23.327832	4.339594	1.023931	8.292380	-9.414591	-12.985506	-1.357139	4.343905	7.082539	13.612622	-4.318833	7.461261	4.889472	9.791032	6.884229	6.217529	6.886214
45	2	4	1.999075	-20.728371	5.479630	9.953298	5.110556	-11.734505	-16.467696	5.921187	-6.172770	0.734275	6.076482	9.247927	4.343905	7.082539	-12.616809	5.826481	-2.867991	4.889472	-16.583400	-6.876213	1.033362	5.257196
46	3	91	-7.024256	-38.455919	0.213726	7.159327	6.241840	-27.529294	-29.927077	6.366076	-12.603139	7.642387	7.602785	7.594363	5.934245	7.616571	-21.831072	7.864575	-3.202032	7.296578	-16.082443	-10.421849	2.442760	1.630784
46	3	7	7.144353	20.830422	5.687163	-22.871107	-0.002181	13.808997	0.380669	0.239276	6.883796	-2.773510	-7.980770	-5.444100	5.934245	7.616571	7.830855	-1.086217	7.274262	7.296578	10.560105	7.780481	8.753688	7.126388
46	3	2	5.474328	11.108657	5.637256	-21.404637	0.880461	12.893406	-2.635695	0.243152	6.883755	-2.773510	-7.980693	-5.425340	5.934245	7.616571	4.752528	2.162281	6.982196	7.296578	6.376360	2.003036	8.663697	7.126388
47	2	92	-10.052635	-36.570807	3.233501	17.403601	8.097253	-20.341514	-24.856831	6.252854	-9.594681	6.222802	7.309930	2.960944	7.367276	7.711773	-23.894344	7.850492	-7.486396	4.565614	-23.341804	-8.716062	2.066409	1.733370
47	2	8	6.693447	13.380154	6.406775	-11.173404	-2.638042	20.314647	1.624691	1.340615	7.104903	-3.522344	-7.486088	-6.759213	7.367276	7.711773	5.137688	-3.340393	2.460272	4.565614	6.687216	5.101323	5.797550	6.660943
48	2	96	-5.776495	-36.542366	4.227483	13.573984	6.604059	-27.097434	-21.458663	1.526532	-6.592476	5.728357	4.145741	5.473058	5.845439	8.621204	-18.688044	8.352485	-6.486515	5.350386	-16.651440	-3.483985	1.009617	4.996622
48	2	4	5.825528	21.788171	7.018275	-25.866257	0.761784	17.104603	3.552364	-4.912381	5.961845	-1.598640	-14.563374	-5.745532	5.845439	8.621204	8.620179	1.193067	5.462185	5.350386	7.342356	5.629452	6.827312	6.987939
49	2	73	-10.054801	-37.249958	3.647311	16.644847	7.668956	-30.323594	-31.909223	4.442486	-10.078731	5.609608	7.053363	6.974390	7.888724	7.758194	-17.753409	1.186974	1.002943	5.785979	-13.933339	-9.730471	1.696964	2.114848
49	2	27	7.651872	17.386447	6.247837	-18.292779	1.774208	15.485820	1.575946	-1.790602	5.880664	-1.725833	-11.233050	-4.187012	7.888724	7.758194	10.653431	-8.023818	8.069984	5.785979	8.294388	5.718612	6.819752	8.103851
50	1	100	-4.048927	-35.953080	2.632353	12.490171	4.386549	-34.117299	-24.251405	7.552270	-17.460117	6.329527	7.978186	6.252256	7.570665	8.193499	-28.722780	6.534138	-2.754839	7.907857	-16.504089	-5.442969	1.376283	3.197956
51	2	7	-5.990833	-28.869366	3.785926	16.486185	3.906422	-24.649818	-8.746401	6.576257	-13.009586	4.898403	5.447080	7.139564	6.025813	4.558840	-16.412459	4.260394	-0.521293	7.193801	-9.024312	-12.205606	-1.467104	-0.571886
51	2	93	3.352345	15.954159	8.485161	-20.795672	-8.985057	16.913486	9.191092	0.418841	8.360789	-2.335901	-12.294502	-5.959532	6.025813	4.558840	12.985673	-6.978514	7.942255	7.193801	10.157331	4.772423	3.835795	6.007194
52	2	97	-7.638217	-33.832635	5.074219	10.510339	4.338311	-29.040659	-19.601409	7.975756	-14.567763	8.926281	4.962228	1.813744	6.422798	7.357623	-24.314280	8.888715	-4.900252	6.313227	-16.048200	-7.731318	4.944107	-4.359490
52	2	3	6.771379	12.986732	8.890604	-24.146848	-8.205131	13.626970	2.744607	4.554150	6.905214	-0.445076	-12.352193	-9.100432	6.422798	7.357623	7.059760	1.984503	6.284192	6.313227	9.017853	1.979049	5.963612	1.967984
53	3	31	9.267283	17.315469	3.469811	-17.453926	-1.717184	18.967379	5.780926	2.625159	6.738808	-1.866451	-14.604375	-5.525200	6.555647	2.893014	11.096001	-5.342043	5.182503	5.438931	6.986765	9.536629	7.207707	6.606896
53	3	59	-3.878388	-44.546273	-3.044305	15.536029	7.192946	-25.577071	-16.159232	7.651589	-11.244914	7.576947	4.584222	5.599814	6.555647	2.893014	-11.415473	7.134678	-6.760923	5.438931	-20.917214	-5.992620	1.936701	0.274146
53	3	10	7.503606	-9.982892	3.459711	-3.043368	2.414305	7.424443	-0.151420	7.651589	-0.137937	1.233252	-7.990969	-0.007516	6.555647	2.893014	4.253152	5.793243	-1.143582	5.438931	-1.408654	2.886433	7.166063	5.781211
54	2	92	-10.191465	-32.239714	-2.056183	15.303087	6.600723	-28.196104	-12.190241	4.479479	-7.671372	6.299448	6.199034	6.605846	6.891875	7.470125	-23.342810	7.521912	0.785470	6.840178	-18.816519	-5.595192	0.411055	2.150401
54	2	8	5.888972	19.812898	3.809704	-16.024881	-3.018813	11.882370	2.401936	2.587455	6.266648	-4.463003	-13.045146	-5.838657	6.891875	7.470125	6.514893	0.093375	3.041958	6.840178	8.030655	5.750634	6.004966	6.870868
55	3	12	2.162703	18.534960	7.361198	-17.322915	-6.166064	-4.622559	0.125304	2.572489	5.245062	-1.608044	-5.323510	-3.057767	6.038215	6.817570	10.816291	-1.378653	6.428372	8.009537	6.295470	1.003588	5.520831	5.240656
55	3	72	-3.743028	-33.132190	2.391193	9.953950	5.803062	-40.194023	-23.853681	7.258374	-11.597454	4.939185	5.752294	2.970783	6.038215	6.817570	-13.321208	6.871571	-4.651406	8.009537	-8.547556	-10.558447	2.112072	0.357583
55	3	16	-0.260790	14.562533	7.358833	-10.541491	-1.555333	-7.497048	-1.495767	2.572489	5.204312	-1.608042	-3.228891	-3.048561	6.038215	6.817570	4.590708	0.161656	6.418457	8.009537	4.492060	-1.852946	2.388587	5.240647
56	2	25	5.934333	18.408918	6.400465	-23.674842	-9.402025	20.646931	8.283893	-0.715659	6.362689	-3.525795	-7.566947	-3.676342	5.955437	6.730707	10.218911	-2.514044	5.441117	6.297805	11.297543	5.584666	1.613755	7.047268
56	2	75	-9.186838	-33.015997	3.800097	14.149404	1.310200	-25.745566	-12.194114	5.897431	-15.651544	8.764299	8.739694	6.247369	5.955437	6.730707	-22.031804	7.779653	-6.959518	6.297805	-15.338233	-9.398066	-4.273007	2.403453
57	3	18	7.562151	14.137684	2.527192	-12.981898	2.030110	3.022535	7.135272	-2.588844	4.841823	-1.315981	-3.603180	1.151117	6.815574	8.481566	-4.072081	-5.274327	2.117424	8.249205	0.401200	1.388340	7.368613	5.872375
57	3	38	8.658468	21.645051	2.546920	-22.855429	0.316684	9.557408	9.414206	-2.588846	4.862886	-2.808496	-6.530080	1.140109	6.815574	8.481566	7.769646	-5.275239	6.408140	8.249205	7.842091	6.386785	8.202571	5.872444
57	3	44	-4.418286	-33.102942	-2.223752	10.076192	5.659428	-31.873941	-15.208705	3.542719	-9.363332	4.669265	4.611643	7.305300	6.815574	8.481566	-20.062917	6.755193	-1.526815	8.249205	-19.787319	-10.858918	3.721933	0.953572
58	2	92	-11.139561	-34.340945	4.272894	9.320173	7.159083	-23.661198	-22.079004	6.286028	-13.227452	7.916517	7.217159	4.426919	4.814867	7.224768	-26.403867	6.204584	-4.287346	9.214338	-21.279011	-8.121481	-2.033691	0.027592
58	2	8	4.011024	18.620536	6.178466	-25.980498	-2.495561	19.050741	1.016143	0.084538	4.567425	2.971026	-8.212177	-5.288386	4.814867	7.224768	6.835828	-1.154335	6.346760	9.214338	9.661551	5.643069	4.342904	5.641743
59	2	84	-9.195362	-27.407623	4.333555	15.249518	7.042372	-28.611643	-16.028527	5.589392	-13.226427	9.095828	8.747182	5.881916	6.814036	7.292222	-19.588208	6.690045	-1.255159	4.654024	-21.046646	-3.635771	-0.080644	5.060906
59	2	16	6.785659	22.085417	6.545613	-17.661355	-1.425908	19.178865	3.409298	2.499073	4.557125	-1.288477	-3.669775	-4.191894	6.814036	7.292222	9.932783	-4.134334	8.212920	4.654024	7.560457	6.244619	6.204970	9.321933
60	2	64	6.426790	23.711677	6.494321	-23.896225	-1.969686	17.030020	7.118457	-1.930875	6.143240	-4.198656	-8.827969	-3.813756	3.712477	8.190972	8.225244	-7.353451	5.672897	6.569781	9.070141	4.327308	7.969800	6.544700
60	2	36	-6.351399	-23.659464	0.075889	13.852794	5.359165	-33.285018	-22.080311	2.958430	-7.377411	7.012901	5.542722	5.147254	3.712477	8.190972	-15.485093	4.876008	-3.166600	6.569781	-15.581974	-4.696048	2.936049	0.496480
61	4	18	-8.051390	-41.262965	1.801750	10.388346	5.113483	-33.045039	-15.820987	6.320403	-12.784885	6.195089	6.831631	9.538469	6.694010	5.593975	-21.497628	6.620240	0.400379	4.533197	-17.211967	-3.384616	6.672923	1.097147
61	4	56	6.360823	17.837276	7.604640	-23.272127	-6.469649	19.263913	6.636270	0.373892	7.256006	-4.610887	-10.737376	-0.755189	6.694010	5.593975	10.291352	-6.305272	7.797917	4.533197	10.455961	8.253864	9.713165	7.019861
61	4	18	3.473297	-13.351465	7.604640	-13.355106	-5.674387	-8.170130	-0.356323	6.320403	-7.974191	6.195088	1.683522	9.538469	6.694010	5.593975	4.135398	2.830641	7.110075	4.533197	-2.991861	7.765917	9.713165	1.097147
61	4	8	2.941139	-17.175078	7.604640	-3.188662	-0.051351	-14.381565	-0.706895	6.320403	-12.784883	6.195089	6.830988	9.538469	6.694010	5.593975	-2.484478	3.107574	2.673956	4.533197	-9.213009	5.354550	9.713152	1.097147
62	3	17	2.509999	8.473027	6.811744	-20.276044	0.208999	9.482725	0.082352	0.291207	5.078533	-4.559581	-11.206694	-0.544475	6.561137	6.681846	11.323310	2.923113	5.195999	7.222478	9.685890	3.069135	6.903589	9.273851
62	3	79	-9.912899	-38.603290	2.128339	15.031826	6.384016	-42.181164	-22.269227	6.371006	-9.117187	6.341828	5.685603	7.129715	6.561137	6.681846	-15.421446	5.762035	-2.722387	7.222478	-15.055231	-5.307969	1.485298	3.400211
62	3	4	2.543513	14.551920	6.811761	-25.461965	-0.994398	10.280971	4.658627	0.291207	5.078533	-4.559581	-11.211077	-0.544475	6.561137	6.681846	11.921390	0.001558	5.808962	7.222478	9.869091	3.125831	7.000851	9.273851
63	3	60	6.207775	18.166193	6.969158	-20.196685	-6.046910	17.589760	7.849580	-0.326196	7.849490	-6.764383	-4.470869	-4.372721	8.722960	6.544399	10.376739	-5.172264	7.041547	5.379632	12.422745	8.815264	7.304898	6.481680
63	3	36	2.013433	-23.097940	4.942569	5.386400	5.567222	-29.327506	-20.684535	4.874745	-5.958130	5.737628	6.829831	5.885520	8.722960	6.544399	-18.800027	6.947102	0.288016	5.379632	-12.153544	0.638097	6.904187	1.559271
63	3	4	4.756542	8.789133	5.055131	-6.605187	5.407517	8.425664	-1.268484	-0.325944	7.848801	-6.764379	-0.356526	-4.372687	8.722960	6.544399	-4.079321	0.864193	0.288079	5.379632	10.293383	4.077860	7.263747	6.481680
64	2	39	3.485749	18.174077	5.601155	-23.200573	-3.028526	9.373387	2.107506	0.992537	9.499975	-5.100253	-10.564626	-4.776139	8.459298	6.586813	11.285984	-8.743480	3.706315	9.206452	11.468903	6.500426	6.216581	4.967589
64	2	61	-11.300133	-35.140956	0.942173	14.086866	6.359163	-43.643615	-16.885022	6.930983	-9.188668	5.672364	7.995991	5.325391	8.459298	6.586813	-16.009904	2.040832	-2.808099	9.206452	-11.500201	-10.271049	-0.163737	0.047020
65	2	86	-2.976387	-37.393980	-0.026580	16.660447	5.891934	-40.361384	-24.537695	6.716988	-12.995150	5.126986	8.426036	7.295378	8.625794	4.449939	-17.108714	5.606177	-5.355606	7.203985	-16.054859	-11.078128	0.883199	2.321565
65	2	14	5.665695	17.253646	5.078670	-17.263066	-1.718585	14.011580	7.359124	0.131296	4.737782	-4.369482	-9.015978	-4.245022	8.625794	4.449939	13.900520	-6.953534	6.721795	7.203985	8.633752	5.006398	6.082697	6.605288
66	2	75	-10.507594	-37.125237	-2.056272	13.020463	5.881557	-34.586458	-17.549738	6.792868	-12.020097	5.085131	7.453745	7.061924	6.850463	7.399082	-16.395614	3.403781	-3.818442	3.529894	-15.324391	-9.189470	-1.578827	0.113018
66	2	25	2.004937	13.955562	2.581224	-14.713628	-5.364271	15.407612	4.333006	0.790565	6.322808	-7.254301	-6.581429	-4.530555	6.850463	7.399082	12.265280	-3.306499	7.162863	3.529894	9.349236	4.213451	4.446098	4.553087
67	2	97	-10.953654	-30.129828	3.001205	15.746797	5.367304	-30.540383	-22.568065	6.541775	-8.372704	0.248939	6.823078	3.708214	9.257611	7.965789	-22.212933	6.525920	-4.697492	6.458393	-14.807742	-9.465294	2.068705	1.655010
67	2	3	-4.885039	5.943575	8.101340	-8.341815	-3.562191	6.859365	1.195717	3.598556	2.791310	-9.709079	-9.604915	-8.249720	9.257611	7.965789	3.955579	-0.998123	4.500681	6.458393	10.815442	0.859052	4.581091	4.910571
68	3	71	7.440035	20.682686	5.282924	-25.417922	-4.878911	19.681701	7.513808	0.679603	5.716752	-5.944454	-12.602907	-5.262337	6.395743	4.265983	14.260618	-5.960857	8.640162	5.532395	9.525242	5.558434	3.976473	6.140404
68	3	23	-9.777148	-44.968209	1.637383	16.706179	5.528549	-27.114680	-19.063363	6.625063	-12.537587	5.421224	6.922833	6.373611	6.395743	4.265983	-8.931058	6.394072	1.575714	5.532395	-17.512343	-1.819181	-2.189486	0.151573
68	3	6	-4.007425	-20.772194	1.637383	12.468683	5.528549	4.004722	-8.183722	6.625063	-1.195934	-0.381040	0.471004	-0.182849	6.395743	4.265983	-6.128694	6.394072	1.575714	5.532395	-10.310561	1.074852	0.812253	5.397324
69	3	68	4.198870	20.136326	6.353476	-23.703260	-5.394897	12.059775	5.818498	-1.205501	8.902281	-4.822999	-8.654847	-2.797231	6.702331	7.056703	12.642070	-3.871963	6.583908	9.509358	8.678790	6.089514	4.880494	6.952718
69	3	24	-14.277522	-37.277535	3.317309	10.926118	5.844392	-32.763493	-21.485083	4.046215	-8.072649	6.184157	5.510294	6.778392	6.702331	7.056703	-12.065906	7.769196	-3.849613	9.509358	-16.978217	-9.510306	-1.511105	1.066532
69	3	8	-2.156883	-7.472422	6.227490	-10.988392	-1.863618	-10.218608	1.082602	4.046215	-3.113748	6.184157	0.793002	6.778371	6.702331	7.056703	6.746307	1.795001	5.911285	9.509358	-3.494162	4.338353	4.880483	3.828658
70	2	74	-7.664707	-40.888230	2.068716	16.715137	5.543263	-18.710540	-15.171788	5.743392	-14.411533	6.235896	8.765510	7.158289	3.596590	2.369776	-19.159205	5.546462	-7.223089	3.044565	-14.502439	-13.170005	0.672019	0.901593
70	2	26	6.332300	20.191534	6.591924	-23.668020	-6.774634	24.931035	9.460968	0.410553	6.647307	-1.573880	-6.333980	-1.970832	3.596590	2.369776	14.432217	-6.012715	5.301283	3.044565	10.430671	2.852868	6.968974	7.204267
71	2	69	5.363017	18.281523	0.973940	-24.988212	-1.596530	21.751240	6.608765	1.272734	5.636857	-5.106141	-8.364474	-5.414212	5.875633	4.768839	12.290774	-3.613882	8.486410	7.039523	11.527816	6.537428	4.357806	7.611725
71	2	31	-12.750017	-44.961088	-2.217894	11.709372	6.236107	-17.300311	-10.090119	5.148461	-15.669294	7.039283	7.766560	4.550287	5.875633	4.768839	-19.429586	8.035571	0.812066	7.039523	-13.150346	-4.983274	0.381337	1.477213
72	2	60	-5.069125	-33.831356	-2.033911	12.811217	8.537640	-35.019464	-21.056899	3.287549	-5.328334	3.572389	9.419419	6.877866	4.809488	6.451682	-10.257299	6.258386	-4.757705	8.803182	-16.662112	-5.115224	0.948389	-0.372487
72	2	40	7.109277	24.035207	4.291011	-17.499728	-2.648470	15.640532	2.153312	-2.926900	4.079741	-4.545655	-4.532246	-3.038528	4.809488	6.451682	14.008174	-4.790152	7.621214	8.803182	11.966018	7.999042	6.835888	5.997089
73	2	84	-7.409200	-41.986489	0.176136	6.896182	5.875890	-37.099094	-23.187957	7.885433	-14.810007	6.692032	5.886436	6.383724	8.107939	7.738081	-17.609277	4.417313	-3.904631	6.046064	-18.697319	-5.181750	0.413054	-0.585300
73	2	16	6.691477	18.784771	6.248600	-31.181991	-2.572192	14.874415	1.769090	1.339427	6.196250	-3.256969	-13.189313	-1.836733	8.107939	7.738081	7.458524	-4.064269	4.658384	6.046064	10.914941	7.015099	4.651558	5.826264
74	2	51	6.665450	18.045014	5.477616	-14.007277	-4.194364	12.812319	5.387569	0.549879	4.542473	-2.469228	-6.953014	-1.228029	4.616367	5.015241	11.725815	-3.819858	6.187025	6.583607	5.353861	5.950457	6.614022	4.402720
74	2	49	-6.318202	-25.763706	0.010600	14.454173	7.535730	-28.955660	-14.525958	6.257728	-16.228705	7.240499	6.719705	6.648457	4.616367	5.015241	-16.091180	5.516798	1.932682	6.583607	-21.465934	0.084765	1.200088	-2.157176
75	1	100	-9.071957	-48.682902	0.479328	16.138452	6.977038	-26.966723	-21.358630	5.788487	-12.081981	7.021937	6.327443	6.152755	7.744503	8.175622	-19.217067	6.291909	-3.890772	1.858262	-20.028120	-11.084067	1.936838	0.515926
76	2	91	-10.244767	-44.448958	5.052250	15.511054	6.648108	-37.146477	-25.541468	7.917200	-10.925046	8.098992	8.921814	9.123480	6.843534	6.190433	-23.391429	5.020581	-3.412786	5.966520	-11.893964	-10.706488	-1.062060	-0.952917
76	2	9	4.346091	16.276842	8.455672	-26.854789	-3.424368	14.891786	1.387228	1.379586	6.990310	-2.627709	-4.760218	-0.066397	6.843534	6.190433	12.107468	-5.578579	5.456873	5.966520	10.368155	7.224409	5.459259	5.312993
77	2	96	-15.066628	-36.902754	-1.721706	10.934965	7.700790	-27.206142	-24.252893	1.932047	-6.390952	4.888264	6.942071	5.877349	4.839627	6.918336	-25.142072	8.624392	-8.282208	7.977889	-15.270330	-10.152660	1.162986	-0.554682
77	2	4	-2.011034	10.246447	0.369967	-20.365589	3.679547	9.500488	-0.239196	-4.006766	7.463544	-7.113735	-10.609703	-4.083858	4.839627	6.918336	8.550629	2.460166	3.600667	7.977889	11.489783	4.605955	7.200293	5.247845
78	2	61	-10.819352	-38.959805	3.878682	12.714338	7.321675	-38.744071	-10.140520	6.772993	-12.095483	8.708898	6.976598	6.703835	5.290586	4.370776	-9.978270	3.022470	-1.488171	6.781294	-14.593364	-12.777407	-1.814470	1.601970
78	2	39	4.689058	21.238201	8.529804	-21.763290	-5.153901	9.191244	3.894201	0.183458	5.594926	-2.347439	-11.915015	-5.678271	5.290586	4.370776	15.755786	-6.905814	5.626806	6.781294	1.367210	0.127509	1.195659	6.606807
79	3	81	-8.849947	-34.575787	1.307936	14.474774	4.164952	-35.209115	-14.996801	4.875217	-10.383820	7.997129	7.898576	5.931704	8.718763	8.597725	-24.165514	5.631038	-6.474487	8.407358	-15.078128	-8.535417	1.136419	2.033077
79	3	8	4.169457	21.088605	4.433115	-23.765714	-3.925860	8.429979	2.548985	0.351205	7.071778	-1.415314	-5.545058	-4.255404	8.718763	8.597725	6.913220	-2.859612	6.251864	8.407358	4.969701	5.990736	6.189468	5.323767
79	3	11	4.169448	20.565395	4.433115	-17.585721	-3.925859	-4.021221	2.548543	0.351205	5.854572	2.005466	0.817620	-0.375365	8.718763	8.597725	6.913179	-2.859611	6.251864	8.407358	-0.914118	5.990735	6.189468	5.322979
80	2	6	-1.894465	-25.628513	5.765545	10.108161	3.553958	-28.566335	-9.483869	6.667405	-7.569822	3.697067	6.541206	5.913859	6.967641	7.450315	-18.774205	6.408527	-1.561412	7.571717	-8.310253	-8.225497	-2.857436	4.643123
80	2	94	7.449627	22.727609	7.836838	-21.618778	-4.823553	15.003162	5.404111	0.696455	5.552421	-5.904617	-11.117927	-6.598929	6.967641	7.450315	10.577547	-1.513476	7.391165	7.571717	11.873630	5.633787	3.397596	8.498936
81	2	93	-9.875435	-44.370790	1.193620	10.038322	8.168500	-28.228237	-22.115194	7.448779	-16.296912	6.764750	8.199479	6.848657	9.059115	5.449361	-20.276915	9.079162	-3.394873	9.068534	-17.962727	-9.068526	2.025860	0.307879
81	2	7	6.852941	17.885552	6.579361	-27.694686	-3.483811	9.802386	4.754011	2.038875	5.026508	-3.148037	-7.435123	-4.767323	9.059115	5.449361	12.176761	-0.715369	8.340010	9.068534	7.933933	7.389248	8.523266	6.697263
82	2	79	4.529954	18.995606	7.986156	-24.370882	-4.631183	17.013368	9.445963	-2.681386	6.499820	-5.854299	-11.481097	-5.009427	6.703765	5.245342	13.251535	-5.155043	5.824852	6.990119	12.531385	6.171938	6.241804	6.194369
82	2	21	-10.023653	-35.748252	5.267476	13.132020	5.810539	-26.217103	-16.794132	3.486817	-9.140863	5.136574	7.703973	7.072587	6.703765	5.245342	-10.781847	4.718004	-1.144134	6.990119	-14.683175	-3.893226	3.775584	0.041124
83	2	92	-8.242490	-39.803182	2.450935	14.702388	4.320951	-37.218454	-17.584879	8.370064	-18.419757	6.255534	6.126795	6.592982	5.209587	6.305119	-18.814947	4.092842	-3.734468	6.508568	-11.035295	-9.822932	0.913126	-0.359405
83	2	8	6.524883	15.118146	7.157215	-14.598445	-7.806049	20.441647	2.002012	2.520812	1.719403	-6.315749	-8.291057	-4.932874	5.209587	6.305119	12.684049	-7.235929	3.910586	6.508568	9.838085	3.644761	3.480183	5.582444
84	3	87	-8.262265	-37.744811	8.213941	9.227933	3.089379	-25.490722	-18.881979	5.545988	-15.609638	6.409186	4.757169	6.373663	7.415236	5.827767	-23.390872	5.421842	-8.234263	6.220624	-15.525667	-7.533214	0.853399	-2.264236
84	3	9	0.770574	14.118225	8.371629	-22.336777	-9.324572	11.191142	8.906948	4.359098	-0.450990	-4.685389	-5.656274	0.618015	7.415236	5.827767	10.548839	-2.479731	4.400750	6.220624	10.713543	2.532506	6.457961	2.856915
84	3	4	0.446349	-8.488919	8.371629	-15.926466	-9.324572	10.770358	7.035059	5.545988	-0.972176	1.777180	0.509581	2.076755	7.415236	5.827767	10.513363	0.229497	4.400743	6.220624	4.974594	2.517295	6.452611	1.276054
85	4	68	5.475805	23.787809	7.155689	-25.025882	-0.367429	22.599311	3.240584	-0.097511	6.430678	-4.313184	-9.428570	-2.874829	3.020649	5.602026	12.018560	-10.754526	6.848245	6.540253	10.027941	5.707400	6.853043	7.120477
85	4	28	-9.918308	-24.737265	1.811922	10.454878	6.509067	-24.213526	-14.136640	5.990829	-9.121405	7.169420	7.753134	7.110413	3.020649	5.602026	-13.571713	2.244104	0.952888	6.540253	-12.908781	-3.417050	4.803721	1.367101
85	4	2	-1.031073	-6.219366	1.818923	2.926245	6.388330	3.384246	-2.668473	5.990829	1.075822	1.034515	1.583870	1.341529	3.020649	5.602026	-10.165163	2.219082	0.953207	6.540253	-4.923127	-1.959275	5.724087	6.916036
85	4	2	0.184118	9.754653	1.837174	-0.576830	6.142786	6.023763	-2.215318	-0.097511	6.430572	-4.313184	-4.238066	-2.874828	3.020649	5.602026	-9.442142	-4.243106	0.956121	6.540253	-1.853766	-1.938869	5.734919	7.120477
86	4	31	-6.556027	-38.129871	0.307431	14.469155	9.242785	-27.292563	-15.165926	7.003616	-9.531120	6.074034	5.977964	6.029685	7.782744	6.817073	-12.309213	4.992047	-4.707811	6.842731	-14.415120	-5.284313	4.210758	0.309511
86	4	13	2.450803	12.832820	0.716774	3.551991	8.109171	11.322926	0.233557	0.867732	7.354255	-5.088827	-5.116010	-5.693313	7.782744	6.817073	-2.446589	-3.073395	1.512456	6.842731	5.180579	-0.561011	5.912719	6.723046
86	4	55	6.439337	22.633905	5.777104	-24.401280	-1.602532	15.085043	5.996015	0.867732	7.397047	-5.167884	-9.677465	-5.693313	7.782744	6.817073	13.021165	-3.190490	7.701914	6.842731	10.530617	6.738543	8.943539	6.723046
86	4	1	2.409910	-3.038032	0.690577	6.657818	8.167913	5.116683	0.221112	6.969718	2.013120	1.906689	0.099820	-0.331468	7.782744	6.817073	-3.350353	1.199569	-4.695845	6.842731	1.300413	-0.572198	5.905335	6.723046
87	2	84	-10.879700	-40.429881	3.532664	8.734474	7.337551	-25.594830	-20.987649	6.531370	-10.887284	8.527780	6.546735	3.901259	7.253094	7.805325	-22.972053	7.101358	-7.339171	7.820983	-17.903464	-8.313357	1.603027	1.434646
87	2	16	5.767038	10.404852	3.540799	-18.018582	4.846242	15.736408	0.623019	1.937034	4.127586	-4.044103	-7.975347	-5.963361	7.253094	7.805325	6.898677	-1.412144	5.145305	7.820983	9.817393	6.852293	7.151607	5.893375
88	2	85	-9.545704	-42.179164	2.474879	11.211595	7.681501	-38.073706	-17.454676	6.007324	-11.420921	5.019318	5.916606	6.411241	7.962226	7.751248	-18.359131	9.533097	-0.277211	6.653011	-20.680826	-10.042465	0.821326	-0.006275
88	2	15	7.382177	16.249753	8.438379	-19.900284	-3.079958	15.325342	5.031659	0.254456	3.684845	-5.105955	-12.489607	-6.098866	7.962226	7.751248	12.040252	-2.317756	7.363241	6.653011	6.192704	5.109497	5.929482	6.406832
89	2	95	-10.907793	-39.503246	1.048953	16.481132	9.120300	-32.149996	-23.511516	7.086040	-19.430033	6.488676	9.320212	6.566765	4.301648	6.579714	-21.871238	4.263196	-6.561053	2.330960	-14.476577	-4.668945	-0.797852	0.725952
89	2	5	7.270104	19.021408	6.514895	-12.780230	-0.286923	22.597442	1.477238	2.452349	2.298945	-0.881906	-8.134585	-5.817253	4.301648	6.579714	6.714032	-6.813327	5.016677	2.330960	7.848271	5.342192	5.794033	6.555252
90	2	49	7.158807	20.329010	6.455848	-20.066354	-1.593225	17.639067	6.241489	1.894459	5.332668	-7.857184	-3.468391	0.465090	5.167844	7.228864	11.718790	-6.859315	6.192395	5.144500	6.691829	4.459615	7.144375	6.194069
90	2	51	-6.626814	-22.913285	3.337069	16.603709	6.572366	-36.520777	-16.644947	6.382677	-14.058461	4.402276	8.535922	8.529718	5.167844	7.228864	-15.835276	3.064399	-4.019476	5.144500	-25.607903	-6.008414	1.013068	-0.269641
91	2	52	6.293352	19.598796	7.881645	-26.631809	-6.985996	13.265418	6.743458	-2.381013	5.976131	-2.663798	-12.439058	-2.214915	5.132365	8.437212	12.055108	-7.582924	5.658569	6.364443	7.290273	6.298694	7.269478	8.605549
91	2	48	-11.632154	-32.599468	5.151416	8.901564	6.019918	-25.038390	-21.991852	2.861686	-9.293882	6.148370	5.692536	6.699397	5.132365	8.437212	-18.986433	5.107048	-4.543279	6.364443	-15.268291	-5.052827	2.903052	2.754077
92	2	94	-11.689165	-41.716233	-0.041824	9.760562	6.706839	-39.556727	-14.824254	7.032255	-15.975095	7.445189	6.593181	9.342576	9.198609	6.533833	-20.257809	8.071981	-4.689268	8.117236	-15.876102	-6.058836	-0.042111	-0.383044
92	2	6	-1.191719	6.608784	5.023889	-20.215984	-0.259888	11.813233	6.248875	1.761449	5.669365	-4.522755	-9.787342	-1.997978	9.198609	6.533833	12.556095	-3.532278	6.207234	8.117236	9.786231	5.117392	4.399691	3.166677
93	2	82	-3.767815	-20.392458	4.351487	16.514001	6.577913	-40.896026	-19.860914	8.959622	-9.741244	1.944363	4.634029	7.094851	6.608877	6.569700	-27.347999	7.509872	-3.549326	4.204350	-23.977629	-4.230883	0.844807	-3.713196
93	2	18	3.752619	15.986654	6.824648	-6.610961	-4.160854	-7.741218	1.904791	2.718406	7.400471	-4.614342	-8.510342	0.747086	6.608877	6.569700	8.735453	-3.160604	6.107895	4.204350	-0.589050	3.171787	5.634116	2.494949
94	2	91	-7.579678	-48.148360	1.877333	15.728496	8.442488	-40.975240	-27.813928	7.256937	-17.154553	8.590424	6.819864	6.504851	8.885905	6.602348	-14.905543	7.175654	-5.696978	6.761278	-15.705158	-7.073565	3.060190	-0.060288
94	2	9	9.140910	10.714241	8.180406	-23.562201	1.928182	9.795532	-1.347010	2.851445	0.217686	-3.777210	-6.273843	-2.845519	8.885905	6.602348	10.154983	-3.094762	6.052356	6.761278	6.918714	3.350399	8.589633	5.470221
95	2	72	6.130493	15.898126	6.933876	-22.910187	-2.895606	12.563819	6.916396	4.223281	6.589907	-2.903929	-11.754770	-5.508118	7.020158	2.877882	12.571651	-6.571019	6.529426	5.427954	12.074869	8.952361	7.446949	7.916983
95	2	28	-9.784939	-35.042352	0.422212	17.183598	5.233723	-33.245418	-21.963470	7.978924	-10.176904	4.898498	5.032297	7.498346	7.020158	2.877882	-18.719372	5.720165	-0.252235	5.427954	-13.603300	-3.601118	2.204867	1.457609
96	1	100	-2.426520	-41.386186	0.266345	14.144985	2.889079	-27.981383	-22.407999	8.379914	-10.550703	4.657500	8.374816	7.334527	7.572260	5.431323	-14.216583	5.295134	-1.349829	2.288801	-12.258616	-11.107226	2.643105	-4.465156
97	3	60	-6.583091	-33.893433	4.255375	14.945127	6.026003	-42.143781	-12.316427	6.418435	-14.194785	6.922158	5.984115	6.118960	5.516336	8.514124	-26.327917	6.722850	-2.680846	7.583558	-15.173483	-5.039405	1.281103	3.035895
97	3	28	7.803038	18.384129	7.922530	-20.685321	-3.813003	-4.675436	4.782399	2.412156	5.086043	2.927284	-2.272700	0.698355	5.516336	8.514124	9.628076	-1.731764	8.643188	7.583558	3.769616	6.962244	7.677606	7.715252
97	3	12	7.803038	22.080956	7.922530	-26.458416	-3.813003	4.686113	4.782399	2.412156	5.517851	-1.713523	-8.448592	-4.394440	5.516336	8.514124	9.635574	-1.731764	8.643188	7.583558	9.372050	6.962244	7.677606	7.715255
98	2	31	-4.566824	-38.845948	1.435337	16.105859	7.732313	-25.604725	-10.444628	7.910462	-14.710090	7.467991	7.150283	7.069293	7.270332	4.655129	-9.997254	6.146014	-2.552094	6.475206	-13.985431	-9.053205	1.122781	2.145585
98	2	69	6.229557	17.749422	7.562813	-26.843894	-2.831238	18.882948	8.144083	3.076739	5.970481	-3.504388	-10.068260	-2.852334	7.270332	4.655129	13.698534	-6.186061	8.543575	6.475206	8.651366	5.753866	6.209182	6.844290
99	2	93	-11.117302	-34.530771	2.848506	14.613525	5.813594	-30.260075	-26.370462	4.091273	-12.433610	6.087783	6.747986	6.308992	1.842740	7.992146	-23.405665	5.092326	-4.800986	4.199253	-13.888785	-10.327548	-0.712481	0.277220
99	2	7	4.411384	21.929209	8.763290	-11.910730	-3.522281	16.871707	-0.119833	-2.271125	4.106720	-5.219707	-7.621548	-4.433142	1.842740	7.992146	9.448108	-2.046840	6.363644	4.199253	10.659901	4.717837	5.441385	5.861758
100	3	10	-11.283245	-6.308732	5.505642	7.031231	1.021486	6.805705	-4.161872	4.928776	-0.278120	3.120066	-2.820795	-2.250415	5.591388	2.620885	4.170453	4.291861	0.837853	3.776129	-7.897486	-2.824733	2.911385	4.495718
100	3	53	2.875661	21.514285	5.779349	-18.511961	-5.576330	23.011305	6.414088	-1.247883	2.386973	-3.004053	-9.402820	-6.133607	5.591388	2.620885	15.127294	-3.593165	6.580213	3.776129	7.821668	4.870373	8.774242	5.282296
100	3	37	-12.537233	-26.864237	2.588822	16.520550	6.787342	-22.491314	-10.438858	4.943353	-12.420015	8.099996	9.575479	3.932733	5.591388	2.620885	-9.988376	4.291863	-3.369195	3.776129	-14.611978	-11.651977	2.911350	-0.576295
