1	2	80	3.770834	-5.017328	5.493224	6.698917	7.043913	-5.023602	-17.665966	3.102096	6.569667	6.835944	-0.912519	7.355612	5.554217	-0.505503	8.516986	-2.523453	0.811598	-0.887810	3.256551	5.133209
1	2	20	3.770834	4.068042	-6.362108	-3.734796	-7.709603	6.957024	12.827006	-2.475259	0.371058	2.744438	4.915687	0.807097	-0.432820	6.579623	4.476802	6.875068	7.065930	3.826935	7.522901	-5.429042
2	3	74	7.496011	2.872153	-4.971083	-6.766780	-7.615795	6.189116	11.566060	1.492262	1.861477	1.431754	4.865415	3.616236	-0.316686	7.577796	-0.937338	3.156937	7.487129	2.882456	7.666598	-5.007729
2	3	6	7.496011	-8.867518	7.516855	5.324772	7.252751	0.759200	-12.061334	5.801034	8.062349	7.829983	0.628434	5.622819	5.364414	0.500158	4.144949	-7.021406	1.926279	-2.812904	-3.067345	6.475299
2	3	20	7.496011	-2.271545	7.516852	5.324772	2.101029	0.759298	-6.228119	5.801034	8.061840	7.824126	0.628434	5.622322	5.132943	0.500618	4.144929	-6.307913	1.926279	-2.807433	7.144596	0.172898
3	2	89	6.034440	4.468788	-4.274825	-3.337346	-9.133062	7.705622	4.830623	5.015695	-3.028484	0.013189	8.173871	4.267182	-0.113348	5.957219	0.917709	5.446819	4.306093	7.394609	8.152789	-1.539721
3	2	11	6.034440	0.571668	3.877283	6.619911	-1.986406	-3.685416	-4.143053	8.422725	2.736274	6.109587	3.409535	6.810099	6.221036	-0.765585	0.954237	0.561354	-1.571822	5.833564	5.298336	2.687690
4	2	95	8.774098	6.207333	-1.155406	-3.430955	-8.139694	5.301970	15.008349	0.381056	0.590224	3.134023	7.541857	0.524727	3.439302	7.912748	4.201333	5.744860	6.060022	4.248571	7.366897	-5.610990
4	2	5	8.774098	-2.006063	4.270154	6.061151	5.413714	-3.397014	-11.936599	6.057442	4.672201	8.151342	1.844463	7.076523	5.419021	-3.604795	4.941015	-1.614595	2.809556	-1.020255	-3.962120	6.236310
5	2	76	7.753789	7.785229	-4.714841	-7.573992	-10.365842	5.696102	12.482567	2.126464	0.743939	2.243315	5.093297	1.746566	2.323486	7.904858	1.665230	6.832119	4.065388	5.931232	5.947458	0.513648
5	2	24	7.753789	7.725924	1.872565	-2.305712	-4.618170	-0.183304	-4.637213	7.929306	7.081631	6.147714	1.233381	6.114420	8.929389	2.950783	3.997610	5.823205	3.123252	4.238834	5.947280	0.513769
6	2	68	4.520110	-7.639591	5.508282	6.127139	4.472868	-5.864055	-17.743944	7.594469	8.784818	7.904255	-0.475637	6.192392	5.024249	-2.445981	4.093196	-5.838128	0.940002	-3.573904	-0.715311	3.184177
6	2	32	4.520110	2.206594	0.584079	-4.682877	-5.492169	5.828219	3.348365	1.836483	7.433070	5.250644	4.910126	2.183137	-0.471809	6.243724	4.044285	5.665565	3.368586	-3.009846	5.379225	-3.561178
7	2	81	5.888580	3.724828	-6.012789	-6.349645	-10.693429	8.128923	6.898611	0.117581	0.416470	0.917015	7.338958	-3.686609	-0.425610	5.612817	2.411913	4.377946	1.310802	7.186679	6.485639	-8.663168
7	2	19	5.888580	-0.639092	3.223311	2.135934	-0.095058	-0.449344	-6.851134	5.657076	5.414795	7.515902	1.301373	2.836560	6.031315	5.416762	5.083027	-1.519206	-3.608132	5.066793	1.855651	-2.079182
8	2	23	8.362560	3.865371	-1.865094	-4.024185	0.564934	4.336904	16.230040	-0.438664	-1.039841	2.114463	7.997038	2.041918	-0.238724	2.730024	-2.113630	9.363217	6.435812	5.550872	6.817465	-7.180989
8	2	77	8.362560	-7.225204	6.711475	7.587571	6.151694	-3.779310	-22.607797	6.167162	5.475722	8.554867	1.486952	8.162970	5.161048	-6.310720	3.778020	-2.520085	0.056147	1.232837	-0.758927	4.421112
9	2	35	5.490215	2.400097	0.634661	-3.813606	-2.818577	5.794773	10.650224	1.799786	0.122779	1.345960	7.409416	-2.029233	-1.194270	9.524587	1.429387	7.367656	6.169817	7.318771	0.478998	6.784020
9	2	65	5.490215	1.241212	6.495902	6.324500	5.360433	2.725336	-20.194754	7.127460	6.003391	6.935285	1.298215	4.288627	4.667926	2.568024	7.130591	1.754676	-0.264434	2.942434	0.432566	7.261089
10	2	64	1.172229	-2.645359	2.291780	-0.914579	4.812082	1.444311	6.845899	4.876316	-1.705435	-2.562082	7.323189	2.408614	3.610164	3.890522	-1.407898	-4.939142	5.282614	7.165205	-3.357431	8.202410
10	2	36	1.172229	-10.369393	6.515919	5.697255	6.942858	-4.637938	-7.791265	7.401768	3.542427	2.961430	1.893944	7.172310	7.813534	-2.271447	-1.320267	-4.951100	-0.710646	7.121123	-3.357441	8.281469
11	5	43	6.651010	-2.665745	7.530839	7.259974	4.850163	-4.856684	-22.723706	3.525924	6.845122	6.124338	0.917498	3.917587	6.552332	4.760761	8.896348	-6.225526	-2.226726	6.253712	-2.464068	8.570598
11	5	26	6.651010	2.349745	1.802240	5.972323	0.441949	0.172544	-17.130324	3.525924	6.845122	6.124338	0.917498	3.917587	6.552332	4.763947	8.896348	-3.059969	-2.226726	6.253712	-0.395338	7.566431
11	5	9	6.651010	2.381033	-4.421077	1.473185	-3.384542	5.280849	4.816570	-2.798482	1.469648	0.307822	6.594107	-1.670936	1.290177	8.996385	3.195773	5.115913	3.256959	7.612523	-0.384031	7.505490
11	5	16	6.651010	5.431465	-4.459115	-3.857561	-11.307710	5.439945	12.471887	-2.798483	1.468067	0.273339	6.594432	-1.670936	1.267096	8.998227	3.195712	5.148456	3.257259	7.613505	6.212667	0.196178
11	5	6	6.651010	5.395758	1.782658	1.018116	-7.318368	0.278970	-7.172628	3.525924	6.845122	6.124338	0.936427	3.917587	6.552332	8.996264	8.896348	-0.896068	-2.226726	6.253712	6.212664	0.197829
12	2	95	9.424153	-8.921249	6.801607	8.417758	7.494221	-1.929856	-32.028298	5.785149	5.916476	8.080473	0.670804	6.141805	7.495890	-4.628662	7.333783	-2.334996	0.215405	1.712231	-4.776601	5.350339
12	2	5	9.424153	5.672322	1.026286	-2.729989	-3.534748	6.483254	9.152014	1.222946	-0.703543	1.793242	5.927070	1.997844	1.988230	2.756510	6.362719	4.440553	5.654383	7.819089	5.149190	-6.437857
13	3	10	8.050171	0.964328	0.438913	-3.587481	4.434566	6.739484	3.364671	4.243138	-1.016881	1.315272	6.329964	3.587861	3.219145	6.422048	0.668604	-0.178065	5.278439	4.867541	0.181428	7.045794
13	3	44	8.050171	-4.166552	6.336447	1.696532	6.769497	0.230812	-16.066016	7.712504	5.165478	7.292426	-0.135250	6.399341	5.835432	0.285068	4.962974	-6.761364	1.466374	1.574677	-0.825089	7.588865
13	3	46	8.050171	3.813248	-4.892290	-6.932130	-2.678348	7.098458	8.516844	3.909054	-1.016885	1.104745	6.338898	3.586526	3.219145	6.423331	0.668604	6.453289	5.280731	4.868564	7.903668	-4.618842
14	2	11	5.827807	-4.533471	5.330343	7.633362	5.966621	-1.940735	-12.532617	5.592266	8.077932	9.022226	1.126781	7.844114	5.093403	-4.813731	5.974304	-5.115880	1.299956	1.441905	-1.874319	8.470126
14	2	89	5.827807	5.608269	-3.984677	-4.545447	-10.148296	5.567990	13.220470	-0.647391	2.351261	3.216186	6.653794	2.248368	0.153640	6.320595	-0.525182	5.593073	3.618357	2.230222	9.329179	-2.406339
15	2	70	5.396298	-1.832708	0.426753	2.621621	1.346645	-4.385479	8.921265	2.561241	0.285121	1.087204	6.911323	-0.135060	1.720128	6.676805	-2.524841	-5.007642	7.463654	6.502686	-5.170254	5.559408
15	2	30	5.396298	-13.145428	6.826934	8.546451	7.423143	-9.355188	-12.188300	7.459542	6.096686	7.240792	1.381316	4.875448	7.055175	-1.016811	1.922693	-6.132909	1.271479	2.646691	-7.610593	5.712663
16	2	71	7.240466	-5.714546	9.657241	7.372103	6.773606	-4.860746	-13.856800	5.917886	7.140540	7.419939	-0.151430	8.061510	5.185736	-8.236114	4.045792	-4.470434	4.560925	1.029241	-3.199779	4.487347
16	2	29	7.240466	2.530422	1.939227	0.874244	-1.130647	5.833309	5.419435	-0.537770	0.616861	1.667493	6.102306	2.131077	-0.332822	2.528265	1.561697	3.477606	5.748905	2.650139	5.753331	-7.691069
17	1	100	7.090519	-3.610086	7.121470	7.790527	5.762678	-2.935090	-19.214511	4.619766	5.455355	4.066014	0.248848	5.517968	5.440112	-0.337590	5.441186	-5.828282	2.931794	2.513234	-10.949225	6.262957
18	2	31	6.331160	4.767037	1.259920	2.780062	-7.240287	3.160918	-4.499112	6.780170	3.471183	6.946110	3.617418	6.361962	5.967602	6.807417	1.275120	2.587916	1.358102	1.889087	9.157380	-8.596434
18	2	69	6.331160	4.945539	-5.173557	-2.522678	-12.381733	6.080378	15.275091	1.142337	-2.683546	2.721739	6.283650	1.418737	-0.317525	8.029452	1.164878	8.162924	7.543436	5.880160	9.158087	-8.596867
19	2	87	3.687385	-9.694240	9.104620	6.953176	5.290195	-2.291065	-25.680789	5.305482	6.545195	5.381289	0.195320	6.712129	5.310754	-4.207017	8.535600	-3.299496	-0.461323	0.029224	-5.314842	2.854387
19	2	13	3.687385	2.242521	1.323820	-4.931159	-6.709211	7.456527	14.286969	0.417267	-0.036046	-0.621491	6.685481	1.100671	0.457609	2.575778	3.916324	7.351326	4.272326	5.959915	5.685815	-0.997069
20	2	77	6.541675	4.065779	-0.566628	-4.303833	-5.204699	3.439879	14.842341	4.355142	4.698205	0.325762	7.487449	3.849160	-0.313879	6.110657	-0.980281	4.121055	7.404587	6.716369	6.145522	-2.196591
20	2	23	6.541675	-8.562622	5.935664	6.634986	5.839104	-8.892491	-13.883239	5.303907	7.990386	6.868194	2.917599	9.304208	6.205795	-1.325166	3.414340	-3.693140	1.384521	4.842917	-3.555054	6.765985
21	3	71	6.064965	-6.895298	5.782549	6.287605	5.440857	-6.781162	-23.319492	9.415569	8.648868	8.956893	1.735056	7.193508	6.791732	-0.482607	5.621340	-0.552060	0.707239	-1.608792	-2.106873	6.937937
21	3	26	6.064965	5.202286	1.215009	2.014590	-6.708194	-1.225015	-5.062730	9.402864	8.648867	8.956893	2.551497	7.193412	6.791732	2.637469	5.621340	2.635724	0.733627	-1.608792	6.462110	-4.723071
21	3	3	6.064965	5.666463	-1.898973	-3.544721	-11.932513	4.966159	12.182887	3.019918	3.063077	3.512175	8.256083	1.707330	1.073177	6.735564	0.806598	6.296605	3.036852	3.932208	6.470122	-4.723112
22	3	52	6.163643	3.663987	-3.311814	-4.201318	-10.434747	7.649309	17.455244	-0.629559	3.056780	2.573141	5.297346	-0.304398	-0.212670	8.830347	-0.165424	6.132491	5.925151	6.265827	7.673498	-3.013331
22	3	39	6.163643	0.196224	0.206562	1.073318	0.580267	6.864747	14.850702	-0.629559	3.056780	2.573374	5.297346	-0.304398	-0.212670	8.830180	-0.165424	3.813922	5.925151	6.265826	-4.840221	5.945693
22	3	9	6.163643	-9.061912	4.391214	7.701183	5.558864	-0.551285	-7.587635	5.793715	4.117170	5.335523	0.315598	5.986000	5.236444	-3.118788	2.141563	-4.498108	3.745748	3.844943	-4.879914	6.032084
23	2	95	7.320828	-3.509960	5.387805	6.859122	6.220949	-1.415716	-18.428916	6.098635	8.053193	4.647400	6.180536	5.028336	5.478489	-2.324343	7.619953	-6.239558	7.032590	3.923869	-5.916836	6.530629
23	2	5	7.320828	-0.109314	1.095373	2.057098	4.677446	4.464618	4.905131	0.449537	3.154041	-1.372065	8.013575	-1.002435	-0.533079	6.803309	2.965494	-1.030687	7.036635	7.051793	-0.685769	6.326313
24	3	32	2.671042	3.293467	-2.863961	-4.953541	-9.292733	8.237197	10.334750	-1.728924	2.494846	2.188973	5.865874	-3.181222	6.722079	4.372241	3.959549	7.866284	8.103385	7.483487	6.106917	2.305760
24	3	43	2.671042	-3.658384	7.460450	3.746774	2.633608	1.833436	-16.225433	4.182215	7.425119	7.807855	-0.709524	3.406402	7.825607	1.767670	5.205380	0.881934	3.761273	1.266691	-4.718620	7.957687
24	3	25	2.671042	2.327301	-1.330021	-2.794007	-5.577857	7.953824	9.578002	-1.728924	2.494846	2.306072	5.865570	-3.181222	6.722079	4.342078	3.959549	7.866276	8.103229	7.481226	-0.109469	5.460994
25	3	20	7.659393	5.231030	-6.158871	-1.387958	-7.988207	6.500913	9.842648	4.435549	2.314871	1.084356	7.913060	1.123189	2.627391	7.916688	4.002702	6.800033	8.319483	5.555691	5.254550	-1.056267
25	3	74	7.659393	-6.688241	4.677849	6.015496	4.579913	-5.461414	-27.124656	5.974792	7.081644	7.013180	1.646048	7.341376	6.388635	-3.701001	6.530566	-3.122488	4.973467	1.430688	-5.435003	6.119871
25	3	6	7.659393	2.151892	-3.980126	0.708979	-3.796700	5.103760	4.443655	4.435782	2.317489	1.089229	7.911568	1.520841	2.634727	7.895561	4.004742	6.592094	8.319483	5.555691	0.095227	5.167839
26	3	32	5.367736	2.126518	-3.079278	3.521352	0.945722	6.844035	9.837665	-0.015821	-0.057406	1.179622	7.632390	1.192383	3.182364	3.691627	-1.329992	4.279227	6.734418	3.763104	2.528450	6.883273
26	3	43	5.367736	-5.359855	5.603622	7.899302	6.466278	-1.521367	-13.342971	6.394949	5.505955	7.225385	3.683801	7.492640	7.549961	-3.266750	2.247651	-6.725881	2.379270	-0.253407	-2.809110	7.627956
26	3	25	5.367736	2.488879	-3.333642	2.607125	-0.522420	6.846540	14.215069	-0.015821	-0.219727	0.742424	7.632390	1.192383	3.182364	4.965043	-1.435806	5.297370	6.734418	3.765837	5.332724	1.909121
27	3	27	6.423170	-3.634376	7.440199	4.583747	5.521826	-7.404063	-9.125242	1.405358	6.559556	7.020092	0.520040	8.475701	7.557805	0.566016	6.114530	-7.406580	6.041814	1.376220	-6.492910	6.992505
27	3	66	6.423170	0.121327	-2.639660	-1.674348	0.297408	1.394206	13.425820	-4.672431	1.118033	0.596135	6.714401	3.593889	1.311057	5.367888	-0.190547	-0.647687	8.273277	7.388119	-3.108436	6.469772
27	3	7	6.423170	0.113172	1.893145	4.475533	5.508472	-4.440738	-3.014161	1.300257	6.559556	7.017092	3.698371	8.475701	7.513483	0.672231	6.114530	-7.391701	7.800658	1.376571	-3.133914	6.481858
28	4	49	8.104384	5.563771	0.658756	-3.610865	-11.152077	5.234321	12.629644	2.257081	0.776175	1.145646	3.581815	2.639693	1.131920	6.801569	2.903893	6.469891	2.574734	5.940492	8.390824	-3.425335
28	4	8	8.104384	0.992988	6.423009	4.537767	0.627057	-3.175354	-12.086083	8.536335	4.472946	7.749506	-1.327666	8.352867	7.724769	-5.309917	7.694395	-1.888889	-0.415227	2.376003	7.176927	-0.321316
28	4	17	8.104384	-4.140075	6.627562	5.175397	6.868738	-6.708176	-22.616047	8.536335	4.472946	7.749506	-1.327666	8.352968	7.724769	-5.562316	7.694395	-1.888890	-0.415227	2.376003	-2.573895	5.759454
28	4	26	8.104384	3.138777	3.228894	3.393545	-4.932245	-0.830753	-8.220459	8.536335	4.472927	7.749505	-1.327664	8.351498	7.724769	-4.285265	7.694395	0.169843	-0.415226	2.376003	8.297114	-1.549244
29	2	55	7.980980	1.817212	-2.673236	6.354850	3.593796	1.161040	-13.815552	5.374035	6.498188	6.756156	0.805489	6.375488	7.746724	-6.532996	5.585336	-0.226836	2.078178	1.134835	6.436528	-6.262338
29	2	45	7.980980	7.566824	-8.565518	-4.036312	-4.021456	6.902610	13.476109	-0.722143	0.622286	0.205769	5.208833	1.013831	1.244646	2.136567	3.853028	8.891779	6.523744	5.344636	6.436658	-6.280338
30	4	37	7.518007	3.772184	-6.838561	-4.844756	-3.624019	7.804707	9.896310	3.063951	-0.276686	2.182282	5.817961	1.293816	1.626627	7.252786	1.007974	4.412180	4.216913	3.709970	5.843621	-0.725526
30	4	39	7.518007	1.747723	-0.293684	1.141406	4.424296	0.117375	-6.985857	7.423458	5.899847	7.380542	5.234192	7.195510	6.671738	3.044564	4.456731	-4.784304	2.749736	-2.201127	3.146240	6.087034
30	4	13	7.518007	3.498448	-0.319244	-0.823921	-0.299541	7.585730	-0.896618	7.423442	0.456062	7.374546	5.478380	3.807162	6.604600	7.128703	1.007982	3.784169	3.442057	-2.195658	5.763175	-0.459248
30	4	11	7.518007	3.119661	-0.296353	0.035963	1.500250	1.261761	-4.746339	7.423458	5.899830	7.380540	5.236126	7.195508	6.671715	3.046361	4.456706	-0.077369	2.755486	-2.201126	5.633803	-0.020452
31	3	59	7.281931	6.260407	-2.615039	-7.105395	-7.750939	9.877224	15.830743	3.120057	2.830346	0.745425	4.640278	-0.125858	2.015265	7.418778	1.718474	6.102743	4.883806	8.597931	7.294368	-6.073023
31	3	17	7.281931	2.048307	7.202928	-0.897225	-2.790912	3.476766	-3.379669	8.930395	8.279961	7.131604	-1.387625	5.170239	7.642715	7.167351	7.910931	6.066107	3.898300	5.488525	7.127548	-3.355792
31	3	24	7.281931	-2.234464	7.705696	3.868574	6.978737	2.427358	-14.788762	8.980566	8.279963	7.144993	-1.500728	5.170239	7.699550	6.108070	7.910931	1.517028	3.898299	5.483074	-1.396228	4.577279
32	2	28	6.666884	-7.430165	5.442800	8.367666	6.331035	-3.455184	-18.159010	7.198546	5.015384	5.860356	-1.180037	5.715279	6.027202	-0.120337	7.193015	-3.773282	0.947237	3.408313	-1.336071	6.599130
32	2	72	6.666884	4.278320	0.084787	-2.724247	-7.175216	5.076677	13.641063	4.113337	0.281399	2.623386	3.730539	-0.748627	0.816664	5.676285	1.122866	7.614772	4.155519	3.409441	6.052496	-3.121155
33	2	63	6.763918	1.406714	2.279501	-8.047839	-0.486720	6.057058	10.616881	0.575332	2.041522	-2.430586	6.386446	3.890346	-0.720816	3.417787	6.611618	6.828914	5.917429	7.422768	-1.761944	4.604868
33	2	37	6.763918	-2.982102	8.400536	2.376557	6.017872	-3.411951	-12.178560	6.083236	6.787916	4.128189	0.446740	8.222158	5.123763	0.240396	7.969787	-2.286709	1.780737	5.732929	-6.078077	6.162972
34	3	60	7.991990	-3.481296	6.600573	7.438962	4.665221	-6.233495	-15.827539	8.527151	6.275751	9.011857	0.218655	5.215547	4.750475	-1.682276	5.379109	-4.764677	0.048652	0.304381	-4.115424	7.169651
34	3	37	7.991990	6.092130	-6.075188	-4.008235	-12.708625	5.078664	13.588228	4.488462	-0.121049	3.026118	6.198582	-0.021000	-1.157226	6.073677	0.619894	7.639331	5.398909	6.268062	5.325591	1.251116
34	3	3	7.991990	3.075060	-2.954399	-1.585924	-5.027034	4.969670	7.174171	4.971641	-0.120905	4.378357	6.198575	-0.020210	-1.157226	6.073636	0.619907	7.638811	5.398905	6.257477	0.728098	5.004315
35	3	28	4.829676	2.468956	-4.029160	-3.843440	-5.863750	7.654547	11.317378	-0.237942	0.929166	4.181366	7.286888	1.602494	-1.094136	6.961222	2.763819	6.231653	4.310580	4.546920	6.197821	-1.121540
35	3	16	4.829676	2.216282	-3.381453	-3.446272	-0.740991	7.626381	9.134700	-0.237942	0.930096	4.181552	7.286888	1.624747	-1.094127	6.956753	2.764433	6.226229	4.310580	4.546654	3.905111	5.150629
35	3	56	4.829676	-7.421020	4.345259	6.792588	6.313889	-2.726840	-18.316393	5.288029	6.538731	6.817558	1.102684	5.126843	4.151159	-1.808840	6.133038	-5.711837	1.563843	2.148041	-2.103278	6.598749
36	2	47	8.475479	5.979327	-1.805252	-5.190505	-8.011844	7.352626	14.432840	-3.111053	1.192167	2.073706	5.743736	1.601942	1.244074	3.111707	2.513445	6.417439	6.190325	6.263168	6.737533	-4.993264
36	2	53	8.475479	2.628622	1.608147	-0.480675	-0.341130	0.991391	-8.200117	3.378232	6.896939	6.886534	1.350046	7.446967	7.761076	-9.211226	5.233712	2.107061	0.424584	1.115192	6.737527	-4.993261
37	3	53	6.787193	-8.599292	6.253031	9.860951	4.838815	-4.412316	-7.217297	2.682722	7.032722	7.356423	0.224632	6.907924	5.315596	-2.156403	7.458941	-1.438427	5.544434	4.898759	3.075069	3.153921
37	3	23	6.787193	-1.513669	1.146069	4.435841	0.053379	0.893973	4.711428	-2.611201	0.660913	4.358244	6.093616	3.228404	0.342851	1.181093	1.744283	0.620853	7.179730	6.417404	3.475345	2.970590
37	3	24	6.787193	-12.584749	6.253927	9.860951	6.185242	-4.412487	-10.705702	2.682722	7.032722	7.356423	0.224632	6.912581	5.315596	-2.163986	7.458941	-1.919175	5.544434	4.898759	0.110054	7.042090
38	3	27	6.796153	3.447150	2.904409	-0.409912	-1.129567	0.036584	-3.641702	7.099869	3.415260	6.532578	0.542798	6.351778	6.883949	5.830258	2.256250	-0.000511	3.580204	0.790778	1.491410	6.074892
38	3	40	6.796153	-0.996166	6.777744	5.181281	5.407393	-1.736135	-12.730630	7.099869	3.415604	6.532705	0.542753	6.351781	6.977712	3.591720	2.256517	-2.939324	3.580203	0.790745	-5.554841	7.342931
38	3	33	6.796153	5.182162	-3.130444	-6.094665	-3.698542	5.246648	11.163544	1.018569	1.402715	1.834663	6.848919	0.742128	0.525217	7.868003	0.642060	6.044701	6.688837	5.590700	2.101168	5.399163
39	2	71	6.722862	5.391259	-2.769396	-3.766658	-9.117138	6.827136	11.623631	-2.439593	-2.188708	0.791294	4.119386	1.720611	0.698972	5.588887	0.913761	5.857820	0.178581	7.309422	2.914097	1.976086
39	2	29	6.722862	-5.796041	5.720521	6.255002	6.581343	-3.492271	-15.055428	3.881383	4.318835	6.040844	1.315376	8.094977	7.182833	-1.900872	6.798133	-1.640276	-0.150266	3.796395	-5.402886	7.841093
40	3	18	6.929702	5.488187	-0.748399	-3.110714	-8.538466	4.304574	11.420737	0.450454	3.531435	2.828969	7.961723	0.837396	-0.878141	9.485526	6.959084	5.725147	7.981147	5.143074	5.919509	-3.491160
40	3	42	6.929702	-4.632573	8.379303	5.403619	8.411457	-4.121173	-20.665397	4.005932	7.631113	6.513689	2.154723	6.653141	5.733064	-3.393777	8.780169	-4.496521	6.231304	1.015591	-1.818889	7.088225
40	3	40	6.929702	4.781914	2.486204	-0.313749	-2.560240	-0.917689	-5.602915	3.965024	7.631113	6.513689	2.154723	6.653129	5.733064	3.223575	8.780169	4.082984	6.231304	1.015591	5.918055	-3.147173
41	3	17	7.526198	-2.190131	6.729193	4.816974	7.928580	-7.937368	-13.330967	5.541380	4.490137	3.118917	-0.055565	7.181345	6.047286	-2.972100	4.441765	-2.661574	2.132228	3.430923	-3.885383	5.605257
41	3	67	7.526198	5.845877	-3.921999	-2.614647	-9.026365	4.245850	15.522966	-0.858727	-0.677539	-3.484697	6.536182	0.618918	0.541862	6.324151	-0.664577	6.642973	6.021048	5.627884	6.724076	-5.290772
41	3	16	7.526198	1.374668	0.602718	-0.353931	0.334142	3.580578	8.155244	-0.858726	-0.677393	-3.484697	6.525480	0.618918	0.888193	6.295749	-0.664577	4.629331	6.019114	5.627884	0.337532	4.998772
42	2	95	5.809565	5.884140	-3.855830	-1.144074	-9.841668	7.498634	13.540658	-0.030658	1.378521	1.932819	5.899582	1.812299	-0.795158	8.104273	4.964545	6.810687	5.755192	8.373425	8.796507	-6.259217
42	2	5	5.809565	1.177522	6.625693	5.454375	-0.465421	1.541794	-5.889660	6.602283	7.081713	8.472800	1.174644	7.359065	5.473604	-1.027261	8.338328	3.238735	2.795444	5.351414	7.344717	-3.504774
43	4	75	7.253385	5.451516	-3.765559	-4.956770	-10.470901	7.030090	11.807415	4.081211	1.809303	1.733428	7.208433	1.178262	1.204803	7.460842	0.150366	6.605993	6.040800	5.977623	6.962809	0.599880
43	4	16	7.253385	0.273977	5.904833	-1.269260	1.325709	-3.520760	-12.227613	6.757944	7.546500	6.805245	0.597995	5.738569	6.744020	0.915693	5.769008	-0.448966	1.827561	1.707835	6.860177	1.405644
43	4	5	7.253385	2.757216	2.123409	-1.313952	-4.034975	0.606540	-7.193896	6.753893	7.546500	6.805245	0.597997	5.738569	6.744020	0.917502	5.769008	5.295057	1.827562	1.707835	6.959087	0.638536
43	4	4	7.253385	-4.239891	5.954085	4.837677	6.595573	-5.758551	-22.908203	6.758072	7.546500	6.805245	0.597995	5.738569	6.744020	-0.956352	5.769008	-4.239689	1.827561	1.707835	-1.876521	6.635596
44	2	78	6.127528	-10.648671	6.532236	6.571170	8.018344	-2.576413	-19.636070	8.148879	6.910382	7.904117	-2.120969	7.402909	7.920463	-3.768538	2.901182	-5.213381	-0.712708	2.599323	-3.779938	7.024674
44	2	22	6.127528	1.925938	1.727124	0.706825	-3.692115	7.061863	10.514640	3.977497	4.866476	1.445037	4.227084	1.713994	2.241715	6.423082	1.968391	7.298016	-0.436565	6.274105	6.317308	-1.963201
45	2	93	4.272090	-10.385738	4.292159	7.214664	6.257051	-6.761040	-20.734135	2.071351	8.005353	6.363274	1.050160	8.485025	4.815339	-5.043610	5.984927	-2.142189	0.260762	4.447847	-3.718578	7.479958
45	2	7	4.272090	1.048054	-1.779928	4.416071	-7.438518	5.507278	7.456730	-3.821918	2.174119	4.105254	6.528992	2.873998	-0.359027	2.094520	5.914229	6.266272	4.842935	8.530864	5.114915	0.515026
46	2	64	6.130915	-6.763495	8.695432	9.150943	7.471313	-1.751091	-18.863155	8.622629	4.170558	5.789018	1.255227	8.628762	7.260879	-1.641087	5.862202	-2.858180	1.699472	2.723700	-7.212861	6.134533
46	2	36	6.130915	6.374122	-3.861253	0.416950	-9.398211	7.997473	15.393196	4.083115	-1.192284	-0.665793	7.219404	3.926457	3.376949	6.486430	0.941073	6.974826	6.439632	6.498666	4.757632	-4.144345
47	2	86	7.734776	-2.891399	7.015528	7.071443	6.076725	-1.702666	-30.641135	6.965333	5.891016	7.701393	2.152247	6.798535	5.410630	-2.534189	7.041342	-2.363138	2.456089	1.570323	-4.722210	7.635508
47	2	14	7.734776	5.087202	-5.997345	0.231271	-6.066188	8.271201	10.949925	1.129065	-0.743545	3.078401	5.593746	3.609058	2.629949	8.215525	1.962664	6.380391	7.721237	6.338703	7.501260	-4.207897
48	3	47	8.735561	1.056285	3.408646	7.628603	7.134544	-2.529915	-15.095280	7.603013	7.794997	5.348970	1.105670	4.712710	1.768034	-4.203862	8.745149	-3.712837	-0.004507	1.204337	1.132785	8.791550
48	3	13	8.735561	-1.584175	5.775032	9.250632	7.379651	-5.591118	-18.230241	7.603158	7.795026	5.348970	1.105468	4.712718	1.768034	-4.204022	8.745150	-3.712932	-0.004510	1.204337	-4.208766	8.907237
48	3	40	8.735561	1.695000	1.278173	5.864335	3.935269	-1.346685	-8.844367	7.590725	7.792565	5.348970	1.122680	4.712059	1.768034	-4.144773	8.745111	-3.691985	-0.004259	1.204339	6.334214	2.222468
49	2	33	2.000764	-6.095592	6.923376	6.705714	6.611720	-4.770384	-7.651429	2.639925	6.753264	7.375640	3.440347	7.565892	6.797088	-6.324990	7.717014	-4.464545	8.651011	4.809483	-4.254664	6.253852
49	2	67	2.000764	4.634109	-4.823652	-3.854470	-7.856893	6.596647	16.106057	-3.141442	1.426879	1.067352	7.301590	1.712240	2.276970	5.974256	4.376420	6.978091	8.830068	7.282558	5.517632	-4.968165
50	3	50	9.269304	10.706993	-6.069951	-2.070647	-6.179089	6.055510	11.037617	2.313849	0.319523	1.549440	7.158314	-1.375166	-0.476026	7.580209	0.600891	8.232055	6.805318	2.276405	5.865865	-5.950564
50	3	34	9.269304	10.692559	-0.242685	1.850600	-1.002134	-0.297568	-9.038878	6.732859	5.879687	4.709240	0.890716	3.940458	5.750920	6.940310	6.955795	0.489219	1.051741	2.206069	5.865843	-5.950564
50	3	16	9.269304	1.026887	5.930650	6.255372	6.977730	-0.297579	-14.400610	6.732859	5.879687	4.709240	0.833213	3.940458	5.752019	2.181590	6.955795	-2.398724	1.051741	2.206069	-1.554392	4.899067
51	1	100	8.701234	-6.361252	7.264289	6.582969	5.471634	-6.835909	-16.754582	8.243561	7.796537	4.752154	-2.411692	6.517294	7.617868	-3.559722	7.231948	-4.721006	3.047398	5.842269	-8.295212	7.279479
52	1	100	6.712423	-9.593134	6.539187	6.777760	7.748583	-2.024703	-12.944610	5.293807	8.044005	6.363045	-5.469399	5.609288	6.086376	-4.445134	6.402185	3.441316	0.760899	3.631897	-7.205920	6.606223
53	2	64	5.090369	-0.184561	-0.852281	-1.512463	1.629522	2.936639	5.526248	-0.370850	-0.586068	-2.323897	6.841784	1.342918	0.719016	6.823381	3.414185	-4.460784	5.726224	4.156176	-5.106551	5.351719
53	2	36	5.090369	-4.426167	4.669599	2.781632	7.311795	-4.412588	-12.393929	5.955573	5.422732	3.720233	2.184322	4.821533	6.974235	2.429366	7.102204	-4.814276	-0.236940	3.761840	-6.059846	5.980336
54	3	42	6.193415	-1.246084	4.739896	5.817693	1.826347	-0.581863	-11.440991	8.948005	7.413017	7.663747	1.020448	7.376003	7.391817	-5.638245	6.164766	-6.952866	0.184075	-2.011926	5.473877	-0.102606
54	3	23	6.193415	2.796459	-4.427415	-5.927855	-6.881501	7.557411	5.720809	3.806946	4.722748	1.749271	6.466194	0.868574	1.015373	4.666310	3.459212	6.084821	4.403359	4.309506	7.176681	-1.361456
54	3	35	6.193415	-5.114037	6.829290	5.818021	8.019096	-3.186843	-16.415258	8.948005	7.413138	7.663747	1.020448	7.376003	7.391817	-5.638246	6.164767	-6.954014	0.184075	-2.011926	0.035503	6.548873
55	2	39	7.750232	5.874792	-3.328515	-4.577977	-2.057272	6.502469	12.420830	-0.632051	3.756231	2.445284	6.228102	0.463922	2.894479	6.039228	3.983307	6.752193	7.332408	6.843369	7.276599	-2.719116
55	2	61	7.750232	-5.019188	8.693479	6.935917	8.611157	-0.409350	-23.938660	5.406559	9.549627	7.013386	0.612567	5.967726	6.675156	-3.813521	7.900039	-0.229216	3.034097	3.847818	-2.808985	9.233849
56	3	27	6.655305	0.104491	2.792869	-5.659386	-0.189150	4.834153	7.271342	2.165164	1.733324	-1.696767	5.979362	-0.542979	1.704445	7.660583	1.711129	4.693484	5.216261	7.497176	-2.831273	5.355447
56	3	61	6.655305	-4.798097	8.149970	4.004424	6.772231	-0.409479	-17.178755	7.697371	7.475505	2.865010	1.590103	6.032915	7.321870	2.541906	6.154414	-1.668393	4.520723	7.494172	-3.290529	5.948267
56	3	12	6.655305	2.567618	0.963546	-6.393128	-9.476121	5.440443	14.237887	2.158634	1.733307	-1.696767	5.989453	-0.544568	1.704429	7.669763	1.711105	5.029139	5.218980	7.497176	5.876989	-1.027126
57	2	89	6.659357	-5.281355	6.669242	6.087132	5.995994	-8.180876	-16.903768	5.972387	4.618393	8.016245	-3.946453	7.017957	6.826879	-1.419697	2.667273	-4.803359	0.875314	1.281360	-9.109519	3.424132
57	2	11	6.659357	5.408359	-5.302204	-3.241776	-4.698810	3.178256	9.111006	0.680730	-0.260060	2.665153	1.399551	1.049276	0.860559	5.248158	1.195543	4.018126	0.875308	5.669864	3.992563	-8.615632
58	3	50	8.180069	-2.770697	8.296760	6.336514	6.911375	-6.874388	-16.389644	7.504612	3.143757	8.932828	1.713781	5.773842	5.022863	2.714195	2.307916	-3.780224	1.785412	4.345732	-0.904265	4.151844
58	3	43	8.180069	8.086660	0.658106	-0.850919	-5.637997	5.492121	13.346804	3.709131	-1.614570	3.411355	7.515020	1.900324	-0.094353	7.421449	0.560877	7.164528	6.382464	7.130494	6.610716	-8.708455
58	3	7	8.180069	-0.076866	6.893825	1.939927	2.665059	-0.584463	3.898929	3.710505	-1.564540	6.797116	7.515011	1.905214	0.361010	6.979571	0.561220	-0.276280	6.382464	5.758482	-0.276408	4.150170
59	2	92	7.314644	4.260774	-0.602798	-5.956838	-7.544798	6.416055	12.269185	-0.575193	-0.670133	4.447301	6.928340	3.319809	0.828642	4.965017	-1.459140	6.437869	7.265758	6.909821	7.030348	-6.243770
59	2	8	7.314644	-6.172391	6.157178	3.301303	5.309476	-2.348907	-11.114759	5.344372	3.419542	7.228449	0.878101	7.448175	6.413961	-1.788154	0.582010	-6.014487	5.108217	3.214427	-3.859740	6.624219
60	1	100	6.185836	5.786283	-4.568482	-2.947746	-9.679015	6.064081	9.879195	3.235729	0.678193	0.655490	3.475950	-2.540003	2.475126	7.116002	1.473497	6.676713	3.437461	6.717840	6.755285	-4.566477
61	3	32	5.579753	3.060142	-0.021151	-5.360408	-5.186744	8.453995	14.427476	3.264528	1.821871	3.819607	5.886859	3.281652	1.996991	6.802252	6.530479	6.977109	5.967333	5.245748	5.210550	-5.635827
61	3	30	5.579753	-4.701127	6.450783	7.349313	6.470380	-1.378320	-31.236887	7.674185	7.021583	7.322388	0.002115	8.195774	7.985003	-5.694068	7.633597	-1.411826	0.436530	-0.416499	-5.862401	5.691980
61	3	38	5.579753	2.109110	5.758818	1.005367	1.225771	2.167891	-14.545018	7.674133	7.021583	7.322388	0.002115	8.195774	7.984975	0.460200	7.633597	2.800108	0.436530	-0.416499	5.075123	-5.376739
62	1	100	7.240584	-8.033813	8.576115	7.089624	7.786525	-5.037667	-25.696441	7.303320	6.943847	5.955431	1.725071	6.077809	6.853045	-1.571088	5.855963	-7.552238	0.491912	3.756841	-4.915453	7.008352
63	2	88	4.329351	-7.987292	6.234351	6.801488	7.939564	-5.049788	-23.933444	5.283328	7.097424	5.393815	1.698127	6.931333	7.551684	-4.440899	8.749411	0.322937	6.065581	0.994306	-4.296704	6.434476
63	2	12	4.329351	2.212575	-1.666726	-1.267066	-2.915671	6.988309	6.184335	-0.225683	4.149066	1.041096	3.567103	0.689193	2.883509	6.665409	8.023888	8.908475	6.267812	5.708321	6.413024	-5.121768
64	1	100	5.266336	-12.975047	6.468842	6.757065	3.753947	-3.730858	-18.269661	4.712193	6.431546	6.610027	4.433618	6.620111	7.504680	-2.636830	5.318007	-4.283573	7.440827	0.807112	-4.004543	7.410876
65	2	87	5.109435	0.812815	0.054399	-3.439729	-0.992482	4.228769	11.886943	0.906289	2.290824	3.841078	5.213989	1.121771	2.068354	7.431953	2.245552	7.753319	6.296674	9.515977	2.097320	0.526830
65	2	13	5.109435	-3.353318	6.306797	1.749380	5.404279	-4.645879	-7.099502	6.771842	6.711963	9.367013	-0.209703	6.093856	6.161775	3.013223	5.957970	-4.392383	1.071149	6.307770	0.501309	0.838224
66	2	84	6.000420	0.912948	0.694384	-3.041464	-6.780934	5.225552	11.437053	-0.214179	-0.246939	2.139589	5.383389	1.829364	-0.099989	6.894448	1.863127	8.188660	5.509257	8.842611	-3.446005	7.155463
66	2	16	6.000420	2.162669	0.291968	-5.261199	-11.809506	5.225552	18.158130	-0.226032	-0.246939	2.139589	5.383389	1.829345	-0.099989	6.908473	1.863127	8.188660	5.509257	8.842611	5.314408	2.313155
67	2	33	8.751720	-3.628941	6.797218	8.338860	4.194749	-3.508468	-12.914346	6.631665	1.476898	3.841158	-1.009874	5.905555	2.044307	-0.000907	0.257885	-3.370946	0.190567	6.911674	-4.704874	6.206914
67	2	67	8.751720	6.361483	-2.125324	-2.341382	-7.633273	6.666621	10.209489	1.707368	-4.825331	-0.509964	4.643930	-0.157294	-4.542070	8.312979	0.226459	5.520167	0.663032	7.250815	6.652138	-5.524603
68	2	90	1.426151	-9.993924	5.569532	5.381935	5.739167	-6.586582	-26.358750	5.912735	6.312037	7.212506	-0.402784	8.449488	8.763793	0.740639	5.886100	-0.972790	0.234052	0.339840	-4.755519	5.695090
68	2	10	1.426151	2.357176	-1.702156	-4.004045	-2.679676	5.700637	7.116432	-0.259330	0.407803	1.730652	5.646266	3.099894	2.606856	5.747422	5.002382	6.719444	5.631830	0.468087	4.810047	-1.369805
69	1	100	6.193579	6.406984	-2.843613	-6.304636	-8.446843	6.364963	14.954368	-0.217204	2.054552	0.084298	7.986236	-2.463633	-1.166424	7.323948	1.816876	5.993180	4.010667	8.753143	6.168420	-4.091119
70	2	44	7.201588	3.955748	-1.868336	-5.815389	-2.868035	7.325531	16.781249	0.253785	1.826331	0.449486	6.166976	-2.926215	1.697252	5.661157	0.714912	7.912225	8.907364	5.066469	6.556038	-0.267333
70	2	56	7.201588	-4.897561	7.811387	6.016715	8.902402	-5.202646	-21.339969	6.407540	7.575953	6.283158	4.258340	3.205376	7.906008	-1.260271	5.843540	-3.064593	8.883472	1.137041	-4.475306	8.180097
71	2	99	7.709111	8.612951	-8.957132	-6.378445	-10.582449	3.084766	14.884899	0.653456	-1.521238	-0.360953	7.130502	-0.462246	1.190740	6.600941	1.577703	6.218322	4.045190	6.592989	6.982424	-7.042634
71	2	1	7.709111	8.483048	-2.900979	0.242584	-4.819140	-3.215539	-4.414928	5.615363	3.748803	4.547201	1.333148	5.988239	6.977343	4.388625	6.970526	5.934949	-0.878815	2.126428	6.982424	-7.040983
72	3	69	6.108712	-4.859289	7.100155	2.940921	7.975202	-3.996598	-10.307216	2.097307	9.602598	6.244218	2.664755	7.411589	7.268276	1.583502	5.866669	-7.444670	-5.582086	2.588105	-2.977021	5.452097
72	3	19	6.108712	2.445219	-3.341643	-7.815787	-3.162497	4.880760	10.180782	-2.040929	4.622710	-0.385896	7.746299	3.086087	3.536794	4.154127	4.222909	4.382530	0.086825	4.798496	4.968274	-2.755640
72	3	12	6.108712	-0.163894	7.000653	1.452247	5.045754	-3.875447	-2.543273	2.078698	9.602455	6.244218	2.665479	7.411589	7.268274	2.044018	5.866668	-7.440870	-5.582085	2.588105	4.963103	-1.169937
73	4	64	6.182614	-3.455048	4.297415	5.595733	2.969436	-9.806730	-26.922657	6.737706	7.276155	5.231185	0.276948	6.033165	8.496925	0.214802	4.886634	-4.537740	2.690004	2.638148	-4.406589	7.006259
73	4	12	6.182614	3.373167	-2.094726	1.140912	-7.565823	-3.560284	-8.189546	6.737706	7.276155	5.231185	0.278482	6.033165	8.496925	4.238669	4.886634	2.533935	2.690004	2.638148	6.661473	-2.396265
73	4	12	6.182614	1.937281	1.074196	-0.602540	-8.599766	2.721955	5.005246	1.445164	3.787541	-0.328737	6.768531	-0.374224	3.923812	7.791639	3.393995	6.866438	7.844335	3.800195	1.234671	4.855098
73	4	12	6.182614	3.464957	-2.196696	-4.611830	-13.214458	2.721958	11.638633	1.445164	3.784484	-0.328845	6.769889	-0.376633	3.923811	7.792305	3.392070	6.866439	7.844343	3.800195	6.662044	-2.524000
74	3	43	6.205854	-7.223717	7.353059	6.029257	1.972932	0.353117	-27.106032	7.197907	4.830166	8.017238	0.792639	7.347022	6.814196	-4.315023	5.996448	-0.926815	1.041404	0.816675	4.896673	3.057543
74	3	34	6.205854	-8.898981	7.353066	6.029257	2.761691	0.257645	-30.241393	7.197907	4.830166	8.017238	0.792639	7.347022	6.814196	-4.315023	5.996448	-3.548347	1.041404	0.816675	0.957758	6.805543
74	3	23	6.205854	1.958408	-0.024114	-3.876256	-1.814145	5.723217	14.550063	0.606527	-1.124099	2.396282	6.978638	4.302547	2.084847	6.441322	0.130849	6.105968	6.597166	6.995797	7.055306	1.977819
75	2	23	4.739696	2.453064	-2.209759	-0.793451	-6.379876	5.432351	13.967886	-0.304922	1.910255	-0.816911	6.185642	3.091985	2.887445	7.877806	1.134328	7.260562	8.630833	8.014512	4.881507	1.150085
75	2	77	4.739696	-10.523408	6.168834	6.643025	5.971045	-2.632760	-19.077000	5.732088	6.564019	4.176195	1.778911	7.411376	8.908371	-1.948797	6.126693	-2.312764	6.299920	8.009750	-5.532380	8.706080
76	3	50	5.538248	3.423945	-3.778661	-3.779046	-4.829154	6.530118	14.338893	0.599306	-0.269342	2.481585	7.401678	2.225157	3.052946	7.165924	-0.062405	1.221759	7.553274	8.064252	6.707639	-1.774344
76	3	25	5.538248	-7.874067	5.097877	5.852717	6.452326	-2.871194	-15.819456	7.117886	4.996422	6.705869	1.673134	6.426568	7.283914	-0.019979	4.956130	-8.893687	1.973640	2.563614	-4.206325	5.912798
76	3	25	5.538248	-0.716038	-1.355394	0.653362	0.106355	1.426594	10.375213	0.599306	-0.269342	2.481691	7.401678	2.225158	3.052955	6.790106	-0.062405	-1.677693	7.553274	8.064250	-1.521115	5.843640
77	2	93	6.577755	-10.616205	6.904578	7.699352	8.001849	-9.357223	-21.020805	5.136991	4.019397	7.315915	2.589658	8.205380	2.455572	-5.953581	6.703122	-3.794671	5.066595	0.423432	-4.893183	8.461821
77	2	7	6.577755	2.897836	-3.976914	-0.728920	-5.832871	2.564594	16.452539	-0.957217	0.664299	1.284929	7.442554	1.851369	-2.317560	4.662735	3.814408	1.064956	8.011430	6.874451	6.136743	2.334978
78	2	91	4.773548	7.076288	-4.142309	-0.723736	-12.030958	6.562990	13.373362	0.436597	0.499334	-0.707472	4.796234	1.599530	-0.375675	6.334424	2.670792	4.477529	3.706668	6.772450	6.499923	-2.716885
78	2	9	4.773548	-3.951570	7.702893	6.872594	2.454932	-4.993688	-6.135351	6.153528	6.174567	3.013289	1.367288	8.005604	5.863996	-2.029629	6.094588	-3.052170	3.467499	6.772396	-5.614249	7.886483
79	3	29	5.825309	-3.513729	3.655507	-0.975436	3.759404	2.710453	3.805598	0.830981	1.174960	5.050429	5.639554	-0.740685	2.955086	4.386848	0.571543	3.077242	9.021658	5.489829	-6.379951	5.705635
79	3	38	5.825309	-3.857510	8.088114	4.984600	6.631373	-3.097116	-17.191277	7.079787	6.872540	7.773153	0.606638	4.489814	8.216671	2.198093	6.031954	-1.848182	3.150304	3.713846	-6.380037	5.972396
79	3	33	5.825309	3.638151	-2.593080	-5.408483	-11.041122	3.662852	14.345300	0.645077	1.008188	2.554953	5.969218	-0.785419	2.950032	4.472309	0.450745	6.735046	9.136257	6.205972	5.092819	-4.381702
80	2	94	6.106710	-9.769693	7.369185	6.166344	4.579023	-4.324758	-29.110575	7.322551	7.362855	4.989297	-3.917030	6.673568	5.727035	-2.870763	8.408610	-5.016341	2.012393	3.945333	-2.345759	9.084807
80	2	6	6.106710	2.845687	-1.330170	-1.874434	-6.120650	7.235058	11.393104	1.717095	0.828220	-1.313215	1.571110	0.829990	-0.566165	6.971975	2.993294	6.707505	3.342297	5.221959	6.120633	-0.777763
81	2	46	5.186689	7.418110	-4.937610	1.079192	-14.274751	6.751577	15.996131	1.683153	-0.031160	2.391170	6.328414	1.684137	2.869904	4.904534	4.718485	4.484159	6.618118	8.853652	7.443643	-3.873326
81	2	54	5.186689	6.544625	0.823005	6.404644	-8.973876	3.254554	-8.305590	8.288598	5.771601	7.895155	0.516935	5.565174	5.259070	1.740029	7.195728	3.761078	0.873126	6.303277	7.441381	-3.701052
82	2	75	5.227732	-6.170317	8.387751	7.266852	2.906157	-5.972699	-12.796944	6.519664	3.447531	4.485419	2.968009	5.256912	6.347466	0.524195	2.500213	-4.863650	1.844881	6.863331	-3.986696	6.143397
82	2	25	5.227732	7.635654	-1.075583	-5.695016	-9.364390	5.167915	6.665896	0.385809	-3.099937	-1.691335	7.005720	0.452420	5.448099	7.485589	-0.406540	6.392975	3.581601	7.729544	6.572400	-2.961201
83	3	31	7.042699	1.552388	-2.585803	-1.448292	-6.640068	5.238093	17.030627	0.036895	0.850992	-0.278652	6.725908	0.623336	-0.551447	9.707602	4.408397	3.379853	4.788437	5.907132	6.611884	-1.701637
83	3	34	7.042699	-1.429661	-1.129757	-1.085096	-0.886537	3.613518	9.522102	0.036895	0.850992	-0.278642	6.725903	0.623337	-0.551447	9.707556	4.408397	2.184092	4.788435	5.907132	-4.740957	7.692006
83	3	35	7.042699	-6.163789	4.649973	5.044235	5.171877	-2.102875	-14.495954	6.401389	7.359796	5.685044	1.346891	7.124223	4.813461	3.365005	6.720189	-9.556824	1.328224	1.887299	-5.179104	7.724901
84	1	100	6.864188	3.585140	-1.344911	-4.486651	-6.233807	4.515961	15.077845	2.718370	7.209401	-0.553640	6.830114	0.398070	1.390705	7.247921	1.086841	5.653046	6.831348	8.122612	5.012449	-7.981560
85	4	77	4.889811	-13.810165	8.450856	6.459378	7.610516	-6.793167	-15.413312	6.474660	5.255263	7.112232	2.099762	6.323337	5.635012	-7.332094	5.568318	-5.355870	2.159280	3.937239	-5.092863	6.351593
85	4	4	4.889811	2.656898	0.145359	-1.289711	-6.042974	6.263621	15.458757	0.854250	-1.341155	5.614912	6.383154	0.331531	-0.875450	4.199099	-0.678186	5.761393	6.223168	4.824305	6.690756	-0.720557
85	4	18	4.889811	-4.550559	2.938062	-0.137074	1.255369	-0.359929	7.525190	0.854250	0.084761	5.614912	6.382758	1.523322	-0.874826	4.184782	-0.345671	-1.745265	6.223064	4.824305	-5.092751	6.351456
85	4	1	4.889811	1.113895	2.624139	-0.659212	0.247478	4.803648	14.682614	0.854250	-1.333924	5.614912	6.383154	0.337056	-0.875450	4.198915	-0.677578	5.651096	6.223168	4.824305	3.917872	0.634855
86	1	100	5.919013	-8.988187	6.414696	8.100124	2.844203	-1.634165	-23.019870	1.969385	8.768899	5.565281	3.147728	5.878580	4.481290	-1.875104	5.368266	-1.720326	-0.818808	1.851233	-3.277963	8.428458
87	2	19	7.604316	3.614908	-2.307985	-3.538420	-7.118076	7.942150	11.187840	1.083864	-0.119997	1.024918	5.564167	2.520059	0.650298	2.747986	1.519660	7.908689	5.801871	4.260393	7.329951	-0.664273
87	2	81	7.604316	-6.540919	5.981214	7.496140	8.210512	-0.688472	-26.626561	6.263367	3.359522	6.938597	1.037922	6.461818	6.890117	-3.609528	4.821961	0.943168	3.959054	2.561485	-1.280204	8.815312
88	4	7	8.055584	5.998166	-3.342757	1.802957	-0.395073	0.316114	-4.734135	4.942190	6.062118	5.394162	2.990589	7.169379	7.058422	7.752382	7.434223	0.223648	5.537282	7.089763	4.459732	-3.755127
88	4	20	8.055584	1.384459	-1.748881	-0.410526	0.388427	4.526337	5.328899	-0.378307	0.092023	1.061365	6.183563	1.351963	6.062637	8.755372	4.266819	5.090747	7.706832	7.566136	-3.333646	7.082710
88	4	47	8.055584	0.697372	3.157591	4.828648	5.319045	-3.288478	-14.448199	4.942813	6.063435	5.394162	2.986861	7.169393	7.058422	2.789157	7.434421	-6.291831	5.534279	7.089763	-4.099137	7.446873
88	4	26	8.055584	6.034329	-8.362478	-3.320416	-5.296285	6.166556	11.253914	-0.493955	0.005540	1.061089	6.187112	1.345281	6.062637	8.755375	4.199731	5.231693	7.708484	7.566136	4.459930	-3.767462
89	2	77	6.871556	3.936103	2.886703	0.417404	-2.941202	0.417251	-6.547355	4.291591	6.706131	6.972450	-2.590990	7.293868	6.169306	2.271408	7.954347	1.223823	-1.389055	0.714548	9.435861	-4.494726
89	2	23	6.871556	-1.924413	9.486232	2.949414	7.405873	-4.740078	-14.137398	4.291591	6.711222	6.972450	-2.590990	7.293868	6.169306	1.764677	7.954347	-4.485118	-1.389055	0.714548	0.574273	6.309047
90	3	24	2.636126	4.687461	-5.877193	-3.814862	-7.137570	7.809825	4.955422	-3.383848	4.395344	0.115937	5.520587	0.479838	2.436572	7.107790	9.220117	7.476045	4.299317	7.925145	7.898946	-0.866617
90	3	52	2.636126	-9.018902	6.889570	5.942863	6.653744	-3.760974	-28.891014	2.907461	7.542775	6.662736	0.504872	5.449704	7.999505	-0.134074	9.242320	-2.862657	-0.664191	2.465116	-4.218505	6.058631
90	3	24	2.636126	4.681995	0.492666	1.003828	-3.183178	2.354569	-11.830405	2.907461	7.542662	6.662736	0.504872	5.449704	7.999505	4.200445	9.242320	5.413235	-0.664191	2.465116	7.898946	-0.862461
91	1	100	7.573997	-6.389391	9.083481	6.361437	5.646908	-4.977770	-24.817139	5.337258	6.586342	6.914850	-2.038109	6.404667	3.929781	-0.207660	7.618717	-5.317841	2.538377	-0.879700	-6.329679	6.779789
92	1	100	5.364677	-15.072791	4.318783	6.899977	6.562808	-2.699378	-16.951508	5.898299	5.873640	7.399319	-1.558057	4.933828	3.471890	0.384003	8.383574	-3.741832	0.373254	-0.670552	-3.627498	6.607515
93	2	45	6.847646	0.779111	1.515074	-4.640872	-5.279491	4.750513	15.373967	1.863649	0.221913	4.123558	5.789428	2.555619	3.495486	5.549633	2.744114	4.059936	7.675236	6.262753	7.437364	-2.079073
93	2	55	6.847646	-13.862493	8.185717	6.103508	6.826911	-3.943233	-18.846374	6.087315	6.286465	7.175158	1.601456	8.030216	7.303347	-3.326764	7.968821	-8.902148	5.226291	4.675376	0.644841	4.483734
94	1	100	6.487046	-10.592385	5.763368	6.623053	4.436499	-6.035182	-13.434971	8.923779	4.602393	6.019665	3.330067	4.790802	5.893124	-1.738566	3.343208	-4.765477	0.498449	4.975560	-5.976436	7.259771
95	2	89	8.931237	4.416983	-7.437972	-2.233273	-8.224208	7.033830	10.959824	1.929657	1.358547	4.191994	1.248997	0.473117	0.069446	8.316596	3.737148	6.861450	0.800909	7.483775	6.674690	-2.792707
95	2	11	8.931237	-2.132170	5.058364	7.711408	6.484392	-4.328145	-18.235503	6.218583	5.906943	7.342643	-3.959285	6.736254	5.643354	-1.623056	6.327300	-4.273549	0.693799	2.611522	-3.046501	6.559750
96	2	49	6.780735	3.049412	0.810131	3.008035	-0.668888	1.763950	-18.526738	7.987810	7.084762	8.164096	-1.232831	4.762066	6.962568	6.277376	9.057748	-4.530762	4.566825	3.520983	2.639371	0.947374
96	2	51	6.780735	-4.584285	5.677165	8.678068	6.677725	-4.493759	-29.860276	7.987810	7.084762	8.164100	-1.232831	4.762066	6.962568	0.054421	9.057748	-9.638189	4.566825	3.520983	-6.512889	6.289223
97	3	63	5.953909	1.379201	3.710578	4.753462	1.762926	3.926903	13.873403	-1.480107	0.476200	1.415343	8.608143	-2.983786	1.815586	-3.210137	0.959162	2.725734	9.443714	6.632063	5.056447	-1.623151
97	3	36	5.953909	0.064915	3.854152	5.292211	3.269692	1.996566	9.857965	-1.480107	0.476202	1.415343	8.608143	-2.781086	1.815586	-4.503301	0.959163	-3.108362	9.443714	6.632063	-0.094847	6.881793
97	3	1	5.953909	-2.917200	8.024489	7.414611	7.183313	-4.796588	-3.908244	3.010950	6.772871	6.444002	2.218128	3.176673	7.374378	-5.201268	6.134659	-3.285098	5.384415	1.884126	-0.114215	6.909501
98	2	66	8.220348	2.053140	4.015438	7.110199	-3.349759	1.486182	-12.480085	6.279822	7.420093	6.847502	-1.020388	7.821871	6.345651	-0.863666	7.010114	-0.996679	1.795564	-0.049384	7.195791	-1.724652
98	2	34	8.220348	7.567552	-2.480690	-3.483559	-14.056717	6.005005	6.520101	1.769335	2.099734	1.221587	4.805110	2.699691	2.061683	7.744456	2.594371	4.631932	2.995072	2.353524	7.284236	-5.960161
99	2	90	4.257305	-7.994705	7.496394	8.342263	6.536403	-4.744667	-21.719424	7.048507	7.252447	5.234637	-0.312643	7.061002	6.830205	-0.228040	8.881155	-3.186061	1.074647	4.861606	2.706656	-2.350512
99	2	10	4.257305	2.575446	-1.694110	0.785797	-5.359127	6.454923	8.717959	2.786007	1.189814	-1.394336	4.941866	0.865402	2.057515	6.506116	2.574432	4.416335	2.483551	6.541581	8.354505	-5.099483
100	2	15	8.498905	-3.686574	4.506462	5.636578	9.330957	-5.264812	-25.797050	5.508088	6.973127	8.890538	0.034299	7.553521	7.301719	-2.242502	8.620417	-3.684000	-1.041871	-1.198654	-7.548911	6.104043
100	2	85	8.498905	5.308460	-2.034406	0.983177	-1.625501	0.927073	-16.239809	5.508088	6.973127	8.890527	0.034961	7.553474	7.301719	2.927053	8.620417	1.405484	-1.041871	-1.198654	4.572008	-0.507465
