[ 1.  1.  1.  1.  1.  1.  1.  1.  1.  1.  1. -1. -1. -1. -1. -1. -1.  1.
 -1. -1. -1.  1. -1.] in three state formalism :  [array([ 1.,  1.,  1.,  1.,  1.,  1.,  1.,  1.,  1.,  1.,  1., -1., -1.,
       -1., -1., -1., -1.,  0., -1., -1., -1.,  0., -1.])]
[-1.  1. -1.  1. -1.  1. -1. -1. -1. -1.  1.  1.  1. -1. -1. -1. -1. -1.
  1. -1. -1. -1. -1.] in three state formalism :  [array([ 1.,  1.,  1.,  1.,  1.,  1.,  1.,  1.,  1.,  1.,  1., -1., -1.,
       -1., -1., -1., -1.,  0., -1., -1., -1.,  0., -1.])]
[-1. -1. -1. -1. -1. -1. -1. -1. -1. -1. -1.  1.  1.  1.  1.  1.  1. -1.
  1.  1.  1. -1.  1.] in three state formalism :  [array([-1., -1., -1., -1., -1., -1., -1., -1., -1., -1., -1.,  1.,  1.,
        1.,  1.,  1.,  1.,  0.,  1.,  1.,  1.,  0.,  1.])]
[ 1. -1.  1. -1.  1. -1.  1.  1.  1.  1. -1. -1. -1.  1.  1.  1.  1.  1.
 -1.  1.  1.  1.  1.] in three state formalism :  [array([-1., -1., -1., -1., -1., -1., -1., -1., -1., -1., -1.,  1.,  1.,
        1.,  1.,  1.,  1.,  0.,  1.,  1.,  1.,  0.,  1.])]
[ 1. -1.  1. -1.  1. -1. -1.  1.  1.  1. -1.  1. -1.  1.  1.  1.  1. -1.
 -1.  1.  1. -1.  1.] in three state formalism :  [array([-1., -1., -1., -1., -1., -1., -1., -1., -1., -1., -1.,  1.,  1.,
        1.,  1.,  1.,  1.,  0.,  1.,  1.,  1.,  0.,  1.])]
[ 1. -1.  1.  1.  1. -1.  1.  1.  1.  1. -1. -1. -1.  1.  1. -1.  1.  1.
 -1.  1.  1.  1.  1.] in three state formalism :  [array([ 1.,  1.,  1.,  1.,  1.,  1.,  1.,  1.,  1.,  1.,  1., -1., -1.,
       -1., -1., -1., -1.,  0., -1., -1., -1.,  0., -1.])]
[-1.  1. -1.  1. -1.  1.  1. -1. -1. -1.  1. -1.  1. -1. -1. -1. -1.  1.
  1. -1. -1.  1. -1.] in three state formalism :  [array([ 1.,  1.,  1.,  1.,  1.,  1.,  1.,  1.,  1.,  1.,  1., -1., -1.,
       -1., -1., -1., -1.,  0., -1., -1., -1.,  0., -1.])]
[-1.  1. -1. -1. -1.  1. -1. -1. -1. -1.  1.  1.  1. -1. -1.  1. -1. -1.
  1. -1. -1. -1. -1.] in three state formalism :  [array([ 1.,  1.,  1.,  1.,  1.,  1.,  1.,  1.,  1.,  1.,  1., -1., -1.,
       -1., -1., -1., -1.,  0., -1., -1., -1.,  0., -1.])]
