38	1	5.988307	1.310849	-13.206367	9.390268	-13.356960
46	1	8.179861	-0.572071	-15.112016	5.708272	-14.415361
52	1	8.779082	3.494305	-12.782622	6.552991	-9.865396
56	1	5.059226	-1.409275	-11.578743	5.994695	-8.640612
68	1	5.807913	0.500427	-9.737542	7.902240	-13.900887
72	1	-9.825422	9.065610	7.420948	-8.057755	7.418326
77	1	7.851095	-1.011765	-11.092689	5.096532	-13.082474
79	1	5.695622	1.019850	-13.626522	6.228199	-10.245885
82	1	8.551683	-0.225199	-17.588374	6.862735	-10.522018
104	1	-2.026963	6.925771	6.788719	-4.649075	5.081138
137	1	-10.010961	7.551960	5.582701	-10.275853	5.361770
141	1	6.658069	-2.648328	-12.778525	7.723460	-4.682824
153	1	9.203694	-0.264244	-12.401633	6.412179	-9.342292
155	1	6.947561	-0.279229	-8.149382	8.147014	-13.956021
170	1	6.372809	0.638762	-12.655108	8.132531	-11.618919
175	1	-10.684292	6.241443	7.118841	-9.472806	5.710631
200	1	-12.673714	6.659486	7.415893	-8.655011	7.253260
211	1	-8.182373	7.565165	7.700462	-6.935987	7.117691
224	1	-4.136116	3.344928	3.363206	-3.490946	-1.345661
233	1	8.202601	3.758991	-5.323556	3.675042	-10.917912
245	1	7.375356	-0.207856	-12.187731	5.318651	-12.813618
249	1	7.422283	3.699661	-10.792995	8.011156	-13.976607
266	1	-10.117459	7.547603	7.208141	-6.271546	9.059675
271	1	5.766595	3.577827	-16.295563	6.497579	-12.081420
272	1	-15.404433	4.962829	6.659195	-8.561974	5.569394
302	1	-15.546700	7.358229	5.202482	-4.231667	7.206206
326	1	7.245144	0.867129	-17.234380	7.080698	-17.799871
333	1	-10.449294	9.297329	5.718635	-2.385875	7.287764
342	1	8.938937	-0.554123	-15.227370	7.039956	-7.490153
353	1	6.286631	-0.363010	-19.219426	7.765021	-16.442384
355	1	8.279178	0.694140	-16.061789	7.214179	-15.406339
379	1	7.029093	-0.902339	-17.146971	6.842506	-4.491301
382	1	6.936698	-1.979516	-17.261140	8.473370	-15.265748
414	1	5.835023	2.289193	-16.358752	4.797798	-14.081004
447	1	-6.910889	7.606918	5.922422	-5.876060	8.117913
455	1	6.325343	-2.195761	-16.103431	8.798066	-13.250701
495	1	8.189334	1.272890	-12.983004	7.262535	-12.618346
524	1	7.423190	0.141472	-14.718478	7.408468	-16.379305
573	1	-11.600271	7.554289	6.140741	-6.654332	7.844964
590	1	-7.462226	7.098538	6.558906	-2.890658	8.563313
620	1	-8.688335	8.414078	6.538808	-8.074613	6.604845
630	1	7.754714	-1.753459	-10.161967	7.255705	-8.338123
664	1	7.050727	-0.445772	-15.682667	6.718755	-6.723162
675	1	9.192963	0.425169	-13.825884	7.054583	-8.646439
679	1	6.809593	0.764300	-14.562130	6.449716	-13.221459
685	1	7.817111	1.824496	-14.512475	6.302562	-10.245631
690	1	6.034690	5.850096	-9.499512	7.813033	-16.181075
694	1	-7.995745	6.078655	3.593556	-8.458343	8.402849
739	1	5.876987	0.445997	-21.064030	7.563203	-8.730330
740	1	-10.331800	6.060038	4.164982	-4.659570	9.335984
744	1	7.689574	-5.063095	-15.969488	5.755444	-9.556935
745	1	4.633341	1.112015	-14.569351	5.925363	-17.769564
747	1	5.632971	2.421387	-18.770272	8.110128	-12.823669
769	1	6.791957	3.790780	-12.369805	9.209946	-12.692904
775	1	4.706264	0.654738	-18.442232	7.545835	-14.451906
781	1	7.287666	5.328571	-14.323314	9.510259	-7.849621
791	1	-6.567747	3.342411	2.303664	-8.166027	7.736542
794	1	-14.642716	6.739669	7.141666	-6.385130	6.258027
816	1	4.182215	-2.223398	-12.468458	9.666174	-11.272640
822	1	6.557923	2.514123	-15.881680	8.513524	-13.448168
836	1	7.212388	0.494167	-20.454970	7.120655	-5.268314
840	1	6.774525	2.030807	-13.515398	6.916622	-16.934027
875	1	8.088666	-3.420582	-18.614612	6.690636	-9.898840
883	1	-13.092160	8.562038	7.679230	-7.464299	6.482865
891	1	7.321545	2.343645	-18.273882	6.569595	-12.648101
896	1	-11.181769	7.614465	8.241285	-2.150633	8.268512
917	1	8.177187	1.620748	-5.427106	7.367853	-12.021581
921	1	5.206881	0.525120	-8.446252	8.478719	-14.289236
925	1	-6.844537	4.520809	3.609420	-7.993728	8.506684
927	1	7.873005	2.157697	-17.299162	8.121755	-12.582797
948	1	-9.974143	5.736936	7.919557	-2.931762	7.974287
955	1	7.105084	-2.902290	-18.338316	7.445192	-11.932857
975	1	8.676804	0.537275	-13.149500	6.879937	-15.255255
1012	1	-5.388541	8.114792	8.942873	-6.464479	3.645406
1026	1	6.154076	0.899781	-17.385892	6.102011	-14.638175
1027	1	7.097392	2.357393	-12.647006	7.043023	-11.285360
1030	1	-7.855261	8.058029	5.087616	-8.935744	8.734875
1034	1	5.588425	-1.639955	-17.570069	8.335518	-14.921100
1037	1	8.175979	-3.072723	-17.853047	7.334444	-11.789999
1043	1	-10.035866	6.112197	6.143824	-9.544963	6.220485
1059	1	6.793404	-3.717346	-15.333268	8.126263	-10.313841
1069	1	6.227300	-1.809907	-21.956746	6.933428	-9.131299
1075	1	-6.245032	6.969772	8.243053	-6.163419	8.609354
1078	1	4.681230	2.065646	-18.024129	7.393022	-9.619555
1092	1	6.090947	0.058136	-12.644956	7.761972	-14.712481
1133	1	7.441666	2.605441	-5.108242	8.626592	-11.839232
1167	1	-8.121240	2.716273	4.984816	-7.960388	8.824356
1169	1	7.218305	1.125680	-14.668373	6.032955	-11.013764
1178	1	6.489026	0.576470	-15.455310	4.346323	-14.054863
1189	1	5.552548	0.194347	-16.084840	8.839787	-11.522493
1190	1	7.146574	0.135569	-15.038180	8.769378	-16.276396
1239	1	8.036874	3.816246	-14.867361	8.725110	-4.067489
1240	1	7.680245	-0.186329	-15.052858	6.494488	-9.417630
1275	1	8.437940	-0.947963	-12.932274	5.495504	-10.100095
1296	1	-9.480085	7.387246	4.179515	-4.693307	6.730988
1302	1	4.824019	2.777363	-13.776270	7.290412	-9.615724
1308	1	-4.797105	9.125083	4.343271	0.350518	6.047998
1312	1	-8.832150	7.199498	7.863850	-10.538545	7.545499
1319	1	7.400002	1.925379	-20.645704	6.105341	-15.779994
1352	1	7.822255	0.869351	-15.308639	5.294939	-10.228504
1361	1	7.127825	4.528592	-11.888951	9.618658	-10.599078
1374	1	-10.672105	7.166555	5.662496	-6.669579	8.271013
1381	1	-9.422002	7.615294	6.046551	-10.809232	4.913952
1390	1	-14.718538	5.688718	6.192601	-6.084306	9.279553
1396	1	-8.596102	7.004853	6.668020	-7.072067	8.572945
1397	1	-14.287021	6.708431	8.362302	-5.300531	5.034835
1400	1	-2.745756	9.481182	4.302785	-7.962732	3.772969
1426	1	-6.292650	6.520746	5.816425	-9.277225	7.423885
1440	1	5.069879	-0.471662	-11.534403	3.664239	-10.847831
1445	1	-15.026831	7.134735	6.494632	-10.058466	7.422830
1452	1	6.323031	0.563666	-13.600073	7.808002	-11.821056
1474	1	7.677102	0.465773	-14.075295	5.615202	-15.208778
1502	1	1.569645	-2.690205	-5.502803	1.906391	3.458860
1506	1	-12.459106	7.157029	5.351631	-5.505386	6.658032
1513	1	-7.752469	8.728101	7.641707	-6.011450	8.638097
1516	1	3.251007	-0.627855	-13.270911	7.840662	-12.883633
1521	1	6.783337	0.906609	-18.857327	9.574716	-9.501795
1542	1	-3.353884	3.443747	2.907443	-5.581637	8.541562
1544	1	6.795496	-0.887250	-13.601898	5.265125	-13.565822
1546	1	7.224920	3.486319	-11.753448	7.132557	-10.341355
1556	1	6.656740	-1.041311	-20.157648	7.687549	-13.762715
1564	1	6.416590	0.415009	-8.073209	6.301641	-14.216803
1567	1	4.424307	-2.553364	-17.576993	8.480325	-10.097938
1570	1	4.411888	3.646560	-12.310334	7.841204	0.357484
1599	1	5.850015	1.217662	-18.372876	8.713051	-9.921689
1604	1	7.955890	-2.223495	-14.374009	5.587953	-12.480445
1633	1	-10.168188	5.318904	5.675869	-5.843780	5.578738
1647	1	6.557713	-2.976211	-20.288717	6.519943	-5.902967
1648	1	9.409375	1.637600	-7.040385	7.964588	-10.597506
1652	1	7.358520	5.896464	-7.873164	6.403164	-15.272545
1660	1	-7.833268	7.120265	7.391227	-2.281548	5.978860
1663	1	-11.312051	9.299320	6.595898	-4.241564	8.630337
1664	1	6.018558	-3.461303	-16.318112	6.068142	-10.628491
1689	1	-8.067799	4.987273	3.649077	-10.595332	5.466977
1699	1	-9.749684	7.142213	5.479045	-4.529486	6.783450
1708	1	-12.927018	5.877349	6.760823	-5.095218	9.462183
1722	1	-10.866161	3.628113	5.432367	-4.577813	5.524942
1732	1	-7.034010	6.379589	3.137353	-8.088032	7.276012
1743	1	9.555750	0.582300	-18.630716	8.770215	-10.840522
1767	1	7.459756	-0.037861	-10.590344	7.332167	-14.436560
1789	1	-13.151763	7.505288	8.002471	-10.753398	8.865499
1796	1	-14.088437	7.692546	7.179055	-1.479701	7.576808
1811	1	6.425570	4.141516	-8.291421	7.978066	-6.785814
1831	1	8.327596	1.854738	-4.824203	6.563218	-13.401573
1833	1	-9.518867	6.358604	4.392596	-9.071246	8.349202
1847	1	6.957346	-3.084574	-13.465358	7.180069	-12.813626
1856	1	7.205707	-1.662539	-16.465141	4.109088	-11.798001
1887	1	-7.647638	5.530013	6.440109	-7.075811	8.229964
1893	1	5.027084	2.069439	-17.333173	7.163752	-11.441177
1942	1	5.300121	2.340256	-11.346303	6.603622	-13.695627
1946	1	6.321603	5.187419	-11.835806	8.397390	-9.650777
1951	1	-13.980046	6.806750	7.140109	-6.660146	9.606466
1966	1	7.303780	-3.340569	-19.403630	7.836357	-12.899259
1994	1	9.114611	0.797071	-12.778401	7.311395	-11.730207
2033	1	7.799029	0.474613	-10.455361	6.392370	-14.299914
2058	1	-12.169933	5.851274	7.167350	-11.739280	5.964400
2078	1	8.212730	0.940264	-14.966948	7.424946	-12.359091
2079	1	6.165108	-1.252112	-17.773339	3.926169	-5.213766
2080	1	5.670024	3.522046	-18.309111	7.274615	-14.424811
2082	1	7.488196	-0.387662	-13.649132	7.725219	-13.780851
2086	1	-12.296203	9.415429	9.734010	-10.530594	6.935656
2087	1	5.704412	2.935088	-6.907794	7.417421	-16.104081
2098	1	9.284833	0.395318	-23.283458	6.982739	-10.966386
2100	1	8.110643	2.080814	-16.291465	8.382322	-5.798103
2104	1	7.677881	-1.985485	-12.801924	6.256595	-13.411128
2114	1	6.398153	3.478702	-12.223008	6.994528	-11.257989
2124	1	-7.975288	7.317509	4.014614	-5.188127	7.693927
2158	1	7.094989	0.025423	-12.540902	7.112511	-10.772052
2160	1	9.208593	-1.972365	-16.639300	6.332973	-4.312439
2174	1	-10.194396	7.623065	7.443878	-6.487040	7.298607
2200	1	7.695148	-5.865437	-18.190913	8.483776	-9.299071
2219	1	6.753839	-0.864315	-16.299618	9.298783	-13.493448
2231	1	8.951519	2.999784	-11.373398	7.115757	-11.648283
2277	1	-11.134014	6.668697	5.426948	-5.232593	7.712141
2285	1	7.058358	0.150672	-21.009869	6.501855	-11.041443
2309	1	5.614409	3.142730	-12.151939	7.554993	-16.234198
2311	1	3.203204	4.108324	-12.605093	9.636171	-10.661090
2344	1	-17.028051	7.486044	7.174882	-5.503162	6.816503
2345	1	-9.800886	6.521218	6.753016	-5.898564	6.755971
2349	1	-7.305673	6.763747	5.250960	-5.671085	6.878777
2356	1	6.417665	1.632928	-16.364366	9.388633	-16.257456
2373	1	6.668754	-3.228581	-21.662053	8.998081	-9.304838
2379	1	6.741570	-3.883313	-16.163486	7.321410	-17.450483
2386	1	8.227539	-2.253759	-14.328263	8.368895	-9.646317
2428	1	6.323459	0.560085	-14.799634	7.266235	-9.480915
2429	1	5.393433	-0.492987	-15.059252	5.780221	-11.309604
2432	1	-11.063580	6.872116	8.122918	-3.597914	6.413910
2445	1	-16.095221	6.870485	6.544035	-6.504101	7.906871
2455	1	8.016239	2.458270	-10.704681	4.800414	-7.527818
2469	1	3.899274	0.555616	-11.951416	6.308695	-8.680865
2487	1	8.769154	-0.771083	-18.388729	6.431131	-16.329113
2496	1	6.691186	0.485664	-12.807867	8.632505	-10.988578
2503	1	8.132096	0.873535	-11.717559	9.220337	-12.165025
2518	1	5.480814	0.310317	-13.923778	6.899625	-13.188992
2533	1	5.901119	-0.742638	-14.435558	8.165732	-16.618498
2558	1	7.329138	-2.664275	-15.407163	4.041715	-6.989061
2574	1	-10.895683	7.116765	6.665426	-5.008287	6.771253
2576	1	-8.114227	4.377897	5.449823	-5.121246	8.076020
2583	1	-9.722868	6.269734	8.041033	-6.142155	7.062363
2598	1	-15.582674	5.438776	8.282947	-6.590877	6.763915
2605	1	7.351235	0.060724	-15.590894	5.579923	-14.843598
2633	1	8.570476	-0.414188	-8.547968	8.020438	-17.082595
2643	1	-12.614220	6.948765	5.931612	-4.291940	7.751125
2645	1	3.776806	-0.622691	-12.785727	6.311060	-13.562242
2667	1	-13.166016	3.665631	4.164320	-11.087068	8.694556
2668	1	-4.006505	3.842613	-18.588838	6.713543	-7.084277
2672	1	-13.278764	6.628576	5.528375	-7.238962	8.058353
2675	1	9.289635	3.427788	-5.338626	7.840862	-9.804218
2681	1	8.251946	0.708565	-4.802626	1.850184	-10.328156
2711	1	-4.197262	4.361913	1.335030	-3.655495	8.562255
2718	1	7.637115	-1.383067	-10.090843	7.976532	-9.394924
2726	1	6.916771	-0.236901	-13.301341	7.335055	-5.841279
2733	1	6.458617	-0.154804	-10.244737	6.418523	-13.821729
2748	1	4.882285	0.488906	-15.162245	7.114205	-16.556460
2769	1	7.565404	1.422223	-23.808561	7.939091	-9.143109
2774	1	-11.027423	4.824064	4.705559	-2.565500	7.030083
2776	1	7.965649	-0.530697	-17.956720	9.284125	-8.801171
2778	1	9.758959	1.238828	-8.010588	5.799558	-10.725579
2780	1	9.520857	2.569985	-15.921598	7.123252	-9.451418
2789	1	7.825880	-1.397653	-14.005434	6.360461	-9.298788
2807	1	6.592739	0.714582	-15.581206	7.717777	-14.675226
2818	1	6.776892	2.406554	-11.815478	5.327437	-6.746381
2828	1	6.883248	0.029835	-10.934152	7.403150	-14.142483
2835	1	8.842057	3.318118	-7.095503	9.757080	-9.665129
2840	1	-17.653265	8.591916	7.266181	-5.083868	6.657738
2844	1	7.145775	-0.381858	-17.407160	8.435930	-9.710864
2853	1	7.880978	0.319514	-16.309544	6.648239	-14.505231
2870	1	-6.811620	7.134349	8.599775	-4.084107	9.038039
2878	1	-9.248841	5.086252	7.481685	-4.116747	6.189921
2899	1	6.031720	1.770051	-11.030491	6.502530	-13.515833
2903	1	-12.320119	8.855763	6.790466	-7.389936	9.228441
2917	1	6.718755	0.815522	-15.960242	4.773939	-11.872912
2942	1	5.448502	-2.601381	-13.353919	3.727042	-11.999768
2975	1	5.401204	1.871528	-16.396482	7.419157	-6.261405
2989	1	6.450289	-3.388559	-16.412573	8.717726	-11.079942
2996	1	6.119554	-0.576703	-18.740817	6.213385	-10.398590
3005	1	8.044001	0.260424	-20.677000	9.472673	-9.644827
3020	1	8.889266	1.687551	-9.799701	7.391255	-12.281133
3032	1	7.241603	-1.992952	-17.342528	7.124758	-10.644053
3042	1	8.295402	0.662659	-10.202850	8.443950	-16.911005
3043	1	-11.478521	6.761150	9.011883	-9.188761	6.796755
3047	1	-9.176559	7.394394	6.272346	-4.182070	5.982241
3065	1	6.785493	-3.340053	-11.007505	8.549442	-13.247554
3067	1	-10.240431	3.807850	6.384631	-6.210320	5.570334
3074	1	6.591779	4.622777	-11.752662	9.603323	-9.596089
3080	1	6.395956	1.219738	-8.673634	5.034268	-13.738979
3107	1	-9.324486	6.833102	4.842096	-2.096496	8.429215
3156	1	6.808551	-0.444642	-6.403875	3.145918	-11.838019
3175	1	8.096194	0.487740	-16.330473	8.768630	-13.252510
3177	1	9.205437	1.375576	-16.581652	8.822702	-18.778569
3198	1	7.279408	-1.896741	-14.388300	6.654834	-14.512195
3199	1	5.927259	0.689593	-15.283244	6.245967	-9.376542
3202	1	-8.193756	8.178684	6.301058	-7.346474	7.198174
3242	1	-10.114025	7.510022	4.144942	-2.569478	6.891257
3246	1	-14.344429	6.413768	5.309912	-8.798551	8.152408
3247	1	6.065069	1.195160	-15.291215	8.783244	-7.330018
3249	1	-9.904678	6.234723	9.171044	-6.156883	7.415277
3255	1	8.608862	-0.334319	-18.353718	7.737870	-10.223705
3274	1	-6.983776	8.358353	6.144779	-3.191334	4.438017
3277	1	5.701008	-0.850607	-13.036810	8.454753	-11.214296
3303	1	8.101059	2.067977	-19.328386	6.912561	-6.503025
3331	1	6.235427	-0.727275	-11.350867	8.005634	-11.360995
3411	1	9.331523	0.474490	-19.806098	7.723782	-12.074210
3421	1	6.902340	0.350843	-21.174104	5.868355	-13.491969
3448	1	-8.400330	5.800925	6.901431	-0.324252	7.208937
3483	1	6.919955	0.245052	-12.197660	2.479853	-13.738068
3506	1	6.499414	1.163124	-12.515616	6.028395	-13.063707
3519	1	7.482176	-0.200144	-14.619301	6.612203	-14.385685
3530	1	5.739130	1.500992	-10.164720	7.065903	-9.072019
3559	1	-9.502542	6.359869	8.937225	-5.925544	8.230379
3586	1	-6.604383	7.631581	4.179819	-8.781353	6.837110
3594	1	7.095859	4.968786	-15.822779	7.940264	-10.847635
3617	1	6.881187	4.435738	-9.361466	7.765435	-10.147926
3643	1	-12.630383	7.226149	8.404754	-4.439746	6.764284
3656	1	6.181440	2.510980	-14.053013	5.123580	-15.576858
3691	1	-13.266394	5.788558	4.617757	-4.499423	8.639907
3694	1	-10.824302	6.003303	7.703225	-8.024206	6.394354
3705	1	7.548428	1.606475	-11.132278	5.957295	-8.942198
3723	1	3.402007	0.060040	-15.742893	3.956268	-12.215094
3725	1	-7.822912	6.177462	6.928436	-6.213694	8.239553
3728	1	6.698400	0.755675	-13.682214	9.552963	-15.396647
3751	1	6.507533	-0.671440	-15.624543	6.581288	-11.597848
3766	1	-11.208428	6.832237	6.214273	-6.497237	7.757940
3769	1	-4.213977	7.571873	4.273445	-4.615080	9.068583
3773	1	-14.358334	4.446972	3.191158	-3.876487	8.259371
3788	1	6.320180	1.589594	-10.075697	6.066588	-11.667566
3813	1	6.843321	2.070858	-10.862334	8.793368	-10.511740
3816	1	-17.563205	8.832563	7.245571	-5.179365	6.393702
3830	1	6.255280	6.429853	-7.782736	8.697864	-11.010602
3848	1	8.093547	2.250760	-17.824732	8.181893	-13.636223
3871	1	-12.551757	7.034698	7.792853	-0.175706	7.989069
3873	1	6.382708	-2.118499	-19.116953	5.841167	-15.957376
3895	1	7.178885	-0.472563	-16.475064	5.812949	-13.235638
3907	1	4.058342	2.651126	-10.659321	7.217128	-8.534051
3911	1	8.472798	0.359845	-10.233854	4.458389	-13.366514
3938	1	9.071437	3.260488	-18.746463	7.589622	-9.263302
3950	1	7.225701	-1.318107	-16.679248	7.271559	-12.788010
3985	1	-12.197401	5.883766	7.530519	-5.732573	9.861899
3991	1	-11.212010	6.605926	6.853060	-1.576072	8.040185
3996	1	6.235079	-5.137627	-13.423715	6.277161	-16.113556
4008	1	7.745603	2.927788	-10.505448	8.125964	-10.820499
4010	1	-15.574129	4.534684	4.246490	-4.321370	7.015707
4013	1	7.925145	-1.888726	-15.809988	7.938795	0.323886
4021	1	-9.526297	6.938707	6.978338	-6.334975	6.583862
4030	1	7.070519	-2.260783	-10.786647	6.116664	-11.997837
4032	1	5.862763	-0.769164	-5.891692	8.913580	-7.457981
4048	1	-10.614371	5.128985	4.357942	-7.734081	7.344601
4050	1	-11.407803	6.627446	5.219840	-1.416238	6.513488
4076	1	6.702727	1.951517	-15.933755	7.377462	-11.031694
4088	1	-11.040753	6.591817	8.080272	-7.819311	8.044941
4089	1	5.044849	4.929429	-8.691266	4.422775	-13.591555
4101	1	3.872343	5.048819	-13.546879	6.896992	-9.894261
4113	1	4.847279	3.413549	-11.297397	9.548534	-11.105732
4139	1	8.929601	0.035019	-11.193727	7.499985	-7.755242
4154	1	1.706998	0.168518	-9.686878	6.330145	1.363347
4160	1	5.564218	0.635320	-17.992256	7.403456	-14.180676
4193	1	-9.092728	7.471262	8.406507	-3.177676	8.847504
4201	1	-10.424144	5.515119	6.968373	-3.945793	6.080708
4215	1	3.599029	-3.273021	-13.600251	8.282429	-3.953024
4229	1	7.916440	1.101576	-14.882373	6.854473	-10.422813
4245	1	7.177723	1.329005	-13.556422	5.446882	-13.279909
4246	1	8.914001	-1.403182	-17.628688	5.247257	-9.814105
4253	1	-8.578406	3.723013	3.397975	-7.633200	6.083133
4265	1	-6.820024	4.317971	-6.143403	-1.873880	8.703532
4287	1	5.975629	-2.181752	-22.761735	6.260452	-15.607005
4294	1	-11.689317	9.306790	6.260668	-8.556238	7.721184
4320	1	6.513744	-2.092089	-13.267111	5.077868	-11.934336
4321	1	4.397994	2.069865	-12.886173	3.770626	-9.813208
4322	1	-10.217416	8.521539	4.569538	-5.596919	7.238526
4341	1	-11.184578	5.979574	5.806802	-8.741157	7.160783
4347	1	-9.717696	6.182689	6.702882	-7.241945	8.545642
4357	1	8.080688	2.055460	-15.262870	7.751439	-11.314448
4366	1	8.157149	1.893939	-20.530192	6.462274	-9.595344
4369	1	-12.872738	7.521734	3.979277	-7.943550	8.460835
4370	1	-7.807987	9.642820	6.636814	-8.079422	8.529952
4372	1	-12.056094	7.282544	8.325781	-9.967739	4.844838
4382	1	-15.647498	5.902470	6.017449	-5.872371	6.703342
4383	1	-12.669394	5.890147	6.085865	-6.972124	7.500690
4394	1	-8.564374	7.205516	7.017232	-8.275117	7.779724
4396	1	8.876217	-0.032682	-17.014697	8.237063	-14.719087
4402	1	-9.887828	7.215845	3.766758	-6.324734	7.002545
4408	1	6.836776	-1.022327	-10.152809	9.388017	-13.959197
4443	1	-9.707032	7.137730	7.412599	-6.165704	8.126120
4480	1	7.212083	2.330412	-19.263265	5.727195	-12.808344
4500	1	-12.106090	5.946739	7.673138	-3.166753	9.544825
4509	1	-13.041766	7.700494	7.247212	-4.235567	7.389936
4515	1	7.181165	0.415794	-17.712228	4.446873	-4.610889
4549	1	6.552893	1.334456	-15.740170	6.846144	-12.194144
4551	1	6.416207	3.830351	-17.842479	6.228878	-11.594548
4558	1	-8.691455	8.817433	6.650902	-5.439883	7.555003
4568	1	5.435977	4.345693	1.447780	-2.169193	-4.990879
4571	1	5.410637	0.101033	-19.867045	9.482396	-10.167941
4595	1	7.597980	2.154500	-9.012056	8.571462	-10.863673
4614	1	-11.601983	8.621123	6.787010	-2.859877	7.947729
4623	1	5.904654	0.537485	-7.170240	4.745151	-14.974621
4627	1	8.485808	0.386586	-20.060780	6.936242	-8.589603
4648	1	9.596906	-1.682960	-14.247177	9.181410	-11.430623
4656	1	6.875803	0.755318	-10.301588	7.362236	-10.176492
4687	1	6.926948	4.067118	-16.074884	8.581315	-10.861438
4700	1	-9.549833	9.322478	7.535165	-9.221506	5.213539
4733	1	8.181299	-0.158347	-9.316366	7.650939	-11.107844
4747	1	9.607261	-2.328702	-15.838546	7.375555	-9.640171
4760	1	7.235458	0.845155	-10.821569	9.191241	-8.928498
4819	1	6.937483	2.677108	-7.204469	8.499695	-12.759707
4820	1	6.843777	-4.990572	-15.763716	6.205670	-9.210754
4824	1	-9.159074	1.412351	2.919398	-1.064844	8.469668
4827	1	-10.148321	6.970148	7.063365	-6.153285	8.957742
4837	1	7.913697	1.757949	-17.766805	8.622885	-13.380788
4852	1	-12.957780	6.607003	6.084858	-7.458407	7.465341
4857	1	6.431105	0.144497	-12.353316	7.246068	-11.944826
4867	1	-9.973732	6.619600	7.293156	-7.916150	6.753224
4868	1	-12.628436	6.332170	7.551989	-4.544408	6.253869
4874	1	-15.986027	7.004039	7.382692	-7.308483	6.961983
4900	1	-8.321383	7.947731	7.064774	-4.601009	7.289794
4908	1	7.612556	-3.533493	-17.743784	7.790086	-13.628712
4910	1	5.682831	-0.354934	-15.008684	6.593652	-9.627954
4932	1	6.178947	-0.773329	-16.577794	7.941593	-12.746774
4933	1	-8.439960	5.625047	7.904119	-7.189872	8.049462
4948	1	-10.592527	6.269619	8.400242	-3.124537	9.083534
4959	1	-8.631546	7.644637	6.794893	-7.197387	8.823358
4960	1	6.619847	-2.881813	-14.948677	8.728728	-9.880286
4984	1	7.301271	-0.608565	-18.078033	9.282625	-12.049006
4997	1	8.020761	-2.556748	-15.409584	6.260226	-12.756156
5024	1	-12.168165	7.499488	7.590464	-4.392911	6.182988
5034	1	8.639961	-2.473677	-17.671510	6.106425	-9.842477
5050	1	5.628269	-3.317875	-14.328536	5.252582	-9.765276
5051	1	6.454360	1.013862	-11.256932	7.038842	-11.518212
5092	1	7.212951	1.286945	-11.997512	6.105485	-13.291085
5106	1	6.079103	3.790778	-15.039095	9.183074	-13.507946
5109	1	6.649492	-4.755554	-16.799243	7.371006	-11.252259
5117	1	-14.088271	7.639711	6.505591	-3.808950	7.874612
5124	1	-8.113594	3.651282	4.153446	-2.627857	6.415282
5140	1	-8.818087	7.991355	5.497016	-8.273554	8.025508
5170	1	8.976503	-5.356868	-12.341901	8.076574	-6.343596
5184	1	-10.173719	8.204514	7.279633	-4.533414	6.175829
5238	1	-13.739468	6.455740	6.260239	-0.189280	9.332690
5244	1	6.525796	0.420091	-13.938068	8.134432	-7.477720
5253	1	6.287376	1.207876	-15.353354	9.525846	-12.898968
5258	1	8.331514	1.030815	-11.952662	5.889411	-9.901556
5269	1	4.939163	2.696422	-11.929203	7.735813	-11.352172
5285	1	8.946120	-0.611554	-15.902420	7.908920	-9.961239
5289	1	-12.089377	6.780396	7.554170	-7.799682	6.486615
5312	1	7.027856	2.255967	-17.122718	7.389847	-11.896264
5327	1	3.194348	-0.963124	-17.742056	7.512156	-9.748347
5329	1	-12.139628	5.086838	5.620294	-6.682860	6.948641
5330	1	6.202383	1.179428	-17.999709	9.264236	-7.587385
5342	1	-7.686619	6.754239	7.529110	-7.758927	6.789720
5344	1	-3.771476	4.051154	4.031805	-4.497894	6.228308
5348	1	6.198511	2.611472	-13.243924	7.555152	-14.440151
5351	1	6.635473	0.487311	-14.017312	9.111913	-14.356323
5352	1	-9.985012	7.080188	7.886365	-8.845704	6.669624
5365	1	-14.512190	4.339452	2.266245	-5.519081	7.536241
5396	1	7.907398	2.328932	-17.431826	6.768573	-12.150955
5401	1	-10.928483	5.100234	5.260122	-5.836554	8.230963
5410	1	7.776940	0.010160	-13.632326	9.241700	-5.124277
5440	1	-12.875882	5.688792	9.414819	-4.357224	7.726872
5447	1	-9.898625	5.362391	6.728484	-6.361292	7.355043
5463	1	-10.465490	7.588577	5.673579	-4.335236	7.037437
5474	1	7.453719	0.540201	-15.394151	4.406076	-11.222418
5482	1	5.839075	-0.050826	-19.977597	5.324323	-11.579487
5532	1	-8.407786	8.019638	5.966010	-7.002212	8.491289
5547	1	-15.619704	4.693828	5.560265	-5.740092	7.000543
5551	1	8.210760	1.006914	-12.704006	6.615270	-10.498315
5555	1	7.140724	1.020614	-10.403492	6.935266	-10.540089
5569	1	6.921230	1.785950	-12.498287	5.423921	-13.081728
5574	1	-9.112226	4.777868	-8.642875	0.401104	6.278729
5587	1	7.953220	0.700284	-14.013188	7.368902	-14.750547
5612	1	8.907533	-1.706391	-15.700771	6.977603	-12.556490
5617	1	7.969109	-3.334828	-11.598713	7.788196	-12.255821
5634	1	6.433251	0.686845	-15.884397	4.065224	-15.089528
5670	1	6.319816	-0.091617	-12.299052	7.698941	-10.062527
5671	1	9.262632	-2.938703	-18.537342	7.786169	-12.496969
5678	1	7.010434	4.146903	-12.929763	6.811794	-8.629036
5686	1	-11.214226	5.809946	4.605339	-8.204837	5.933124
5695	1	-8.549584	6.111285	6.133238	-6.430776	7.813876
5708	1	4.251468	-0.315090	-14.182605	8.704082	-11.768122
5749	1	6.357217	-0.319182	-12.460074	7.723179	-15.245413
5760	1	-10.561003	6.280857	6.743584	-6.187362	7.547039
5792	1	8.497946	1.253984	-20.928455	8.639630	-8.091854
5795	1	7.218175	1.723833	-11.581294	7.399796	-15.035419
5797	1	-11.012148	5.666274	8.574615	-3.939038	6.558496
5819	1	-15.826750	7.855195	7.882950	-3.337215	6.879041
5827	1	6.787222	-0.066068	-9.433207	8.128227	-9.105239
5837	1	-7.387313	7.823109	6.058132	-7.067530	7.707006
5871	1	-10.273649	9.510802	6.751002	-3.310688	7.335831
5875	1	-14.120542	6.394225	6.463311	-7.005570	4.906791
5876	1	-9.653131	7.715024	8.754872	-5.092025	5.729949
5880	1	8.333599	-0.366039	-12.467471	6.308753	-7.821499
5884	1	-15.008799	4.036843	3.686134	-5.916125	8.299354
5886	1	9.347613	1.887581	-11.543915	6.837622	-10.997852
5889	1	6.751257	-0.125811	-17.445524	6.719618	-10.870826
5898	1	-15.177201	5.721472	6.809120	-6.478079	6.734904
5949	1	7.094132	-0.391169	-23.167480	9.046586	-12.518675
5953	1	6.354039	1.090043	-14.168519	8.164922	-12.328292
5954	1	6.380385	-2.789227	-21.211146	5.941661	-10.190253
5959	1	-11.086965	5.827859	6.054679	-7.839182	6.789199
5962	1	-11.257457	6.526199	5.904566	-4.251480	8.492801
5982	1	8.259226	4.765714	-12.501543	7.070595	-7.914973
6028	1	8.519741	4.668832	-10.320346	6.892849	-16.136876
6031	1	5.603242	-2.001804	-14.877675	5.481195	-13.327622
6050	1	6.227338	2.366033	-9.149736	7.606588	-10.937277
6065	1	9.193636	-2.254632	-8.976405	8.498592	-9.141933
6084	1	7.259161	-0.193925	-18.835886	6.255667	-12.672741
6087	1	7.445773	1.403960	-10.197854	7.294644	-15.306861
6088	1	6.796289	-0.988180	-11.400692	2.122165	-7.699422
6092	1	-14.479657	8.387945	6.566541	-9.749321	6.108513
6110	1	-13.449157	7.597975	6.301901	-5.135131	5.400046
6115	1	5.770823	0.537179	-12.974872	7.200182	-12.941196
6116	1	7.860376	0.651129	-15.346168	4.673334	-12.904801
6136	1	4.932308	1.067711	-16.097727	8.882755	-9.852316
6141	1	6.418982	2.845180	-6.458237	4.870777	-10.879414
6145	1	-9.806646	7.746147	6.592058	-5.164422	7.836384
6162	1	-4.528052	7.613558	-2.988758	6.360878	-5.715214
6164	1	-7.659608	8.827539	4.905144	-6.688955	8.548852
6165	1	6.045687	0.280061	-12.283886	8.367417	-13.700467
6186	1	7.522385	-2.861490	-14.091595	5.425535	-13.456050
6200	1	-6.206275	2.502366	-6.602122	-3.942882	7.312449
6208	1	-10.686236	7.769966	4.054541	-3.382208	8.934667
6249	1	6.459040	-0.321362	-15.080502	8.290173	-10.777479
6251	1	-17.673724	6.865113	4.663031	-3.061738	8.634249
6278	1	8.975062	1.576342	-19.954110	6.686419	-6.149489
6297	1	-9.182526	7.184770	8.655862	-4.422355	7.672108
6320	1	4.551214	0.450284	-12.759866	8.150540	-15.370959
6322	1	-5.148151	5.464294	6.928303	-4.641096	7.872535
6363	1	6.722662	-0.598063	-18.404150	7.787136	-7.722961
6365	1	-11.799601	8.381527	8.244740	-5.385769	5.110264
6374	1	6.588031	0.833293	-15.779199	7.869256	-13.647712
6391	1	-7.677820	5.271382	7.973474	-5.505674	6.742159
6392	1	-11.415891	3.430096	4.561360	-6.357134	6.967307
6413	1	-6.933699	7.838066	7.075452	-4.729193	7.062558
6425	1	8.015953	2.272856	-11.603448	3.751145	-12.116367
6429	1	7.172065	1.121205	-13.016736	6.581107	-6.214164
6432	1	6.196223	0.610857	-15.052866	6.850346	-17.318065
6442	1	6.686075	2.433738	-13.321467	8.260361	-11.022095
6447	1	-10.193066	6.781384	5.819202	-6.447298	7.535110
6457	1	-10.273870	3.499323	3.926931	-5.406856	6.391109
6485	1	7.567712	-0.649159	-6.259496	7.494841	-9.961973
6512	1	6.107461	-0.344399	-12.718181	4.903634	-8.965909
6518	1	8.624823	1.843492	-19.383698	7.743953	-11.223160
6561	1	-12.675814	6.290072	5.705215	-6.575370	7.740926
6579	1	-9.689853	6.466034	7.429918	-2.718857	8.785169
6616	1	5.942930	3.064898	-7.700432	4.341483	-11.510220
6619	1	-6.655154	7.138862	6.665468	-8.710913	8.146796
6620	1	-10.121313	7.376150	5.060190	-9.438519	8.380616
6627	1	-12.146823	7.847821	6.006171	-6.726120	6.486397
6634	1	6.892550	3.898910	-14.703717	7.060336	-8.435502
6635	1	-11.779195	6.786967	4.571202	-10.177124	5.406962
6642	1	-10.885525	6.386524	6.297467	-4.855163	9.558492
6643	1	6.438389	5.067599	-11.846955	8.031756	-7.490758
6657	1	-12.083410	9.483982	7.751564	-3.532795	9.676594
6663	1	-1.574174	7.504063	5.593713	-8.862250	6.839473
6698	1	-12.714081	6.011862	6.061296	-2.069264	7.525398
6702	1	4.744385	4.098254	-16.362708	7.183399	-10.041090
6713	1	-12.947069	6.798158	6.687687	-7.955012	6.985617
6726	1	6.877408	2.134661	-10.109602	6.667602	-13.124585
6745	1	6.639861	-0.599961	-12.088186	5.848102	-11.959170
6750	1	7.183019	-2.746236	-14.881825	6.211374	-12.070203
6795	1	-9.990443	5.919655	3.392249	-7.955042	9.327788
6808	1	6.480874	1.788994	-13.366556	6.794501	-12.148016
6814	1	-9.329041	8.773593	7.177933	-6.344571	6.012182
6824	1	8.545880	4.316500	-12.016577	6.094211	-15.451626
6831	1	-8.543920	6.573098	7.828000	-6.524276	8.691541
6835	1	5.225235	3.605138	-15.440455	7.867722	-6.927890
6840	1	6.602036	3.462818	-8.380655	6.525873	-14.059092
6860	1	-11.926827	6.447142	6.948751	1.965803	8.541702
6863	1	6.575740	0.821650	-13.470735	6.415053	-13.301891
6882	1	7.431569	-0.136281	-15.589696	6.821081	-12.256002
6893	1	6.122410	2.568568	-18.951960	9.101620	-12.815712
6932	1	5.765547	0.160090	-12.948934	6.305766	-14.099861
6936	1	6.399151	1.546973	-11.072408	7.114252	-9.988307
6943	1	7.393977	-0.242877	-13.039390	6.414247	-5.073513
6956	1	6.583760	0.550876	-13.383028	7.275971	-10.198168
6957	1	5.887240	-0.217853	-18.471860	9.578357	-10.678814
6966	1	5.322717	5.153682	-15.262219	7.726695	-12.717422
6972	1	6.732612	1.151910	-16.999402	6.411118	-14.879991
6990	1	-11.893561	6.715201	6.670691	-5.878063	9.020189
6992	1	-0.350170	5.351773	6.437836	-8.995452	8.054148
7001	1	7.285817	-1.558563	-15.391923	7.909023	-10.042466
7013	1	8.286902	4.671569	-13.902704	8.996128	-16.219543
7016	1	-11.348210	6.872645	8.315981	-3.121479	9.501076
7039	1	6.241901	1.958052	-11.928815	7.954086	-7.378155
7041	1	-9.784674	8.069510	7.045136	-2.562836	6.827861
7058	1	-9.007292	8.866662	8.921033	-4.955697	7.649103
7069	1	6.664796	3.025297	-14.535800	7.922395	-14.866472
7075	1	7.266041	2.002870	-7.729438	7.074372	-3.285490
7077	1	6.769516	-0.561249	-17.992215	6.581343	-14.524172
7078	1	6.833687	3.233298	-14.825822	7.753806	-13.494735
7082	1	7.009349	-0.849550	-11.861459	6.782584	-16.534549
7090	1	4.651221	3.220733	-18.113515	6.877232	-10.721302
7097	1	7.868724	-1.912571	-14.824175	6.379954	-10.780084
7105	1	5.619396	1.155128	-15.726314	7.345148	-14.436977
7123	1	-6.036386	5.458960	7.549663	-7.111760	6.383908
7125	1	6.753164	-0.330242	-11.192977	3.950787	-13.262665
7141	1	-9.400206	7.406633	6.810534	-1.593559	8.363279
7164	1	-11.129884	8.206351	6.916290	-7.953928	7.270390
7179	1	5.724591	2.388900	-12.972852	5.534073	-14.234561
7195	1	6.896483	2.474302	-10.875404	5.180694	-10.452911
7198	1	-2.437964	4.313784	6.728297	-7.038805	6.036877
7209	1	6.522468	-1.927759	-12.940663	5.794456	-13.827906
7211	1	6.170556	0.188452	-13.638041	6.193419	-13.777909
7219	1	-12.563283	5.485312	5.922109	-7.221125	5.462167
7265	1	7.189868	1.228390	-17.062917	5.293987	-9.553363
7286	1	-10.367241	4.852961	8.096695	-6.182464	6.673894
7289	1	5.872072	-0.834698	-13.535470	9.616104	-14.848869
7295	1	7.326883	0.987435	-19.079330	7.260705	-12.528348
7320	1	5.964693	0.548663	-9.621707	8.652944	-12.420803
7335	1	6.169785	-4.601027	-19.130914	6.061532	-10.241839
7348	1	-14.886248	7.544296	6.667378	-7.225347	7.622723
7354	1	6.311972	3.978458	-13.487726	7.417285	-17.062346
7358	1	-10.769065	6.384511	8.139250	-5.029575	7.080322
7370	1	-12.482012	6.110671	4.983504	-5.647100	7.320967
7379	1	5.417654	0.558598	-15.505734	9.505840	-9.561360
7395	1	8.460358	-3.896041	-15.974973	6.584636	-9.467135
7411	1	4.225065	2.547582	-16.768186	7.656690	-10.180822
7414	1	6.314055	-1.847301	-20.394551	8.622534	-7.040488
7444	1	7.612880	3.081220	-5.622826	6.436633	-16.369839
7445	1	7.382749	-0.419995	-9.685316	7.940774	-13.236773
7457	1	6.631376	0.332489	-15.583295	6.237891	-14.344435
7462	1	-7.942941	7.167091	6.132808	-5.344985	6.725664
7463	1	6.581959	2.587665	-9.435128	7.246862	-8.158058
7464	1	-11.371056	7.352640	4.490840	-8.579319	8.101568
7499	1	5.082919	-0.305807	-16.948097	5.731066	-8.776983
7503	1	-12.423565	6.475215	3.478552	-3.369345	6.229511
7505	1	-11.818699	5.407062	6.855769	-3.802757	8.109834
7514	1	6.092348	2.653573	-12.885857	7.117068	-12.164618
7531	1	7.794617	1.899094	-9.253606	2.634722	-8.476393
7535	1	-14.567145	5.307131	5.464178	-5.815923	6.926415
7540	1	6.377565	-0.229869	-15.666103	6.504804	-12.132735
7608	1	7.577398	1.365323	-11.365506	8.376670	-11.684121
7624	1	6.586689	8.114144	-7.147105	7.096200	-11.184068
7633	1	-14.550434	6.995946	7.812042	-2.201141	5.602006
7636	1	-11.693574	4.045421	5.468168	-10.254221	9.328400
7637	1	-10.540134	6.143628	4.297512	-7.812680	7.241195
7638	1	8.523953	0.111554	-15.500807	5.334405	-9.305354
7649	1	7.843428	-3.303893	-20.178604	6.357903	-12.345197
7663	1	6.626996	-4.965965	-20.407981	6.602806	-10.468101
7670	1	6.045445	-1.426688	-14.927487	9.043382	-7.997051
7702	1	6.772885	-2.236327	-15.093079	7.461196	-7.941057
7713	1	-9.464073	6.865599	5.958964	-4.690857	8.523627
7714	1	-11.381295	5.659071	6.902989	-5.277509	6.421284
7723	1	-12.567065	8.225019	7.333374	-9.080049	8.902234
7724	1	-12.118340	7.589406	6.708297	-3.877343	7.297879
7730	1	6.823985	-0.676563	-13.192538	7.551486	-10.822498
7737	1	-9.797084	7.520462	7.052747	-4.634076	7.159125
7764	1	7.095778	-0.705705	-17.808539	9.408388	-9.719167
7766	1	8.243851	0.863910	-10.790597	7.395812	-10.764179
7776	1	-12.276011	4.463014	9.272555	-4.082423	6.955530
7781	1	-15.040559	6.804881	8.510363	-1.878324	6.421793
7786	1	4.334642	0.230409	-19.308638	5.116632	-14.108310
7792	1	6.076814	4.570401	-12.870960	5.874521	-8.152963
7796	1	7.233046	-1.525797	-14.879369	6.616540	-13.341133
7798	1	5.765212	0.567805	-11.597148	7.447674	-9.170659
7799	1	8.857482	0.132496	-11.421690	4.922910	-15.226707
7849	1	7.320104	0.716454	-14.642394	6.762121	-14.911384
7867	1	-8.657503	7.798255	6.350490	-8.152771	8.229018
7911	1	7.397319	-3.285194	-22.514117	9.014855	-12.145707
7917	1	9.178854	1.625888	-16.284915	6.468545	-13.446346
7920	1	5.967184	2.609614	-9.967550	6.004024	-14.260795
7925	1	7.080859	-0.696849	-12.474707	5.509738	-11.760468
7946	1	-11.030867	4.853498	9.086216	-6.423833	7.330823
7959	1	5.285891	1.892029	-16.667272	9.090153	-9.159374
7968	1	5.119078	0.049452	-17.998574	7.219665	-13.142880
7997	1	7.026358	-0.369924	-5.243822	6.346183	-16.050055
8018	1	6.130257	0.625102	-12.840938	8.912517	-12.094954
8026	1	6.806142	0.363898	-17.568369	8.590414	-13.406716
8034	1	-10.727000	6.098945	7.931972	-4.405496	7.326096
8038	1	-13.832518	8.099619	7.059120	-6.751940	6.495597
8049	1	-12.157004	6.005225	6.788634	-7.158006	6.078998
8070	1	6.467042	-1.534755	-17.533923	5.810278	-10.506490
8079	1	8.370612	4.335647	-10.132547	5.243255	-10.192542
8090	1	8.819232	2.180714	-14.893506	7.659044	-13.389887
8096	1	6.643406	2.476915	-16.983917	7.296131	-12.654694
8104	1	6.576893	3.929468	-13.171217	6.937382	-11.537901
8146	1	-8.452099	5.113533	3.913759	-3.758494	7.813704
8152	1	-7.871414	7.649723	6.909366	-3.294901	8.170192
8155	1	-12.661034	8.354884	8.255112	-3.863347	7.680619
8156	1	-11.882245	9.069300	6.014605	-8.288409	6.990688
8192	1	6.119304	-0.631440	-15.097928	8.553315	-9.178805
8203	1	7.813528	-1.841374	-16.379546	6.287455	-11.024816
8206	1	6.949798	1.047186	-15.124104	6.627410	-8.684814
8215	1	7.976539	0.904212	-8.715546	7.810709	-11.231510
8220	1	-14.514059	9.300040	7.204991	-2.494012	8.668797
8261	1	-13.497035	8.802932	7.307890	-4.730150	8.751424
8276	1	7.938253	0.332508	-15.915265	5.175332	-10.941692
8279	1	8.077771	-1.384152	-11.490404	8.764298	-11.060362
8285	1	-12.444365	4.697649	6.790101	-2.166092	6.240951
8314	1	-8.981503	6.706015	7.816221	-9.359183	6.859120
8328	1	-4.465480	7.195872	7.209450	-7.146564	6.381576
8354	1	6.670770	5.482797	-10.855216	6.849920	-6.257454
8355	1	6.762838	-3.154338	-13.685170	8.767792	-5.742705
8357	1	4.045715	-1.419312	-19.820231	6.358679	-10.806886
8363	1	8.344834	-1.587127	-12.449700	8.224025	-10.363824
8364	1	5.527053	2.654601	-17.099669	7.388105	-11.715009
8365	1	7.910948	1.243869	-11.852100	8.812117	-10.022318
8391	1	8.791290	1.240735	-12.087075	7.712029	-13.689524
8395	1	4.045947	0.583013	-16.303323	6.177851	-8.984219
8399	1	6.311400	2.116065	-16.174067	7.182139	-7.764844
8404	1	-11.552107	6.811463	5.219454	-10.407842	7.805280
8418	1	4.267895	0.237536	-10.512630	8.118352	-12.026801
8423	1	6.275969	-3.211612	-11.409727	7.313869	-10.354291
8439	1	9.344153	-0.061018	-14.679218	7.279044	-10.187576
8446	1	5.625837	0.970067	-14.156954	5.355701	-7.601089
8481	1	4.777251	-3.737514	-17.583145	5.812785	-12.814571
8484	1	9.014093	1.672326	-15.738001	6.242656	-7.880508
8486	1	-10.635183	5.483848	4.911492	-9.955902	5.930842
8513	1	-10.145647	6.586964	6.101802	-5.974489	7.812641
8528	1	-10.935232	6.108545	4.201035	-8.465628	5.461636
8549	1	-13.496317	5.560416	6.592400	-2.978690	7.207148
8553	1	-5.963806	8.213603	5.306997	-4.638870	6.579505
8592	1	-10.938183	7.887124	9.172219	-1.347187	8.993376
8599	1	-6.762487	3.625639	-8.252404	0.555038	7.450490
8604	1	8.092320	2.417696	-14.342618	7.203296	-11.175201
8634	1	5.963863	1.957066	-16.146295	7.504482	-9.397339
8641	1	7.390623	-4.072786	-14.985497	7.348064	-12.411170
8647	1	6.995772	1.342639	-22.864252	8.479542	-12.258288
8678	1	6.647903	0.023702	-17.702872	7.256763	-9.494360
8695	1	-8.010036	7.910862	6.862344	-6.310310	7.099443
8697	1	-8.642024	9.455473	6.155922	-5.604814	9.259290
8698	1	-5.627768	6.778846	6.336837	-7.486118	5.979672
8702	1	6.799564	0.081547	-17.512463	7.247090	-12.685942
8715	1	-8.793192	5.763679	7.985706	-8.483616	9.318039
8734	1	6.748705	-0.552109	-15.175431	7.876043	-12.560771
8741	1	6.040975	4.502124	-11.330175	6.579240	-14.322040
8748	1	-10.436053	4.648238	4.761728	-7.539689	8.160692
8750	1	7.380906	1.291702	-16.154491	8.728552	-7.105816
8755	1	-9.668093	9.166109	6.975961	-4.658463	6.509495
8764	1	-9.241892	6.716210	6.990826	-6.270242	7.991055
8777	1	-8.322102	6.391864	9.564217	-6.584444	8.774387
8794	1	5.616002	1.234368	-17.352833	8.703491	-12.465766
8817	1	6.445029	1.586317	-14.482785	6.631843	-7.114712
8825	1	8.235540	-0.061522	-11.269621	8.216177	-11.345217
8832	1	5.810551	-0.925344	-15.546416	6.019127	-12.741679
8840	1	6.112251	1.668140	-10.567125	9.658940	-11.002399
8845	1	7.795728	0.005141	-13.957127	6.522400	-17.811413
8849	1	-10.372825	7.996046	7.711431	-7.976673	9.004281
8868	1	5.369795	1.125355	-12.973659	5.710061	-13.029862
8893	1	7.990543	-3.293627	-9.275960	4.026495	-13.678099
8894	1	-15.206080	3.939404	6.473506	-7.122500	7.020945
8910	1	6.411903	3.372339	-14.528465	8.843339	-14.158729
8912	1	8.073543	3.631639	-18.125067	6.024859	-12.532744
8927	1	-9.678935	2.925574	3.402895	-5.521467	6.402890
8939	1	-13.937640	3.553765	4.835677	-2.729554	7.892541
8945	1	-8.278248	6.778334	5.261048	-8.494752	8.527127
8955	1	-7.863988	6.111539	5.909615	-4.600650	6.625495
8974	1	5.160927	2.752440	-7.969519	8.843460	-10.698229
8986	1	-9.471496	7.303644	3.376242	-5.084058	8.072058
8995	1	-12.553230	5.815926	6.880915	-8.373087	7.065477
9044	1	-9.976449	4.786253	4.904963	-6.094134	6.792064
9051	1	-15.032811	6.508986	6.662672	-2.495193	7.038069
9070	1	7.939449	1.421646	-15.019414	6.838209	-10.899120
9091	1	6.143947	0.677355	-15.441510	8.060795	-17.717949
9094	1	6.345451	0.152667	-15.706071	7.866556	-12.679838
9112	1	8.684977	4.175955	-10.085028	8.863871	-15.166553
9128	1	5.779457	3.075958	-17.545197	6.899587	-14.159041
9145	1	6.245332	-2.165198	-14.092714	6.330287	-9.909252
9147	1	7.365539	-0.317721	-17.298850	6.405416	-8.590800
9152	1	6.903530	-1.678775	-14.295699	7.724061	-8.742089
9155	1	6.139388	1.421161	-14.603055	7.759002	-9.788979
9162	1	-14.456202	7.630701	8.407787	-10.071590	6.900043
9165	1	7.421835	0.310999	-12.902033	6.508903	-11.510120
9176	1	6.119824	2.805776	-13.478848	6.071439	-10.276107
9182	1	8.374641	1.034660	-12.311604	6.517336	-15.649985
9185	1	7.945420	0.406348	-18.055635	4.901904	-16.302178
9210	1	-6.806973	5.879327	6.352902	-12.899162	6.066957
9214	1	-11.203852	8.598380	8.521559	-7.076453	7.286344
9221	1	7.999916	-1.671801	-11.489408	5.163670	-15.450014
9225	1	-12.853016	6.390280	7.316630	-5.523270	9.079415
9233	1	-10.342547	6.168128	7.311700	-3.648102	8.406494
9247	1	-11.595457	7.065355	7.343011	-2.417335	7.420707
9279	1	8.039932	1.614995	-14.970331	7.196631	-11.387063
9284	1	8.676797	2.963306	-16.752793	6.750579	-15.088806
9297	1	-13.590861	7.596442	8.271720	-6.142672	7.644811
9304	1	7.626180	-3.029155	-17.455331	9.146791	-8.834306
9308	1	-5.306690	4.253081	-14.724375	6.458653	-7.521768
9346	1	6.343605	2.867173	-11.032962	7.876751	-11.682483
9357	1	5.095097	2.194566	-13.756993	9.618978	-7.741428
9365	1	6.729133	2.694790	-16.378058	6.815997	-10.949621
9382	1	6.314467	7.922993	-15.057832	7.391706	-11.613013
9384	1	7.773477	1.069045	-13.837565	5.438379	-14.216883
9386	1	7.723452	0.617592	-11.890479	8.616932	-14.279504
9392	1	4.978138	0.980072	-16.113761	6.775657	-7.766204
9404	1	8.259934	-0.943054	-14.347954	6.663644	-14.441809
9412	1	6.040622	-3.185280	-18.209622	7.969644	-12.231395
9435	1	5.315495	0.503999	-14.542116	7.745531	-11.629122
9438	1	-1.659638	6.480286	7.745213	-5.508766	8.937629
9456	1	-11.551021	5.817300	9.343006	-4.716749	7.320937
9463	1	7.076709	-2.493989	-12.480504	8.954150	-12.413888
9488	1	-11.127505	7.109298	5.882738	-7.204257	7.101319
9494	1	-9.840491	6.939004	5.332865	-8.049710	9.471451
9509	1	5.375087	1.617279	-14.878240	8.397434	-11.432565
9520	1	6.776675	1.129706	-10.262692	5.981908	-12.816885
9524	1	7.150677	2.165275	-13.012912	4.985832	-7.204568
9529	1	-6.326749	6.818360	4.688388	-3.556779	8.555213
9531	1	7.919227	7.138737	-13.308475	5.845895	-17.014743
9548	1	6.104948	-2.474560	-16.656855	7.604801	-8.388039
9574	1	6.235894	0.701684	-14.422121	7.479958	-8.368563
9590	1	4.667730	1.460984	-20.544270	6.449465	-4.418599
9592	1	9.161919	0.395623	-12.407275	4.147492	-6.061454
9597	1	-8.153907	6.202640	9.185882	-6.225731	6.756360
9600	1	-13.510074	7.903654	4.553677	-5.825094	8.663279
9608	1	7.541754	0.420713	-10.747156	6.819358	-14.173357
9620	1	6.687198	1.079500	-16.735534	6.549772	-14.431647
9632	1	7.023763	0.221904	-12.853427	4.215837	-12.861431
9634	1	6.779531	1.350200	-11.346886	0.866567	-9.111994
9656	1	6.402539	2.101848	-14.145225	7.298643	-13.618035
9674	1	7.479258	0.070288	-14.414607	7.865035	-10.615480
9676	1	5.085605	3.731698	-12.376409	7.438336	-12.461759
9686	1	6.348484	4.473709	-15.055108	8.618613	-12.324514
9692	1	7.115462	1.530175	-16.091814	6.198722	-16.992899
9728	1	8.062886	1.391724	-16.430972	8.178568	-15.715037
9730	1	-4.092394	6.152318	4.488318	-3.043435	7.991945
9751	1	7.741248	-1.035542	-12.397409	7.912342	-8.734322
9767	1	5.696399	4.207103	-12.790246	7.632136	-12.555616
9785	1	8.114941	1.215023	-13.439160	6.835592	-10.095644
9798	1	5.063588	0.695166	-17.448769	5.179003	-13.154542
9816	1	-13.015113	8.491039	4.916716	-8.264593	6.641196
9826	1	-17.850725	8.434471	6.551395	-7.703310	5.386511
9829	1	6.215582	1.252288	-11.707472	5.767116	-9.538002
9833	1	-12.685748	6.164976	6.417819	-5.170716	6.286714
9836	1	-10.033343	8.874730	6.497030	-0.937936	7.893905
9871	1	-13.138918	6.700549	5.931547	-3.794171	7.629180
9877	1	8.756747	-1.477952	-17.771611	6.884925	-5.867472
9892	1	5.774434	2.817787	-14.028834	6.511156	-10.212756
9905	1	-10.423424	6.517800	9.543611	-5.331188	8.313359
9917	1	-14.459083	6.527639	7.346249	-7.197195	6.979262
9936	1	-8.426031	4.734648	6.643278	-5.296917	6.467887
9943	1	6.100930	0.256554	-11.762501	6.928750	-11.674620
9967	1	6.874465	2.680388	-18.127524	5.193810	-12.777094
9981	1	-11.665511	7.137729	7.157616	-7.541042	7.456165
9982	1	-11.075103	6.349147	7.886810	-5.848723	7.927759
